0.3
0.7
69
70.404 103.365
70.12 103.17
69.842 102.946
69.587 102.697
69.842 102.681
70.198 102.67
70.551 102.624
70.9 102.552
71.244 102.459
71.583 102.35
71.917 102.227
72.246 102.093
72.571 101.947
72.892 101.792
73.208 101.627
73.519 101.455
73.826 101.274
74.128 101.086
74.426 100.89
74.718 100.687
75.006 100.477
75.277 100.267
75.542 100.051
75.801 99.828
76.053 99.597
76.298 99.357
76.534 99.11
76.76 98.853
76.974 98.585
77.171 98.306
77.302 98.089
77.42 97.865
77.518 97.632
77.566 97.53
77.621 97.609
77.691 97.815
77.786 98.162
77.852 98.515
77.891 98.873
77.901 99.232
77.883 99.591
77.838 99.948
77.765 100.3
77.665 100.645
77.553 100.952
77.422 101.25
77.271 101.539
77.1 101.817
76.91 102.082
76.702 102.334
76.479 102.572
76.221 102.815
75.947 103.041
75.657 103.247
75.354 103.432
75.039 103.595
74.712 103.735
74.377 103.851
74.034 103.944
73.686 104.015
73.351 104.05
73.014 104.064
72.676 104.064
72.34 104.044
72 103.989
71.664 103.912
71.335 103.811
71.013 103.686
70.703 103.537
79
70.017 102.196
70.357 102.134
70.692 102.047
71.021 101.94
71.345 101.818
71.664 101.683
71.977 101.536
72.285 101.378
72.588 101.211
72.885 101.034
73.177 100.847
73.475 100.644
73.766 100.431
74.05 100.208
74.325 99.975
74.592 99.733
74.848 99.479
75.092 99.213
75.32 98.933
75.526 98.637
75.702 98.322
75.827 97.985
75.857 97.67
75.76 97.372
75.525 97.164
75.244 97.078
74.951 97.056
74.657 97.072
74.366 97.115
74.078 97.178
73.871 97.22
73.949 97.162
74.246 97.031
74.528 96.916
74.815 96.811
75.105 96.716
75.398 96.632
75.695 96.561
75.986 96.512
76.28 96.492
76.576 96.494
76.868 96.541
77.124 96.684
77.267 96.876
77.306 97.113
77.257 97.432
77.141 97.734
76.987 98.018
76.808 98.288
76.613 98.547
76.384 98.805
76.144 99.054
75.899 99.298
75.649 99.537
75.391 99.767
75.119 99.988
74.841 100.201
74.559 100.408
74.271 100.608
73.979 100.801
73.682 100.986
73.38 101.165
73.075 101.335
72.764 101.498
72.45 101.652
72.13 101.796
71.807 101.929
71.478 102.051
71.145 102.158
70.807 102.249
70.464 102.32
70.183 102.354
69.9 102.369
69.617 102.357
69.381 102.296
69.227 102.23
69.183 102.179
69.327 102.196
69.672 102.223
79
68.666 100.323
68.837 100.014
69.038 99.724
69.259 99.448
69.494 99.185
69.74 98.931
69.991 98.688
70.25 98.454
70.515 98.227
70.787 98.008
71.064 97.796
71.347 97.592
71.635 97.395
71.928 97.205
72.226 97.022
72.528 96.847
72.834 96.681
73.145 96.522
73.461 96.373
73.781 96.233
74.105 96.104
74.434 95.988
74.768 95.885
75.106 95.8
75.449 95.734
75.736 95.711
76.024 95.712
76.31 95.742
76.615 95.883
76.63 95.909
76.594 95.903
76.278 95.859
75.959 95.862
75.641 95.9
75.3 95.974
74.964 96.071
74.634 96.186
74.309 96.316
73.99 96.459
73.676 96.613
73.368 96.778
73.065 96.952
72.768 97.136
72.476 97.328
72.19 97.529
71.91 97.739
71.637 97.958
71.414 98.155
71.198 98.361
70.986 98.571
70.779 98.785
70.581 99.009
70.403 99.246
70.242 99.494
70.1 99.754
69.989 100.029
69.942 100.325
69.989 100.62
70.109 100.788
70.275 100.912
70.564 101
70.867 101.017
71.148 101.005
71.425 100.965
71.699 100.903
71.921 100.862
71.635 101.01
71.329 101.135
71.007 101.257
70.679 101.365
70.347 101.457
70.011 101.533
69.685 101.572
69.357 101.582
69.03 101.559
68.753 101.451
68.551 101.236
68.491 100.946
68.539 100.652
70
67.901 98.884
67.911 98.527
67.948 98.172
68.006 97.874
68.08 97.58
68.173 97.291
68.285 97.009
68.415 96.735
68.587 96.423
68.782 96.124
68.997 95.84
69.233 95.573
69.486 95.323
69.757 95.091
70.044 94.879
70.344 94.688
70.638 94.528
70.941 94.388
71.252 94.268
71.571 94.168
71.896 94.089
72.224 94.029
72.558 94
72.893 93.994
73.228 94.001
73.562 94.03
73.888 94.091
74.209 94.173
74.524 94.276
74.832 94.399
75.13 94.544
75.416 94.71
75.689 94.898
75.959 95.119
76.209 95.359
75.877 95.382
75.585 95.39
75.295 95.426
74.958 95.495
74.626 95.581
74.298 95.683
73.975 95.797
73.655 95.924
73.34 96.06
73.03 96.207
72.724 96.362
72.421 96.525
72.124 96.696
71.83 96.874
71.541 97.059
71.257 97.251
70.976 97.449
70.701 97.654
70.43 97.865
70.165 98.083
69.92 98.302
69.683 98.528
69.451 98.76
69.223 98.995
69.004 99.24
68.806 99.495
68.621 99.759
68.455 100.036
68.317 100.327
68.243 100.517
68.208 100.527
68.093 100.225
68.012 99.912
67.947 99.596
67.911 99.241
