0.3
1.0
191
13.008 -3.756
13.282 -3.724
13.555 -3.683
13.826 -3.633
14.095 -3.574
14.362 -3.506
14.627 -3.429
14.889 -3.343
15.148 -3.248
15.404 -3.144
15.656 -3.032
15.904 -2.912
16.148 -2.783
16.387 -2.646
16.622 -2.501
16.852 -2.349
17.077 -2.189
17.296 -2.022
17.51 -1.848
17.718 -1.667
17.92 -1.479
18.116 -1.285
18.305 -1.084
18.487 -0.877
18.663 -0.664
18.832 -0.446
18.993 -0.222
19.147 0.007
19.294 0.241
19.433 0.479
19.564 0.722
19.687 0.969
19.802 1.22
19.909 1.474
20.008 1.731
20.098 1.992
20.18 2.255
20.253 2.521
20.318 2.789
20.374 3.059
20.421 3.331
20.46 3.604
20.49 3.878
20.511 4.153
20.523 4.429
20.527 4.7
20.523 4.976
20.511 5.252
20.49 5.527
20.46 5.801
20.421 6.074
20.374 6.346
20.318 6.616
20.253 6.884
20.18 7.15
20.098 7.413
20.008 7.674
19.909 7.931
19.802 8.185
19.687 8.436
19.564 8.683
19.433 8.926
19.294 9.164
19.147 9.398
18.993 9.627
18.832 9.851
18.663 10.069
18.487 10.282
18.305 10.489
18.116 10.69
17.92 10.884
17.718 11.072
17.51 11.253
17.296 11.427
17.077 11.594
16.852 11.754
16.622 11.906
16.387 12.051
16.148 12.188
15.904 12.317
15.656 12.437
15.404 12.549
15.148 12.653
14.889 12.748
14.627 12.834
14.362 12.911
14.095 12.979
13.826 13.038
13.555 13.088
13.282 13.129
13.008 13.161
12.733 13.183
12.457 13.196
12.181 13.2
11.907 13.196
11.633 13.183
11.36 13.161
11.088 13.129
10.817 13.088
10.547 13.038
10.279 12.979
10.013 12.911
9.75 12.835
9.489 12.75
9.231 12.656
8.977 12.554
8.726 12.443
8.479 12.324
8.236 12.197
7.997 12.062
7.763 11.919
7.534 11.768
7.31 11.61
7.091 11.445
6.878 11.273
6.671 11.094
6.47 10.908
6.275 10.716
6.084 10.515
5.9 10.308
5.723 10.095
5.553 9.876
5.39 9.652
5.234 9.422
5.086 9.188
4.946 8.949
4.814 8.705
4.69 8.457
4.574 8.205
4.466 7.95
4.366 7.691
4.275 7.429
4.192 7.164
4.118 6.897
4.052 6.628
3.995 6.357
3.947 6.084
3.908 5.809
3.877 5.533
3.855 5.256
3.842 4.979
3.838 4.702
3.842 4.425
3.855 4.148
3.877 3.871
3.908 3.595
3.947 3.32
3.995 3.047
4.052 2.776
4.118 2.507
4.192 2.24
4.275 1.975
4.366 1.713
4.466 1.454
4.574 1.199
4.69 0.947
4.814 0.699
4.946 0.455
5.086 0.216
5.234 -0.018
5.39 -0.248
5.553 -0.472
5.723 -0.691
5.9 -0.904
6.084 -1.111
6.275 -1.312
6.47 -1.504
6.671 -1.69
6.878 -1.869
7.091 -2.041
7.31 -2.206
7.534 -2.364
7.763 -2.514
7.997 -2.657
8.236 -2.792
8.479 -2.919
8.726 -3.038
8.977 -3.149
9.231 -3.251
9.489 -3.345
9.75 -3.43
10.013 -3.506
10.279 -3.574
10.547 -3.633
10.817 -3.683
11.088 -3.724
11.36 -3.756
11.633 -3.778
11.907 -3.791
12.181 -3.795
12.457 -3.791
126
12.679 -1.839
12.41 -1.811
12.142 -1.775
11.875 -1.73
11.609 -1.677
11.345 -1.616
11.083 -1.546
10.824 -1.468
10.567 -1.381
10.314 -1.285
10.064 -1.18
9.818 -1.066
9.577 -0.942
9.342 -0.808
9.113 -0.663
8.892 -0.507
8.679 -0.34
8.477 -0.16
8.287 0.033
7.737 0.638
7.564 0.848
7.405 1.069
7.266 1.303
7.153 1.55
7.066 1.808
7.001 2.072
6.953 2.34
6.918 2.61
6.892 2.881
6.859 3.425
6.834 4.513
6.836 5.87
6.859 6.408
6.88 6.676
6.909 6.944
6.946 7.211
6.992 7.476
7.049 7.739
7.118 7.999
7.2 8.255
7.298 8.506
7.414 8.749
7.55 8.981
7.708 9.199
7.889 9.398
8.093 9.574
8.317 9.722
8.558 9.841
8.812 9.931
9.073 9.995
9.338 10.04
9.83 10.103
10.056 10.123
10.282 10.114
10.477 10.006
10.643 9.852
10.85 9.682
11.076 9.538
11.327 9.445
11.592 9.407
11.86 9.401
12.396 9.415
12.952 9.446
13.23 9.433
13.497 9.358
13.726 9.202
13.9 8.986
14.027 8.739
14.154 8.512
14.326 8.317
14.53 8.155
14.753 8.02
14.987 7.905
15.228 7.804
15.473 7.714
15.721 7.632
16.219 7.479
16.462 7.387
16.695 7.272
16.911 7.128
17.103 6.953
17.268 6.753
17.407 6.534
17.524 6.302
17.624 6.062
17.71 5.817
17.785 5.568
17.85 5.307
17.902 5.043
17.944 4.777
17.976 4.51
18 4.242
18.017 3.973
18.027 3.704
18.028 3.166
18.019 2.897
18.004 2.628
17.982 2.36
17.953 2.092
17.917 1.825
17.873 1.56
17.82 1.296
17.757 1.034
17.682 0.776
17.593 0.522
17.487 0.275
17.359 0.038
17.356 0.045
17.208 -0.173
17.042 -0.378
16.86 -0.569
16.664 -0.746
16.456 -0.909
16.239 -1.058
16.013 -1.194
15.78 -1.317
15.541 -1.428
15.296 -1.527
15.047 -1.614
14.794 -1.689
14.538 -1.751
14.279 -1.801
14.018 -1.838
13.755 -1.862
13.491 -1.871
13.22 -1.869
