0.3
0.7
108
32.732 1023.98
32.891 1023.85
33.336 1022.79
33.668 1021.97
34.056 1021
33.43 1021
33.127 1020.96
32.993 1020.83
32.975 1020.66
33.336 1019.79
33.644 1019.03
34.056 1018
33.43 1018
33.127 1017.96
32.993 1017.83
32.975 1017.66
33.336 1016.79
33.644 1016.03
34.056 1015
33.43 1015
33.127 1014.96
32.993 1014.83
32.975 1014.66
33.336 1013.79
33.644 1013.03
34.056 1012
33.29 1012
33.289 1006.37
33.317 1005.83
33.417 1005.25
33.58 1004.71
33.795 1004.24
34.063 1003.8
34.396 1003.39
34.773 1003.03
35.25 1002.68
35.728 1002.4
36.201 1002.2
36.707 1002.03
37.205 1001.91
37.8 1001.84
39.968 1001.82
59 1001.82
60 1000.79
60 987.212
59.249 986.44
59 986.184
58.253 986.184
57.685 986.155
57.184 986.083
56.67 985.962
56.159 985.788
55.677 985.568
55.223 985.302
54.807 984.994
54.405 984.613
54.063 984.194
53.795 983.761
53.589 983.305
53.423 982.773
53.324 982.217
53.29 981.656
53.289 976.405
53.29 976
54.056 976
53.819 975.399
53.337 974.212
52.987 973.376
52.98 973.205
53.105 973.051
53.337 973
54.056 973
53.819 972.399
53.337 971.212
52.987 970.376
52.98 970.205
53.105 970.051
53.337 970
54.056 970
53.819 969.399
53.337 968.212
52.987 967.376
52.98 967.205
53.105 967.051
53.337 967
54.056 967
53.819 966.398
52.945 964.272
52.818 964.072
52.598 964
51.944 964
51.549 964.031
51.365 964.153
51.315 964.28
51.314 989.299
52.821 989.298
56 989.301
56.556 989.895
57 990.381
57 997.619
56.558 998.103
56 998.699
54.064 998.699
31.315 998.702
31.315 1023.72
31.39 1023.87
31.612 1023.99
32.248 1024
97
19.6 989.3
28.685 989.298
28.685 964.28
28.61 964.127
28.388 964.014
27.752 964
27.268 964.025
27.109 964.153
26.664 965.212
26.332 966.029
25.944 967
26.57 967
26.873 967.037
27.007 967.171
27.025 967.34
26.664 968.211
26.356 968.969
25.944 970
26.57 970
26.873 970.037
27.007 970.171
27.025 970.34
26.664 971.211
26.356 971.969
25.944 973
26.57 973
26.873 973.037
27.007 973.171
27.025 973.34
26.664 974.211
26.356 974.969
25.944 976
26.71 976
26.711 981.63
26.683 982.167
26.583 982.75
26.42 983.289
26.205 983.76
25.937 984.195
25.604 984.607
25.227 984.967
24.75 985.32
24.272 985.595
23.799 985.804
23.293 985.972
22.795 986.087
22.2 986.165
18.253 986.184
17.685 986.155
17.184 986.083
16.67 985.962
16.159 985.788
15.677 985.568
15.223 985.302
14.807 984.994
14.405 984.613
14.063 984.194
13.795 983.761
13.589 983.305
13.423 982.773
13.324 982.217
13.29 981.656
13.289 976.405
13.29 976
14.056 976
13.819 975.399
13.337 974.212
12.987 973.376
12.984 973.192
13.105 973.051
13.337 973
14.056 973
13.819 972.399
13.337 971.212
12.987 970.376
12.984 970.192
13.105 970.051
13.337 970
14.056 970
13.819 969.399
13.337 968.212
12.987 967.376
12.984 967.192
13.105 967.051
13.337 967
14.056 967
13.819 966.398
12.945 964.272
12.807 964.064
12.597 964
11.944 964
11.549 964.031
11.365 964.153
11.315 964.28
11.314 989.299
12.319 989.298
14.4 989.301
109
28.45 1023.97
28.635 1023.85
28.685 1023.72
28.686 998.701
27.43 998.702
17.664 998.699
12.464 998.699
4 998.7
3.444 998.105
3 997.619
3 990.381
3.442 989.897
4 989.301
8.685 989.298
8.685 964.28
8.61 964.127
8.388 964.014
7.752 964
7.263 964.026
7.109 964.153
6.664 965.212
6.332 966.029
5.944 967
6.57 967
6.859 967.03
7.007 967.171
7.025 967.34
6.664 968.211
6.356 968.969
5.944 970
6.57 970
6.859 970.03
7.007 970.171
7.025 970.34
6.664 971.211
6.356 971.969
5.944 973
6.57 973
6.859 973.03
7.007 973.171
7.025 973.34
6.664 974.211
6.356 974.969
5.944 976
6.71 976
6.711 981.63
6.683 982.167
6.583 982.749
6.42 983.288
6.205 983.76
5.937 984.195
5.604 984.607
5.227 984.967
4.75 985.32
4.272 985.595
3.799 985.804
3.293 985.972
2.795 986.087
2.2 986.165
1.447 986.184
1 986.184
0 987.212
0 1000.79
0.751 1001.56
1 1001.82
21.747 1001.82
22.315 1001.85
22.816 1001.92
23.33 1002.04
23.841 1002.21
24.323 1002.43
24.777 1002.7
25.192 1003
25.595 1003.39
25.937 1003.81
26.205 1004.24
26.419 1004.71
26.577 1005.23
26.676 1005.78
26.71 1006.34
26.711 1011.6
26.71 1012
25.944 1012
26.181 1012.6
26.663 1013.79
27.013 1014.62
27.02 1014.79
26.895 1014.95
26.663 1015
25.944 1015
26.181 1015.6
26.663 1016.79
27.013 1017.62
27.02 1017.79
26.895 1017.95
26.663 1018
25.944 1018
26.181 1018.6
26.663 1019.79
27.013 1020.62
27.02 1020.79
26.895 1020.95
26.663 1021
25.944 1021
26.181 1021.6
27.055 1023.73
27.187 1023.93
27.402 1024
28.056 1024
96
48.685 989.298
48.685 964.28
48.613 964.128
48.388 964.014
47.752 964
47.253 964.031
47.109 964.153
46.664 965.212
46.332 966.029
45.944 967
46.57 967
46.873 967.037
47.005 967.167
47.025 967.34
46.664 968.211
46.356 968.969
45.944 970
46.57 970
46.873 970.037
47.005 970.167
47.025 970.34
46.664 971.211
46.356 971.969
45.944 973
46.57 973
46.873 973.037
47.005 973.167
47.025 973.34
46.664 974.211
46.356 974.969
45.944 976
46.71 976
46.711 981.63
46.683 982.167
46.583 982.749
46.42 983.288
46.205 983.76
45.937 984.195
45.604 984.607
45.227 984.967
44.75 985.32
44.272 985.595
43.799 985.804
43.293 985.972
42.795 986.087
42.2 986.165
38.253 986.184
37.685 986.155
37.184 986.083
36.67 985.962
36.159 985.788
35.677 985.568
35.223 985.302
34.808 984.995
34.405 984.613
34.063 984.194
33.795 983.76
33.581 983.287
33.423 982.773
33.324 982.217
33.29 981.656
33.289 976.405
33.29 976
34.056 976
33.819 975.399
33.337 974.212
32.987 973.376
32.98 973.205
33.105 973.051
33.337 973
34.056 973
33.819 972.399
33.337 971.212
32.987 970.376
32.98 970.205
33.105 970.051
33.337 970
34.056 970
33.819 969.399
33.337 968.212
32.987 967.376
32.98 967.205
33.105 967.051
33.337 967
34.056 967
33.819 966.398
32.945 964.272
32.813 964.068
32.598 964
31.944 964
31.55 964.032
31.365 964.153
31.315 964.28
31.314 989.299
32.57 989.298
37.136 989.301
