0.3
0.7
405
31.851 1023.94
32.01 1023.82
32.432 1023.09
32.701 1022.58
33 1021.99
33.296 1021.38
33.471 1021
32.784 1021
32.327 1020.97
32.136 1020.83
32.105 1020.68
32.432 1020.09
32.701 1019.59
33 1018.99
33.292 1018.39
33.471 1018
32.784 1018
32.327 1017.97
32.136 1017.83
32.105 1017.68
32.432 1017.09
32.701 1016.59
33 1015.99
33.292 1015.39
33.471 1015
32.784 1015
32.327 1014.97
32.136 1014.83
32.105 1014.68
32.432 1014.09
32.701 1013.59
33 1012.99
33.292 1012.39
33.471 1012
32.534 1012
32.534 1005.35
32.567 1004.82
32.698 1004.23
32.915 1003.71
33.259 1003.21
33.693 1002.77
34.134 1002.45
34.581 1002.19
35.087 1001.97
35.663 1001.78
36.235 1001.65
36.795 1001.57
37.311 1001.53
37.985 1001.53
59 1001.53
59.465 1001.03
60 1000.46
60 987.544
59.466 986.967
59 986.473
57.67 986.471
57.17 986.462
56.623 986.414
56.081 986.321
55.519 986.178
55.028 986.006
54.482 985.754
54.022 985.479
53.582 985.129
53.169 984.68
52.886 984.232
52.682 983.718
52.571 983.199
52.534 982.656
52.534 976
53.471 976
53.083 975.179
52.829 974.67
52.595 974.217
52.188 973.475
52.1 973.28
52.171 973.13
52.402 973.014
53 973
53.471 973
53.083 972.179
52.829 971.67
52.595 971.217
52.188 970.475
52.1 970.28
52.171 970.13
52.402 970.014
53 970
53.471 970
53.083 969.179
52.829 968.67
52.595 968.217
52.188 967.475
52.1 967.28
52.171 967.13
52.402 967.014
53 967
53.471 967
53.077 966.167
52.819 965.651
52.583 965.194
52.187 964.476
51.921 964.095
51.617 964.003
48.441 964
48.13 964.066
47.99 964.184
47.568 964.911
47.299 965.416
47 966.007
46.704 966.623
46.529 967
47.216 967
47.661 967.031
47.859 967.16
47.9 967.295
47.299 968.415
47 969.007
46.708 969.614
46.529 970
47.216 970
47.661 970.031
47.859 970.16
47.9 970.295
47.299 971.415
47 972.007
46.708 972.614
46.529 973
47.216 973
47.661 973.031
47.859 973.16
47.9 973.295
47.299 974.415
47 975.007
46.708 975.614
46.529 976
47.466 976
47.466 982.655
47.433 983.178
47.302 983.775
47.085 984.288
46.741 984.793
46.306 985.226
45.866 985.55
45.419 985.806
44.913 986.029
44.337 986.219
43.765 986.354
43.205 986.434
42.688 986.467
41.702 986.47
37.516 986.471
36.948 986.448
36.412 986.382
35.869 986.274
35.351 986.124
34.878 985.944
34.386 985.704
33.937 985.418
33.488 985.043
33.148 984.649
32.868 984.196
32.682 983.718
32.57 983.203
32.534 982.656
32.534 976
33.471 976
33.083 975.179
32.829 974.67
32.595 974.217
32.188 973.475
32.1 973.28
32.171 973.13
32.402 973.014
33 973
33.471 973
33.083 972.179
32.829 971.67
32.595 971.217
32.188 970.475
32.1 970.28
32.171 970.13
32.402 970.014
33 970
33.471 970
33.083 969.179
32.829 968.67
32.595 968.217
32.188 967.475
32.1 967.28
32.171 967.13
32.402 967.014
33 967
33.471 967
33.077 966.167
32.819 965.651
32.583 965.194
32.187 964.476
31.951 964.115
31.68 964.012
31.17 964
28.469 964
28.149 964.058
27.99 964.184
27.568 964.911
27.299 965.416
27 966.007
26.704 966.623
26.529 967
27.216 967
27.673 967.034
27.864 967.169
27.895 967.322
27.568 967.909
27.299 968.415
27 969.007
26.708 969.614
26.529 970
27.216 970
27.673 970.034
27.864 970.169
27.895 970.322
27.568 970.909
27.299 971.415
27 972.007
26.708 972.614
26.529 973
27.216 973
27.673 973.034
27.864 973.169
27.895 973.322
27.568 973.909
27.299 974.415
27 975.007
26.708 975.614
26.529 976
27.466 976
27.466 982.655
27.433 983.178
27.302 983.775
27.085 984.288
26.741 984.793
26.307 985.226
25.866 985.55
25.419 985.806
24.913 986.029
24.337 986.219
23.765 986.353
23.205 986.434
22.689 986.467
17.537 986.47
17.026 986.453
16.517 986.399
15.966 986.297
15.404 986.142
14.885 985.947
14.386 985.704
13.937 985.418
13.488 985.043
13.147 984.649
12.868 984.196
12.682 983.718
12.571 983.199
12.534 982.656
12.534 976
13.471 976
13.083 975.179
12.829 974.67
12.595 974.217
12.188 973.475
12.1 973.28
12.174 973.127
12.402 973.014
13 973
13.471 973
13.083 972.179
12.829 971.67
12.595 971.217
12.188 970.475
12.1 970.28
12.174 970.127
12.402 970.014
13 970
13.471 970
13.083 969.179
12.829 968.67
12.595 968.217
12.188 967.475
12.1 967.28
12.174 967.127
12.402 967.014
13 967
13.471 967
13.077 966.167
12.819 965.651
12.583 965.194
12.187 964.476
11.951 964.115
11.699 964.014
11.17 964
8.469 964
8.14 964.062
7.99 964.184
7.568 964.911
7.299 965.416
7 966.007
6.704 966.623
6.529 967
7.216 967
7.668 967.034
7.862 967.166
7.895 967.322
7.568 967.909
7.299 968.415
7 969.007
6.708 969.614
6.529 970
7.216 970
7.668 970.034
7.862 970.166
7.895 970.322
7.568 970.909
7.299 971.415
7 972.007
6.708 972.614
6.529 973
7.216 973
7.668 973.034
7.862 973.166
7.895 973.322
7.568 973.909
7.299 974.415
7 975.007
6.708 975.614
6.529 976
7.466 976
7.466 982.655
7.433 983.178
7.302 983.775
7.085 984.288
6.741 984.793
6.306 985.226
5.866 985.55
5.419 985.806
4.913 986.029
4.337 986.219
3.765 986.354
3.205 986.434
2.688 986.467
1 986.473
0 987.544
0 1000.46
0.534 1001.03
1 1001.53
22.594 1001.53
23.136 1001.56
23.694 1001.63
24.263 1001.76
24.805 1001.93
25.276 1002.12
25.742 1002.37
26.177 1002.67
26.599 1003.05
26.914 1003.44
27.177 1003.9
27.345 1004.37
27.437 1004.87
27.466 1007.02
27.466 1012
26.529 1012
26.917 1012.82
27.171 1013.33
27.405 1013.78
27.812 1014.52
27.9 1014.72
27.829 1014.87
27.598 1014.99
27 1015
26.529 1015
26.917 1015.82
27.171 1016.33
27.405 1016.78
27.812 1017.52
27.9 1017.72
27.829 1017.87
27.598 1017.99
27 1018
26.529 1018
26.917 1018.82
27.171 1019.33
27.405 1019.78
27.812 1020.52
27.9 1020.72
27.829 1020.87
27.598 1020.99
27 1021
26.529 1021
26.923 1021.83
27.181 1022.35
27.417 1022.81
27.813 1023.52
28.049 1023.88
28.32 1023.99
28.83 1024
31.531 1024
17
3.595 997.717
3.221 997.243
3 996.951
3 991.049
3.434 990.485
3.938 989.866
4 989.794
56 989.793
56.405 990.283
56.779 990.757
57 991.049
57 996.951
56.566 997.515
56.062 998.134
56 998.206
55.465 998.206
4 998.207
