0.3
0.7
393
31.678 1023.99
31.925 1023.9
32.185 1023.53
32.583 1022.81
32.819 1022.35
33.077 1021.83
33.333 1021.3
33.472 1021
32.783 1021
32.335 1020.97
32.138 1020.83
32.104 1020.69
32.699 1019.59
32.998 1019
33.333 1018.3
33.472 1018
32.783 1018
32.335 1017.97
32.138 1017.83
32.104 1017.69
32.699 1016.59
32.998 1016
33.333 1015.3
33.472 1015
32.783 1015
32.335 1014.97
32.138 1014.83
32.104 1014.69
32.699 1013.59
32.998 1013
33.333 1012.3
33.472 1012
32.535 1012
32.536 1005.35
32.566 1004.82
32.698 1004.23
32.934 1003.68
33.235 1003.24
33.605 1002.85
34.011 1002.53
34.442 1002.27
34.901 1002.04
35.407 1001.86
35.95 1001.71
36.445 1001.61
36.977 1001.55
37.516 1001.53
59 1001.53
59.466 1001.03
60 1000.46
60 987.544
59.467 986.968
59 986.472
57.661 986.47
57.157 986.459
56.545 986.403
56.05 986.315
55.518 986.179
55.027 986.008
54.443 985.734
53.971 985.441
53.576 985.124
53.228 984.754
52.934 984.321
52.726 983.855
52.592 983.339
52.539 982.832
52.534 976
53.472 976
52.998 975.005
52.699 974.413
52.43 973.907
52.128 973.376
52.108 973.227
52.23 973.082
52.488 973.002
52.999 973
53.472 973
52.998 972.005
52.699 971.413
52.43 970.907
52.128 970.376
52.108 970.227
52.23 970.082
52.488 970.002
52.999 970
53.472 970
52.998 969.005
52.699 968.413
52.43 967.907
52.128 967.376
52.108 967.227
52.23 967.082
52.488 967.002
52.999 967
53.472 967
52.998 966.005
52.699 965.414
52.43 964.909
52.011 964.184
51.841 964.053
51.533 964
48.832 964
48.322 964.011
48.075 964.096
47.815 964.474
47.417 965.194
47.181 965.651
46.923 966.167
46.667 966.7
46.528 967
47.217 967
47.661 967.031
47.862 967.166
47.896 967.309
47.301 968.413
47.002 969.005
46.667 969.7
46.528 970
47.217 970
47.661 970.031
47.862 970.166
47.896 970.309
47.301 971.413
47.002 972.005
46.667 972.7
46.528 973
47.217 973
47.661 973.031
47.862 973.166
47.896 973.309
47.301 974.413
47.002 975.005
46.667 975.7
46.528 976
47.465 976
47.464 982.653
47.434 983.178
47.302 983.768
47.066 984.317
46.765 984.76
46.395 985.149
45.945 985.501
45.452 985.789
44.985 986.001
44.482 986.179
43.951 986.316
43.453 986.402
42.913 986.455
41.742 986.469
37.517 986.47
36.916 986.443
36.39 986.379
35.869 986.275
35.353 986.126
34.875 985.943
34.308 985.66
33.823 985.333
33.356 984.9
33.042 984.498
32.774 983.984
32.622 983.496
32.544 982.934
32.534 979.812
32.534 976
33.472 976
32.998 975.005
32.699 974.413
32.43 973.907
32.128 973.376
32.108 973.227
32.247 973.072
32.529 973
33.472 973
32.998 972.005
32.699 971.413
32.43 970.907
32.128 970.376
32.108 970.227
32.247 970.072
32.529 970
33.472 970
32.998 969.005
32.699 968.413
32.43 967.907
32.128 967.376
32.108 967.227
32.247 967.072
32.529 967
33.472 967
32.998 966.005
32.699 965.414
32.43 964.909
32.011 964.184
31.841 964.053
31.533 964
28.832 964
28.322 964.011
28.075 964.096
27.815 964.474
27.417 965.194
27.181 965.651
26.923 966.167
26.667 966.7
26.528 967
27.217 967
27.665 967.033
27.862 967.166
27.896 967.309
27.301 968.413
27.002 969.005
26.667 969.7
26.528 970
27.217 970
27.665 970.033
27.862 970.166
27.896 970.309
27.301 971.413
27.002 972.005
26.667 972.7
26.528 973
27.217 973
27.665 973.033
27.862 973.166
27.896 973.309
27.301 974.413
27.002 975.005
26.667 975.7
26.528 976
27.465 976
27.464 982.653
27.434 983.178
27.302 983.769
27.066 984.317
26.765 984.761
26.395 985.149
25.989 985.47
25.558 985.734
25.099 985.955
24.593 986.143
24.05 986.292
23.555 986.386
23.023 986.449
22.484 986.47
17.535 986.469
17.024 986.452
16.446 986.386
15.908 986.284
15.353 986.126
14.875 985.943
14.308 985.66
13.823 985.333
13.355 984.901
13.042 984.498
12.774 983.984
12.622 983.496
12.544 982.934
12.534 979.812
12.534 976
13.472 976
12.998 975.005
12.699 974.413
12.43 973.907
12.128 973.376
12.107 973.232
12.231 973.082
12.493 973.002
12.999 973
13.472 973
12.998 972.005
12.699 971.413
12.43 970.907
12.128 970.376
12.107 970.232
12.231 970.082
12.493 970.002
12.999 970
13.472 970
12.998 969.005
12.699 968.413
12.43 967.907
12.128 967.376
12.107 967.232
12.231 967.082
12.493 967.002
12.999 967
13.472 967
12.998 966.005
12.699 965.414
12.43 964.909
12.011 964.184
11.841 964.053
11.533 964
8.832 964
8.31 964.013
8.047 964.115
7.636 964.792
7.301 965.414
7.002 966.005
6.667 966.7
6.528 967
7.217 967
7.667 967.033
7.862 967.166
7.896 967.309
7.301 968.413
7.002 969.005
6.667 969.7
6.528 970
7.217 970
7.667 970.033
7.862 970.166
7.896 970.309
7.301 971.413
7.002 972.005
6.667 972.7
6.528 973
7.217 973
7.667 973.033
7.862 973.166
7.896 973.309
7.301 974.413
7.002 975.005
6.667 975.7
6.528 976
7.465 976
7.464 982.653
7.434 983.178
7.302 983.768
7.066 984.317
6.765 984.76
6.395 985.149
5.945 985.501
5.452 985.789
4.985 986.001
4.482 986.179
3.951 986.316
3.453 986.402
2.913 986.455
2.341 986.469
1 986.472
0.534 986.967
0 987.543
0 1000.46
0.533 1001.03
1 1001.53
5.782 1001.53
22.647 1001.53
23.243 1001.57
23.762 1001.65
24.308 1001.77
24.814 1001.93
25.355 1002.16
25.821 1002.42
26.305 1002.77
26.742 1003.21
27.038 1003.63
27.274 1004.14
27.408 1004.66
27.461 1005.17
27.466 1012
26.528 1012
27.002 1013
27.301 1013.59
27.57 1014.09
27.872 1014.62
27.892 1014.77
27.753 1014.93
27.471 1015
26.528 1015
27.002 1016
27.301 1016.59
27.57 1017.09
27.872 1017.62
27.892 1017.77
27.753 1017.93
27.471 1018
26.528 1018
27.002 1019
27.301 1019.59
27.57 1020.09
27.872 1020.62
27.892 1020.77
27.753 1020.93
27.471 1021
26.528 1021
27.002 1022
27.301 1022.59
27.57 1023.09
27.989 1023.82
28.159 1023.95
28.467 1024
31.168 1024
16
4 998.207
3.593 997.715
3.049 997.018
3 996.952
3 991.049
3.438 990.479
3.957 989.843
4 989.793
56 989.793
56.407 990.285
56.951 990.982
57 991.048
57 996.951
56.562 997.521
56.043 998.157
56 998.207
