0.3
0.7
41
29.812 1020.22
30.185 1020
30.461 1019.67
30.589 1019.35
30.626 1019.05
30.626 1018.31
29.114 1018.31
28.95 1018.34
28.95 1018.63
23.674 1018.63
23.559 1018.83
21.942 1018.83
21.827 1018.63
1 1018.63
1 997.29
22.327 997.29
22.442 997.089
24.059 997.089
24.174 997.29
28.95 997.29
28.95 998.847
30.626 998.847
30.626 996.865
30.547 996.428
30.328 996.055
29.994 995.779
29.674 995.651
29.376 995.615
1.25 995.615
0.814 995.693
0.441 995.912
0.165 996.246
0.037 996.566
0 997.267
0 1019.05
0.079 1019.49
0.298 1019.86
0.632 1020.14
0.952 1020.27
1.25 1020.3
29.376 1020.3
4
30.626 1001.91
28.95 1001.91
28.95 1004.16
30.626 1004.16
4
30.626 1007.91
28.95 1007.91
28.95 1013.63
30.626 1013.63
