0.3
0.7
70
0.912 1022.99
0.885 1021.52
0.887 1020.99
0.986 1020.56
1.185 1020.24
1.471 1019.99
1.818 1019.84
2.135 1019.8
7.735 1019.8
8.131 1019.73
8.467 1019.56
8.737 1019.3
8.914 1018.96
8.985 1018.55
8.985 1017.05
13.035 1017.05
13.037 1018.61
13.124 1019.01
13.353 1019.38
13.644 1019.62
14.119 1019.79
18.185 1019.8
20.025 1019.8
20.395 1019.86
20.735 1020.02
21.01 1020.28
21.195 1020.61
21.273 1020.99
21.275 1022.05
21.217 1023.53
21.19 1024
22.16 1024
22.075 1022.52
22.075 1021.83
22.069 1021.32
21.974 1020.8
21.769 1020.3
21.464 1019.86
21.073 1019.5
20.614 1019.23
20.106 1019.06
19.575 1019
14.26 1019
13.96 1018.92
13.746 1018.73
13.645 1018.48
13.635 1016.85
13.545 1016.55
13.363 1016.36
13.117 1016.26
9.01 1016.25
8.71 1016.33
8.496 1016.52
8.395 1016.77
8.385 1018.4
8.295 1018.7
8.113 1018.89
7.867 1018.99
2.585 1019
2.054 1019.06
1.546 1019.23
1.087 1019.5
0.696 1019.86
0.391 1020.3
0.186 1020.8
0.091 1021.32
0.085 1022.19
0.027 1023.52
0 1024
0.97 1024
