0.3
0.7
19
1.025 998.599
1.025 996.642
29.6 996.642
29.6 997.189
30.626 997.189
30.608 996.659
30.508 996.34
30.271 995.997
30.008 995.79
29.618 995.642
27.351 995.618
1.25 995.618
0.864 995.679
0.494 995.873
0.257 996.11
0.063 996.479
0 996.868
0 998.642
0.997 998.642
4
1.025 1002.64
0 1002.64
0 1009.99
1.025 1009.99
19
29.762 1020.24
30.132 1020.05
30.369 1019.81
30.573 1019.41
30.626 1019.05
30.626 1018.63
29.6 1018.63
29.6 1019.28
1.025 1019.28
1.025 1015.11
0 1015.11
0 1018.9
0.024 1019.3
0.172 1019.69
0.379 1019.95
0.722 1020.19
1.041 1020.29
3.165 1020.3
29.376 1020.3
