0.3
0.7
18
1.025 996.642
29.6 996.642
29.6 997.189
30.626 997.189
30.607 996.661
30.515 996.354
30.259 995.984
29.889 995.728
29.451 995.62
26.479 995.618
1.25 995.618
0.879 995.674
0.48 995.884
0.181 996.221
0.021 996.642
0 997.734
0 998.642
1.025 998.642
4
1.025 1002.64
0 1002.64
0 1009.99
1.025 1009.99
18
29.747 1020.25
30.13 1020.05
30.359 1019.83
30.569 1019.43
30.626 1019.05
30.626 1018.63
29.6 1018.63
29.6 1019.28
1.025 1019.28
1.025 1015.11
0 1015.11
0 1018.83
0.021 1019.28
0.181 1019.7
0.48 1020.04
0.879 1020.25
1.25 1020.3
29.376 1020.3
