0.3
0.7
28
29.799 1020.23
30.169 1020.02
30.446 1019.7
30.6 1019.3
30.626 1014.46
30.626 1012.58
5.125 1012.58
5.125 1003.34
30.626 1003.34
30.621 996.76
30.514 996.348
30.274 995.997
29.931 995.745
29.523 995.624
27.717 995.615
1.25 995.615
0.827 995.689
0.457 995.899
0.18 996.221
0.026 996.617
0 997.13
0 1018.73
0.025 1019.3
0.179 1019.69
0.456 1020.02
0.826 1020.23
1.25 1020.3
29.376 1020.3
9
22.428 999.915
21.62 998.516
21.605 998.49
22.413 997.09
22.428 997.064
24.073 997.064
24.896 998.49
24.088 999.889
24.073 999.915
9
2.053 1001.91
1.23 1000.49
2.038 999.09
2.053 999.064
3.698 999.064
4.506 1000.46
4.521 1000.49
3.713 1001.89
3.698 1001.91
9
2.053 1012.91
1.245 1011.52
1.23 1011.49
2.038 1010.09
2.053 1010.06
3.698 1010.06
4.521 1011.49
3.713 1012.89
3.698 1012.91
9
21.928 1018.85
21.12 1017.45
21.105 1017.43
21.913 1016.03
21.928 1016
23.573 1016
24.396 1017.43
23.588 1018.83
23.573 1018.85
