0.3
0.7
114
12.239 1020.25
12.528 1020.26
12.527 1020.3
12.566 1020.3
12.579 1020.25
12.864 1020.26
12.864 1020.3
13.669 1020.3
13.669 1020.25
13.973 1020.25
13.973 1020.3
16.507 1020.3
16.507 1020.25
16.81 1020.25
16.81 1020.3
19.105 1020.3
19.105 1020.25
19.408 1020.27
19.408 1020.3
21.391 1020.3
21.604 1020.3
21.604 1020.25
21.923 1020.28
21.923 1020.3
22.534 1020.3
23.028 1020.28
23.028 1020.25
23.347 1020.26
23.347 1020.3
29.376 1020.3
29.753 1020.25
30.146 1020.04
30.445 1019.7
30.606 1019.27
30.626 1018.54
30.626 1018.43
29.951 1018.43
29.951 997.493
30.626 997.493
30.626 996.975
30.569 996.495
30.359 996.097
30.022 995.798
29.601 995.638
26.45 995.618
23.81 995.618
23.79 995.668
23.492 995.665
23.492 995.618
22.248 995.618
22.248 995.668
21.93 995.667
21.915 995.618
21.013 995.618
21.013 995.668
20.462 995.668
20.038 995.651
20.039 995.618
19.393 995.618
19.003 995.629
19.003 995.668
17.335 995.668
17.265 995.667
17.265 995.618
16.932 995.629
16.932 995.668
15.273 995.668
15.03 995.657
15.03 995.618
14.221 995.618
13.951 995.62
13.921 995.668
13.584 995.664
13.583 995.618
12.265 995.618
12.219 995.622
12.22 995.668
11.834 995.666
11.835 995.618
11.715 995.629
11.715 995.668
10.056 995.668
9.813 995.657
9.813 995.618
9.434 995.619
9.426 995.668
9.116 995.667
9.099 995.618
8.157 995.618
8.157 995.668
7.606 995.668
7.182 995.651
7.183 995.618
1.25 995.618
0.873 995.676
0.475 995.888
0.178 996.227
0.02 996.648
0 997.468
0 1019.05
0.059 1019.43
0.271 1019.83
0.61 1020.13
1.031 1020.29
10.407 1020.3
10.806 1020.3
10.806 1020.25
11.125 1020.26
11.125 1020.3
11.164 1020.3
11.186 1020.25
11.432 1020.27
11.433 1020.3
12.239 1020.3
9
28.751 1018.63
28.751 1018.43
1.875 1018.43
1.875 997.493
28.751 997.493
28.751 997.189
29.615 997.189
29.625 1001.06
29.625 1018.63
