0.3
0.7
71
0.911 1022.97
0.885 1021.49
0.887 1020.99
0.974 1020.59
1.198 1020.22
1.489 1019.98
1.838 1019.84
2.135 1019.8
7.735 1019.8
8.149 1019.73
8.525 1019.52
8.779 1019.24
8.937 1018.89
8.985 1018.55
8.985 1017.05
13.035 1017.05
13.036 1018.61
13.124 1019.01
13.316 1019.34
13.597 1019.59
13.773 1019.69
14.19 1019.8
18.293 1019.8
20.025 1019.8
20.415 1019.86
20.752 1020.03
21.023 1020.3
21.202 1020.63
21.275 1021.05
21.275 1022.08
21.216 1023.55
21.19 1024
22.16 1024
22.075 1022.52
22.075 1021.81
22.064 1021.28
21.959 1020.75
21.746 1020.26
21.433 1019.83
21.036 1019.47
20.572 1019.21
20.061 1019.05
19.575 1019
14.26 1019
13.96 1018.92
13.735 1018.71
13.643 1018.46
13.633 1016.83
13.559 1016.58
13.347 1016.35
13.098 1016.26
9.01 1016.25
8.71 1016.33
8.485 1016.54
8.393 1016.79
8.383 1018.42
8.309 1018.67
8.097 1018.9
7.848 1018.99
2.585 1019
2.054 1019.06
1.546 1019.23
1.087 1019.5
0.696 1019.86
0.391 1020.3
0.186 1020.8
0.091 1021.32
0.085 1022.21
0.026 1023.55
0 1024
0.97 1024
