0.3
0.7
73
0.885 1022.52
0.885 1021.05
0.963 1020.62
1.166 1020.26
1.447 1020.01
1.791 1019.85
2.135 1019.8
7.735 1019.8
8.104 1019.74
8.445 1019.58
8.72 1019.32
8.905 1018.99
8.985 1018.55
8.985 1017.05
13.035 1017.05
13.035 1018.55
13.092 1018.92
13.257 1019.26
13.421 1019.45
13.73 1019.67
14.091 1019.78
15.872 1019.8
20.025 1019.8
20.456 1019.88
20.815 1020.08
21.069 1020.36
21.227 1020.71
21.275 1021.05
21.275 1022.52
21.19 1024
22.16 1024
22.099 1022.92
22.075 1022.24
22.075 1021.5
22.024 1021
21.862 1020.49
21.595 1020.03
21.236 1019.63
20.801 1019.32
20.31 1019.11
19.786 1019.01
18.142 1019
14.26 1019
13.96 1018.92
13.76 1018.75
13.649 1018.51
13.635 1017.97
13.635 1016.88
13.559 1016.58
13.385 1016.38
13.143 1016.26
11.931 1016.25
9.01 1016.25
8.71 1016.33
8.51 1016.5
8.399 1016.74
8.385 1017.28
8.385 1018.38
8.309 1018.67
8.135 1018.88
7.893 1018.99
6.365 1019
2.585 1019
2.086 1019.05
1.576 1019.21
1.114 1019.48
0.718 1019.84
0.408 1020.27
0.197 1020.76
0.095 1021.29
0.085 1022.52
0 1024
0.97 1024
