0.3
0.7
28
29.802 1020.23
30.172 1020.01
30.449 1019.69
30.601 1019.29
30.626 1012.63
5.125 1012.63
5.125 1003.29
30.626 1003.29
30.626 996.865
30.55 996.438
30.338 996.068
30.015 995.791
29.616 995.639
27.348 995.615
1.25 995.615
0.824 995.69
0.454 995.902
0.177 996.225
0.025 996.624
0 997.156
0 1018.66
0.009 1019.2
0.132 1019.61
0.385 1019.95
0.738 1020.19
1.152 1020.3
4.45 1020.3
29.376 1020.3
13
23.096 999.1
22.824 998.953
22.655 998.694
22.622 998.47
22.696 998.19
22.906 997.962
23.198 997.862
23.504 997.913
23.748 998.103
23.872 998.386
23.846 998.694
23.677 998.953
23.405 999.1
13
2.721 1001.1
2.449 1000.95
2.28 1000.69
2.247 1000.47
2.321 1000.19
2.531 999.962
2.823 999.862
3.129 999.913
3.373 1000.1
3.497 1000.39
3.471 1000.69
3.302 1000.95
3.03 1001.1
13
2.721 1012.1
2.449 1011.95
2.28 1011.69
2.247 1011.47
2.321 1011.19
2.531 1010.96
2.823 1010.86
3.129 1010.91
3.373 1011.1
3.497 1011.39
3.471 1011.69
3.302 1011.95
3.03 1012.1
13
22.596 1018.04
22.324 1017.89
22.155 1017.63
22.122 1017.41
22.196 1017.13
22.406 1016.9
22.698 1016.8
23.004 1016.85
23.248 1017.04
23.372 1017.32
23.346 1017.63
23.177 1017.89
22.905 1018.04
