0.3
0.7
37
21.94 1021.5
21.886 1021
21.727 1020.52
21.469 1020.08
21.124 1019.71
20.709 1019.42
20.242 1019.23
19.744 1019.14
14.654 1019.13
14.129 1019.12
13.821 1019
13.607 1018.76
13.505 1018.46
13.501 1016.92
13.432 1016.66
13.247 1016.47
13.028 1016.39
9.06 1016.38
8.862 1016.42
8.646 1016.58
8.534 1016.79
8.52 1018.38
8.447 1018.7
8.257 1018.95
7.979 1019.1
7.76 1019.13
2.585 1019.13
2.081 1019.19
1.602 1019.35
1.167 1019.61
0.797 1019.95
0.509 1020.37
0.315 1020.83
0.225 1021.33
0.219 1023.66
0.218 1024
21.941 1024
