0.3
0.7
72
0.885 1022.52
0.885 1021.05
0.933 1020.71
1.091 1020.36
1.345 1020.08
1.671 1019.89
2.059 1019.8
7.735 1019.8
8.086 1019.75
8.429 1019.59
8.709 1019.33
8.898 1019.01
8.983 1018.62
8.985 1017.05
13.035 1017.05
13.035 1018.55
13.085 1018.9
13.246 1019.24
13.501 1019.52
13.713 1019.66
14.072 1019.78
17.916 1019.8
20.025 1019.8
20.369 1019.85
20.713 1020.01
20.994 1020.26
21.186 1020.59
21.272 1020.97
21.275 1022.52
21.19 1024
22.16 1024
22.075 1022.52
22.072 1021.38
21.979 1020.82
21.779 1020.32
21.478 1019.88
21.09 1019.51
20.634 1019.24
20.128 1019.06
19.575 1019
14.26 1019
13.96 1018.92
13.76 1018.75
13.649 1018.51
13.635 1017.43
13.635 1016.88
13.559 1016.58
13.385 1016.38
13.143 1016.26
10.493 1016.25
9.01 1016.25
8.71 1016.33
8.51 1016.5
8.399 1016.74
8.385 1017.82
8.385 1018.38
8.309 1018.67
8.135 1018.88
7.893 1018.99
4.504 1019
2.585 1019
2.076 1019.05
1.567 1019.22
1.105 1019.49
0.711 1019.85
0.402 1020.28
0.193 1020.77
0.093 1021.3
0.085 1022.14
0.031 1023.45
0 1024
0.97 1024
