0.3
0.7
22
30.626 996.865
30.549 996.433
30.333 996.061
30.004 995.785
29.67 995.65
29.376 995.615
1.25 995.615
0.819 995.691
0.447 995.907
0.171 996.236
0.036 996.57
0 997.302
0 997.874
1 997.874
1 997.29
22.327 997.29
22.442 997.089
24.059 997.089
24.174 997.29
28.95 997.29
28.95 998.847
30.626 998.847
4
30.626 1001.91
28.95 1001.91
28.95 1004.16
30.626 1004.16
4
30.626 1007.91
28.95 1007.91
28.95 1013.63
30.626 1013.63
22
29.807 1020.23
30.179 1020.01
30.455 1019.68
30.59 1019.35
30.626 1018.7
30.626 1015.97
28.95 1015.97
28.95 1018.63
23.674 1018.63
23.559 1018.83
21.942 1018.83
21.827 1018.63
1 1018.63
1 1018.04
0 1018.04
0 1019.06
0.077 1019.48
0.293 1019.86
0.622 1020.13
0.956 1020.27
1.25 1020.3
29.376 1020.3
