0.3
0.7
35
29.755 1020.25
30.146 1020.04
30.445 1019.7
30.605 1019.28
30.626 1018.74
30.624 996.795
30.515 996.354
30.259 995.984
29.889 995.728
29.449 995.62
1.25 995.618
0.871 995.677
0.48 995.884
0.181 996.221
0.021 996.642
0 997.261
0 998.642
1.025 998.642
1.025 996.642
29.6 996.642
29.6 997.189
29.625 998.243
29.625 1018.63
29.6 1019.28
1.025 1019.28
1.025 1015.11
0 1015.11
0 1018.66
0.021 1019.28
0.181 1019.7
0.48 1020.04
0.745 1020.2
1.177 1020.3
7.892 1020.3
29.376 1020.3
4
1.025 1002.64
0 1002.64
0 1009.99
1.025 1009.99
