0.3
0.7
70
0.895 1022.69
0.885 1021.22
0.932 1020.71
1.091 1020.36
1.346 1020.08
1.672 1019.89
2.112 1019.8
7.735 1019.8
8.081 1019.75
8.424 1019.59
8.71 1019.33
8.899 1019
8.985 1018.57
8.985 1017.05
13.035 1017.05
13.035 1018.38
13.08 1018.88
13.241 1019.24
13.503 1019.52
13.83 1019.71
14.187 1019.79
20.025 1019.8
20.369 1019.85
20.713 1020.01
20.995 1020.26
21.186 1020.59
21.275 1021.03
21.275 1022.35
21.2 1023.83
21.19 1024
22.148 1024
22.075 1022.52
22.075 1021.62
22.039 1021.09
21.894 1020.57
21.643 1020.1
21.299 1019.69
20.875 1019.37
20.391 1019.14
19.871 1019.02
14.26 1019
13.96 1018.92
13.76 1018.75
13.649 1018.51
13.635 1017.05
13.596 1016.66
13.452 1016.43
13.228 1016.29
13.01 1016.25
8.965 1016.25
8.71 1016.33
8.51 1016.5
8.399 1016.74
8.385 1018.2
8.346 1018.59
8.202 1018.82
7.978 1018.96
7.76 1019
2.585 1019
2.054 1019.06
1.546 1019.23
1.087 1019.5
0.696 1019.86
0.391 1020.3
0.186 1020.8
0.091 1021.32
0.085 1022.4
0.01 1023.83
0.011 1024
0.97 1024
