0.3
0.7
57
0.239 1000.52
0.199 999.79
0.179 999.449
0.302 999.662
0.514 999.353
0.555 999.965
0.574 1000.23
0.869 1000.71
1.882 999.916
1.882 997.702
1.918 997.669
2.501 997.669
2.501 997.534
2.78 997.534
2.784 997.669
3.193 997.669
3.193 997.534
3.473 997.534
3.477 997.669
3.885 997.669
3.885 997.534
4.165 997.534
4.169 997.669
4.578 997.669
4.578 997.534
4.857 997.534
4.861 997.669
5.27 997.669
5.27 997.534
5.55 997.534
5.554 997.669
5.963 997.669
5.963 997.534
6.242 997.534
6.246 997.669
6.655 997.669
6.655 997.534
6.935 997.534
6.936 997.669
7.436 997.669
7.456 998.336
8.715 998.348
9.265 998.347
9.265 995.506
9.196 995.076
8.973 994.615
8.646 994.288
8.232 994.073
7.755 993.996
1.584 993.996
1.107 994.073
0.693 994.288
0.366 994.615
0.151 995.029
0.074 995.506
0.074 1000.71
0.099 1000.76
