0.3
0.7
55
3.734 1002.59
2.808 1001.58
1.882 1001.38
1.882 998.135
2.501 998.135
2.501 998.006
2.78 998.006
2.78 998.135
3.193 998.135
3.193 998.006
3.473 998.006
3.473 998.135
3.885 998.135
3.885 998.006
4.165 998.006
4.172 998.135
4.578 998.135
4.578 998.006
4.857 998.006
4.857 998.135
5.27 998.135
5.27 998.006
5.55 998.006
5.55 998.135
5.963 998.135
5.963 998.006
6.242 998.006
6.242 998.135
6.655 998.135
6.655 998.006
6.935 998.006
6.938 998.135
7.456 998.135
7.456 999.534
8.663 999.534
9.265 999.713
9.265 995.506
9.188 995.029
8.973 994.615
8.646 994.288
8.232 994.073
7.755 993.996
1.584 993.996
1.107 994.073
0.693 994.288
0.366 994.615
0.151 995.029
0.074 995.506
0.074 1001.68
0.151 1002.15
0.366 1002.57
0.693 1002.89
1.107 1003.11
1.584 1003.19
3.954 1003.19
