0.3
0.7
45
2.111 1003.21
2.122 1003.05
2.063 1003.05
2.075 1003.09
1.338 1003.09
0.971 1003.03
0.652 1002.86
0.366 1002.57
0.151 1002.15
0.074 1001.68
0.074 995.506
0.151 995.029
0.366 994.615
0.693 994.288
1.107 994.073
1.584 993.996
7.755 993.996
8.232 994.073
8.646 994.288
8.973 994.615
9.188 995.029
9.265 995.506
9.265 1000.69
9.248 1001.22
9.166 1001.35
9.292 1001.43
9.339 1001.15
9.339 995.499
9.259 995.005
9.034 994.57
8.691 994.227
8.256 994.002
7.762 993.922
1.694 993.922
1.092 994
0.648 994.227
0.305 994.57
0.08 995.005
0 995.499
0 1001.57
0.078 1002.17
0.305 1002.61
0.648 1002.96
1.083 1003.18
1.577 1003.22
61
2.063 1003.05
1.568 1001.69
1.882 1001.32
1.882 998.135
2.151 998.135
2.151 998.006
2.431 998.006
2.431 998.135
2.844 998.135
2.844 998.006
3.123 998.006
3.123 998.135
3.536 998.135
3.536 998.006
3.816 998.006
3.816 998.135
4.229 998.135
4.229 998.006
4.508 998.006
4.508 998.135
4.921 998.135
4.921 998.006
5.201 998.006
5.201 998.135
5.614 998.135
5.614 998.006
5.893 998.006
5.893 998.135
6.306 998.135
6.306 998.006
6.585 998.006
6.585 998.135
6.998 998.135
6.998 998.006
7.278 998.006
7.299 998.135
7.456 998.135
7.456 1000.62
8.848 1001.04
9.164 1001.36
9.166 1001.35
9.159 1001.35
9.194 1001.09
9.194 995.511
9.12 995.051
8.916 994.656
8.605 994.345
8.201 994.14
7.634 994.067
1.589 994.067
1.129 994.141
0.734 994.345
0.423 994.656
0.218 995.06
0.145 995.627
0.145 1001.67
0.219 1002.13
0.423 1002.53
0.734 1002.84
1.129 1003.04
1.589 1003.08
