0.3
0.7
28
7.965 1003.15
8.232 1003.11
8.646 1002.89
8.973 1002.57
9.188 1002.15
9.265 1001.68
9.265 995.506
9.172 994.998
8.948 994.59
8.615 994.272
8.196 994.067
7.755 993.996
1.584 993.996
1.074 994.09
0.667 994.314
0.349 994.648
0.145 995.068
0.074 995.506
0.074 999.632
0.87 999.239
1.882 999.24
1.882 998.598
7.28 998.6
7.456 998.6
7.456 1001.38
7.271 1002.17
5.719 1003.19
7.438 1003.19
16
9.346 1003.28
5.667 1003.28
5.667 1003.26
4.232 1003.26
4.232 1003.28
5.667 1003.28
5.667 1020.24
4.51 1020.24
4.242 1020.24
4.244 1020.76
5.603 1020.77
5.667 1020.77
5.667 1020.24
8.885 1020.24
8.885 1020.83
9.346 1020.83
11
4.244 1020.76
4.233 1020.76
4.233 1020.64
4.232 1003.28
0.052 1003.28
0.052 1017.25
2.75 1017.25
2.75 1019.65
2.824 1019.71
4.132 1020.87
4.244 1020.87
