0.3
0.7
60
8.443 1002.98
8.762 1002.78
8.974 1002.57
9.188 1002.15
9.265 1001.68
9.265 995.506
9.188 995.029
8.973 994.615
8.646 994.288
8.232 994.073
7.755 993.996
1.584 993.996
1.107 994.073
0.693 994.288
0.366 994.615
0.151 995.029
0.074 995.506
0.074 1001.21
0.101 1001.38
0.231 1001.59
0.715 1001.01
1.882 1000.44
1.882 998.6
2.151 998.6
2.151 998.477
2.431 998.477
2.431 998.6
2.844 998.6
2.844 998.477
3.123 998.477
3.123 998.6
3.536 998.6
3.536 998.477
3.816 998.477
3.816 998.6
4.229 998.6
4.229 998.477
4.508 998.477
4.508 998.6
4.921 998.6
4.921 998.477
5.201 998.477
5.201 998.6
5.614 998.6
5.614 998.477
5.893 998.477
5.893 998.6
6.306 998.6
6.306 998.477
6.585 998.477
6.585 998.6
6.998 998.6
6.998 998.477
7.278 998.477
7.302 998.6
7.456 998.6
7.456 1001.38
7.941 1001.86
7.671 1003.03
8.135 1003.03
