0.3
0.7
60
5.663 1002.76
4.517 1001.74
3.991 1001.62
1.882 1001.38
1.882 997.669
2.151 997.669
2.151 997.534
2.431 997.534
2.431 997.669
2.844 997.669
2.844 997.534
3.123 997.534
3.123 997.669
3.536 997.669
3.536 997.534
3.816 997.534
3.816 997.669
4.229 997.669
4.229 997.534
4.508 997.534
4.508 997.669
4.921 997.669
4.921 997.534
5.201 997.534
5.201 997.669
5.614 997.669
5.614 997.534
5.893 997.534
5.893 997.669
6.306 997.669
6.306 997.534
6.585 997.534
6.585 997.669
6.998 997.669
6.998 997.534
7.278 997.534
7.303 997.669
7.456 997.669
7.456 998.795
7.96 998.8
9.265 998.799
9.265 995.506
9.188 995.029
8.973 994.615
8.646 994.288
8.232 994.073
7.755 993.996
1.584 993.996
1.107 994.073
0.693 994.288
0.366 994.615
0.151 995.029
0.074 995.506
0.074 1001.68
0.151 1002.15
0.366 1002.57
0.693 1002.89
1.107 1003.11
1.584 1003.19
6.056 1003.19
