0.3
0.7
60
6.13 1002.97
4.76 1001.75
4.403 1001.67
1.882 1001.38
1.882 997.669
2.151 997.657
2.175 997.534
2.431 997.534
2.431 997.669
2.844 997.657
2.868 997.534
3.123 997.534
3.123 997.669
3.536 997.657
3.56 997.534
3.816 997.534
3.816 997.669
4.229 997.657
4.253 997.534
4.508 997.534
4.508 997.669
4.921 997.657
4.945 997.534
5.201 997.534
5.201 997.669
5.614 997.657
5.638 997.534
5.893 997.534
5.893 997.669
6.306 997.657
6.33 997.534
6.585 997.534
6.585 997.669
6.998 997.657
7.022 997.534
7.278 997.534
7.303 997.669
7.456 997.669
7.456 998.736
8.058 998.741
9.265 998.74
9.265 995.506
9.188 995.029
8.973 994.615
8.646 994.288
8.232 994.073
7.755 993.996
1.584 993.996
1.107 994.073
0.693 994.288
0.366 994.615
0.151 995.029
0.074 995.506
0.074 1001.68
0.151 1002.15
0.366 1002.57
0.693 1002.89
1.107 1003.11
1.584 1003.19
6.302 1003.19
