0.3
0.7
56
8.545 1002.92
8.74 1002.81
8.974 1002.57
9.188 1002.15
9.265 1001.68
9.265 995.506
9.188 995.029
8.973 994.615
8.646 994.288
8.232 994.073
7.755 993.996
1.584 993.996
1.107 994.073
0.693 994.288
0.366 994.615
0.151 995.029
0.074 995.506
0.074 1001.33
0.115 1001.58
0.308 1001.89
1.027 1001.04
1.882 1000.62
1.882 998.6
2.456 998.6
2.501 998.575
2.501 998.477
2.78 998.477
2.78 998.6
3.193 998.575
3.193 998.477
3.473 998.477
3.473 998.6
3.885 998.575
3.885 998.477
4.165 998.477
4.165 998.6
4.578 998.575
4.578 998.477
4.857 998.477
4.857 998.6
5.27 998.575
5.27 998.477
5.55 998.477
5.55 998.6
5.963 998.575
5.963 998.477
6.242 998.477
6.242 998.6
6.655 998.575
6.655 998.477
6.935 998.477
6.935 998.6
7.456 998.6
7.456 1001.38
8.177 1002.1
7.979 1002.95
