0.3
0.7
56
5.897 1002.87
4.638 1001.74
4.197 1001.65
1.882 1001.38
1.882 997.669
2.49 997.669
2.513 997.534
2.78 997.534
2.78 997.669
3.193 997.663
3.205 997.534
3.473 997.534
3.473 997.669
3.885 997.663
3.897 997.534
4.165 997.534
4.165 997.669
4.578 997.663
4.59 997.534
4.857 997.534
4.857 997.669
5.27 997.663
5.282 997.534
5.55 997.534
5.55 997.669
5.963 997.663
5.975 997.534
6.242 997.534
6.242 997.669
6.655 997.663
6.667 997.534
6.935 997.534
6.935 997.669
7.456 997.669
7.456 998.765
8.009 998.771
9.265 998.77
9.265 995.506
9.188 995.029
8.973 994.615
8.646 994.288
8.232 994.073
7.755 993.996
1.584 993.996
1.107 994.073
0.693 994.288
0.366 994.615
0.151 995.029
0.074 995.506
0.074 1001.68
0.151 1002.15
0.366 1002.57
0.693 1002.89
1.107 1003.11
1.584 1003.19
6.193 1003.19
