0.3
0.7
60
8.432 1002.99
8.757 1002.78
8.974 1002.57
9.188 1002.15
9.265 1001.68
9.265 995.506
9.188 995.029
8.973 994.615
8.646 994.288
8.232 994.073
7.755 993.996
1.584 993.996
1.107 994.073
0.693 994.288
0.366 994.615
0.151 995.029
0.074 995.506
0.074 1001.19
0.1 1001.35
0.223 1001.55
0.684 1001.01
1.882 1000.42
1.882 998.6
2.151 998.588
2.151 998.477
2.431 998.477
2.431 998.6
2.844 998.588
2.844 998.477
3.123 998.477
3.123 998.6
3.536 998.588
3.536 998.477
3.816 998.477
3.816 998.6
4.229 998.588
4.229 998.477
4.508 998.477
4.508 998.6
4.921 998.588
4.921 998.477
5.201 998.477
5.201 998.6
5.614 998.588
5.614 998.477
5.893 998.477
5.893 998.6
6.306 998.588
6.306 998.477
6.585 998.477
6.585 998.6
6.998 998.588
6.998 998.477
7.278 998.477
7.298 998.6
7.456 998.6
7.456 1001.38
7.917 1001.84
7.64 1003.04
8.116 1003.04
