0.3
0.7
57
8.473 1002.96
8.719 1002.83
8.974 1002.57
9.188 1002.15
9.265 1001.68
9.265 995.506
9.188 995.029
8.973 994.615
8.646 994.288
8.232 994.073
7.755 993.996
1.584 993.996
1.107 994.073
0.693 994.288
0.366 994.615
0.151 995.029
0.074 995.506
0.074 1001.25
0.105 1001.44
0.254 1001.68
0.809 1001.02
1.882 1000.49
1.882 998.6
2.47 998.6
2.501 998.583
2.501 998.477
2.78 998.477
2.78 998.6
3.193 998.583
3.193 998.477
3.473 998.477
3.473 998.6
3.885 998.583
3.885 998.477
4.165 998.477
4.165 998.6
4.578 998.583
4.578 998.477
4.857 998.477
4.857 998.6
5.27 998.583
5.27 998.477
5.55 998.477
5.55 998.6
5.963 998.583
5.963 998.477
6.242 998.477
6.242 998.6
6.655 998.583
6.655 998.477
6.935 998.477
6.935 998.6
7.456 998.6
7.456 1001.38
8.012 1001.93
7.763 1003.01
8.19 1003.01
