0.3
0.7
59
2.25 1001.62
2.065 1001.42
1.882 1001.38
1.882 998.135
2.151 998.135
2.151 998.006
2.431 998.019
2.431 998.135
2.844 998.135
2.844 998.006
3.123 998.019
3.123 998.135
3.536 998.135
3.536 998.006
3.816 998.019
3.816 998.135
4.229 998.135
4.229 998.006
4.508 998.019
4.508 998.135
4.921 998.135
4.921 998.006
5.201 998.019
5.201 998.135
5.614 998.135
5.614 998.006
5.893 998.019
5.893 998.135
6.306 998.135
6.306 998.006
6.585 998.019
6.585 998.135
6.998 998.135
6.998 998.006
7.278 998.019
7.3 998.135
7.456 998.135
7.456 1000.23
7.695 1000.23
9.265 1000.7
9.265 995.506
9.188 995.029
8.973 994.615
8.646 994.288
8.232 994.073
7.755 993.996
1.584 993.996
1.107 994.073
0.693 994.288
0.366 994.615
0.151 995.029
0.074 995.506
0.074 1001.68
0.151 1002.15
0.366 1002.57
0.718 1002.91
1.136 1003.12
1.584 1003.19
2.822 1003.19
