0.3
0.7
58
0.555 1002.71
1.882 1001.14
1.882 998.135
2.151 998.135
2.151 998.006
2.431 998.006
2.431 998.135
2.844 998.135
2.844 998.006
3.123 998.006
3.123 998.135
3.536 998.135
3.536 998.006
3.816 998.006
3.816 998.135
4.229 998.135
4.229 998.006
4.508 998.006
4.508 998.135
4.921 998.135
4.921 998.006
5.201 998.006
5.201 998.135
5.614 998.135
5.614 998.006
5.893 998.006
5.893 998.135
6.306 998.135
6.306 998.006
6.585 998.006
6.585 998.135
6.998 998.135
6.998 998.006
7.278 998.006
7.279 998.135
7.456 998.135
7.456 1001.35
8.836 1002.69
8.983 1002.52
9.191 1002.12
9.265 1001.63
9.265 995.506
9.188 995.029
8.973 994.615
8.646 994.288
8.232 994.073
7.755 993.996
1.584 993.996
1.107 994.073
0.693 994.288
0.366 994.615
0.151 995.029
0.074 995.506
0.074 1001.68
0.153 1002.16
0.369 1002.57
0.547 1002.76
0.573 1002.76
