0.3
0.7
9
24 996.409
23.701 996.109
22.441 996.108
22.36 996.109
22.36 1000.02
22.861 1000.34
23.579 1000.88
23.975 1001.2
24 1001.2
8
0.549 1000.78
0.971 1000.45
1.64 1000.02
1.64 996.109
0.38 996.108
0.299 996.109
0 996.409
0 1001.23
6
24 1002.77
23.471 1003.21
23.088 1003.51
22.36 1003.98
22.36 1007.85
24 1007.85
7
1.64 1003.98
1.15 1003.67
0.421 1003.12
0.022 1002.8
0 1002.77
0 1007.85
1.64 1007.85
18
22.16 1019.72
22.665 1019.37
23.372 1018.8
23.725 1018.36
23.822 1018
23.725 1017.64
23.372 1017.2
22.487 1016.49
22.16 1016.28
22.16 1011.75
21.99 1011.75
21.989 1008.01
20.427 1008.01
20.427 1009.65
20.426 1011.59
20.52 1011.59
20.52 1023.89
22.16 1023.89
18
3.48 1011.59
3.573 1011.59
3.573 1008.01
2.011 1008.01
2.011 1011.39
2.01 1011.75
1.84 1011.75
1.84 1016.28
1.335 1016.63
0.628 1017.2
0.275 1017.64
0.178 1018
0.276 1018.36
0.628 1018.8
1.513 1019.51
1.84 1019.72
1.84 1023.89
3.48 1023.89
