0.3
0.7
48
11.693 1023.9
12.648 1023.61
13.529 1023.14
14.301 1022.51
14.934 1021.74
15.405 1020.86
15.695 1019.9
15.793 1018.91
15.793 1016.92
19.921 1016.92
19.921 1014.02
18.681 1014.02
18.681 1015.68
14.768 1015.68
14.499 1016.01
14.499 1018.91
14.426 1019.65
14.21 1020.36
13.859 1021.02
13.386 1021.59
12.81 1022.07
12.153 1022.42
11.44 1022.63
10.699 1022.71
9.958 1022.63
9.245 1022.42
8.588 1022.07
8.012 1021.59
7.539 1021.02
7.188 1020.36
6.972 1019.65
6.899 1018.91
6.899 1016.01
6.63 1015.68
2.717 1015.68
2.717 1014.02
1.477 1014.02
1.477 1016.92
5.605 1016.92
5.605 1018.91
5.703 1019.9
5.993 1020.86
6.464 1021.74
7.097 1022.51
7.869 1023.14
8.75 1023.61
9.705 1023.9
10.699 1024
