0.3
0.7
25
28.288 1022.78
22.334 1008.26
23.49 1008.11
24.238 1008.01
24.589 1007.82
24.73 1007.44
24.73 1002.96
24.59 1002.58
24.238 1002.39
23.49 1002.29
21.962 1002.1
21.69 1002.06
21.69 998.874
22.769 997.78
26.146 994.357
26.146 981.3
24.504 981.3
24.504 993.689
20.044 998.214
20.044 1006.98
24.6 1018.19
26.507 1022.78
24.597 1022.78
24.597 1024
28.288 1024
5
21.954 1006.7
21.69 1006.68
21.69 1003.7
23.49 1003.7
23.49 1006.7
28
3.691 1022.78
1.781 1022.78
3.688 1018.19
8.244 1006.98
8.244 998.242
7.814 997.778
3.784 993.689
3.784 981.3
2.142 981.3
2.142 994.357
6.357 998.63
6.598 998.874
6.598 1002.06
4.798 1002.29
4.05 1002.39
3.699 1002.58
3.558 1002.96
3.558 1007.44
3.698 1007.82
4.05 1008.01
4.798 1008.11
5.512 1008.2
5.954 1008.26
5.497 1009.37
3.038 1015.38
0 1022.78
0 1024
3.691 1024
4
4.798 1003.7
6.598 1003.7
6.598 1006.68
4.798 1006.7
