0.3
0.7
8
1.782 958.606
1.629 958.58
1.629 946.758
0.281 946.752
0.012 946.751
0.012 974.5
1.524 974.507
1.781 974.507
11
23.995 964.86
23.991 946.857
23.99 946.751
22.656 946.758
22.389 946.757
22.382 948.555
22.381 958.58
22.232 958.605
22.227 965.111
22.226 974.507
23.995 974.507
15
6.044 958.37
8.544 958.37
8.544 961.902
15.464 961.902
15.464 958.37
17.964 958.37
17.964 961.902
20.004 961.9
20.004 949.591
6.67 949.591
5.248 949.59
4.004 949.59
4.004 961.901
5.844 961.902
6.044 961.903
4
15.464 955.37
15.464 950.37
17.964 950.37
17.964 955.37
4
6.044 955.37
6.044 950.37
8.544 950.37
8.544 955.37
7
32.653 950.553
32.088 950.053
26.453 950.053
26.453 951.693
31.013 951.693
31.013 956.093
32.653 956.093
4
32.653 958.593
31.013 958.593
31.013 965.513
32.653 965.513
7
32.653 973.553
32.653 968.013
31.013 968.013
31.013 972.413
26.453 972.413
26.453 974.053
32.088 974.053
