0.3
0.7
31
28.288 1023.98
28.288 1022.78
23.538 1011.2
22.334 1008.26
23.463 1008.11
24.238 1008.01
24.593 1007.81
24.73 1007.43
24.73 1002.96
24.59 1002.58
24.223 1002.39
23.49 1002.29
21.69 1002.06
21.69 998.874
25.9 994.606
26.146 994.357
26.146 981.302
24.531 981.3
24.504 981.3
24.504 993.66
20.044 998.214
20.031 998.288
19.96 998.324
19.96 1006.64
20.044 1006.69
20.044 1006.98
24.6 1018.19
26.507 1022.78
24.597 1022.78
24.597 1024
28.26 1024
4
21.697 1006.7
21.69 1003.7
23.49 1003.7
23.49 1006.7
33
3.691 1022.8
1.811 1022.78
1.781 1022.78
3.658 1018.26
6.167 1012.08
8.244 1006.98
8.244 1006.68
8.328 1006.64
8.329 998.325
8.244 998.282
8.244 998.214
3.976 993.884
3.784 993.661
3.784 981.302
2.169 981.3
2.142 981.3
2.142 994.357
6.598 998.874
6.598 1002.06
4.876 1002.28
4.05 1002.39
3.695 1002.59
3.558 1002.96
3.558 1007.42
3.698 1007.82
4.065 1008.01
4.798 1008.11
5.954 1008.26
4.786 1011.11
0 1022.78
0 1023.98
1.781 1024
3.691 1024
4
4.798 1003.7
6.598 1003.7
6.598 1006.68
4.798 1006.7
