0.3
0.7
80
11.44 1023.93
11.693 1023.9
12.405 1023.69
12.648 1023.61
13.305 1023.26
13.529 1023.14
14.104 1022.67
14.301 1022.51
14.773 1021.93
14.934 1021.74
15.285 1021.08
15.405 1020.86
15.621 1020.14
15.695 1019.9
15.768 1019.16
15.793 1017.43
15.793 1016.92
19.921 1016.92
19.921 1014.02
18.681 1014.02
18.681 1015.68
14.768 1015.68
14.499 1016.01
14.499 1018.91
14.445 1019.46
14.426 1019.65
14.265 1020.18
14.21 1020.36
13.948 1020.85
13.859 1021.02
13.506 1021.45
13.386 1021.59
12.957 1021.95
12.81 1022.07
12.32 1022.33
12.153 1022.42
11.622 1022.58
11.44 1022.63
10.888 1022.69
10.699 1022.71
10.147 1022.65
9.958 1022.63
9.427 1022.47
9.245 1022.42
8.755 1022.15
8.588 1022.07
8.159 1021.71
8.012 1021.59
7.659 1021.16
7.539 1021.02
7.277 1020.53
7.188 1020.36
7.027 1019.83
6.972 1019.65
6.918 1019.1
6.899 1016.75
6.899 1016.01
6.63 1015.68
2.717 1015.68
2.717 1014.02
1.477 1014.02
1.477 1016.92
5.605 1016.92
5.605 1018.91
5.678 1019.65
5.703 1019.9
5.919 1020.61
5.993 1020.86
6.344 1021.51
6.464 1021.74
6.936 1022.31
7.097 1022.51
7.672 1022.98
7.869 1023.14
8.526 1023.49
8.75 1023.61
9.462 1023.83
9.705 1023.9
10.446 1023.98
10.699 1024
