0.3
0.7
22
29.16 1021.36
29.16 1019.8
27.705 1019.8
27.705 1018.64
27.505 1018.1
27.022 1017.9
24.839 1017.9
24.54 1017.88
24.54 1014.05
26.58 1012.87
26.58 1010.93
24.54 1009.75
24.537 1005.91
22.9 1005.92
22.9 1014.88
22.902 1018.87
23.142 1019.44
23.719 1019.68
25.944 1019.68
26.002 1019.69
26.004 1024
27.419 1024
22
3.156 1019.8
4.322 1019.68
5.402 1019.68
6.018 1019.44
6.258 1018.87
6.26 1011.54
6.26 1005.92
4.622 1005.92
4.62 1009.75
2.58 1010.93
2.58 1012.87
4.62 1014.05
4.62 1017.88
3.215 1017.9
2.187 1017.9
1.655 1018.1
1.455 1018.58
1.455 1019.8
0 1019.8
0 1021.36
1.741 1024
3.156 1024
