0.3
0.7
29
28.288 1022.78
23.538 1011.2
22.334 1008.26
23.49 1008.11
24.238 1008.01
24.59 1007.82
24.73 1007.44
24.73 1002.96
24.59 1002.58
24.238 1002.39
23.49 1002.29
22.005 1002.1
21.69 1002.06
21.69 998.874
26.146 994.357
26.146 981.3
24.504 981.3
24.504 993.689
20.044 998.214
20.044 998.282
19.583 998.533
19.582 1006.43
20.044 1006.68
20.044 1006.98
24.6 1018.19
26.507 1022.78
24.597 1022.78
24.597 1024
28.288 1024
4
21.697 1006.7
21.69 1003.7
23.49 1003.7
23.49 1006.7
29
3.691 1022.78
1.781 1022.78
3.688 1018.19
8.244 1006.98
8.244 1006.68
8.705 1006.43
8.705 998.533
8.244 998.282
8.244 998.214
3.784 993.689
3.784 981.3
2.142 981.3
2.142 994.357
6.598 998.874
6.598 1002.06
4.798 1002.29
4.05 1002.39
3.698 1002.58
3.558 1002.96
3.558 1007.44
3.698 1007.82
4.05 1008.01
4.798 1008.11
5.954 1008.26
5.284 1009.9
2.794 1015.97
0 1022.78
0 1024
3.691 1024
4
4.798 1003.7
6.598 1003.7
6.598 1006.68
4.798 1006.7
