0.3
0.7
6
24 996.349
23.701 996.05
22.36 996.05
22.36 999.789
23.12 1000.23
24 1000.76
6
0.472 1000.46
1.64 999.789
1.64 996.05
0.299 996.05
0 996.35
0 1000.76
5
24 1003.24
23.528 1003.54
22.36 1004.21
22.36 1007.85
24 1007.85
5
1.64 1004.21
0.473 1003.54
0 1003.24
0 1007.85
1.64 1007.85
15
22.16 1019.98
22.922 1019.54
24 1018.85
24 1017.15
22.923 1016.46
22.16 1016.02
22.16 1011.6
22.221 1011.6
22.222 1008.01
20.658 1008.01
20.658 1009.25
20.659 1010.49
20.52 1010.49
20.52 1023.95
22.16 1023.95
16
3.48 1010.49
3.342 1010.49
3.342 1008.01
1.802 1008.01
1.778 1008.9
1.778 1011.6
1.84 1011.6
1.84 1016.02
1.078 1016.46
0 1017.15
0 1018.85
1.077 1019.54
1.524 1019.8
1.84 1019.98
1.84 1023.95
3.48 1023.95
