0.3
0.7
104
9.404 1023.91
9.706 1023.71
9.911 1023.41
9.998 1023.05
9.998 999.002
45.998 999.002
46.499 999.026
46.996 999.1
47.502 999.232
47.972 999.406
48.422 999.628
48.848 999.892
49.248 1000.2
49.626 1000.56
49.953 1000.94
50.24 1001.35
50.484 1001.79
50.684 1002.25
50.835 1002.73
50.938 1003.22
50.992 1003.72
51 1004.48
51 1008.13
51.168 1008.24
52.007 1007.65
52.713 1008.15
53.507 1008.69
54.091 1008.29
55.006 1007.65
55.713 1008.15
56.507 1008.69
57.091 1008.29
58.006 1007.65
58.713 1008.15
59.507 1008.69
60.091 1008.29
60.747 1007.83
60.998 1007.66
60.998 1004.05
60.99 1003.54
60.965 1003.02
60.921 1002.5
60.86 1001.98
60.781 1001.46
60.683 1000.95
60.568 1000.43
60.434 999.93
60.283 999.428
60.115 998.933
59.929 998.443
59.727 997.96
59.507 997.485
59.272 997.018
59.021 996.559
58.753 996.108
58.469 995.668
58.171 995.238
57.858 994.818
57.53 994.41
57.188 994.013
56.833 993.629
56.463 993.258
56.085 992.902
55.691 992.555
55.286 992.225
54.87 991.907
54.442 991.605
54.004 991.318
53.556 991.047
53.1 990.791
52.634 990.551
52.161 990.328
51.68 990.121
51.192 989.931
50.698 989.759
50.198 989.603
49.693 989.466
49.183 989.346
48.67 989.244
48.153 989.16
47.633 989.094
47.113 989.046
46.59 989.016
45.998 989.002
5 989.002
4.372 989.042
3.756 989.158
3.158 989.352
2.59 989.62
2.06 989.956
1.576 990.356
1.146 990.814
0.778 991.322
0.474 991.872
0.244 992.456
0.088 993.064
0.008 993.688
0 1008.69
0 1023.05
0.087 1023.41
0.292 1023.71
0.591 1023.91
0.946 1024
9.052 1024
25
60.403 1023.91
60.706 1023.71
60.911 1023.41
60.998 1023.05
60.998 1019.87
60.593 1019.62
59.727 1020.22
59.49 1020.39
58.087 1019.41
57.989 1019.34
56.605 1020.31
56.49 1020.39
55.087 1019.41
54.989 1019.34
53.605 1020.31
53.49 1020.39
52.087 1019.41
51.989 1019.34
51 1020.03
51 1023.05
51.087 1023.41
51.292 1023.71
51.59 1023.91
51.946 1024
60.052 1024
