0.3
0.7
100
10.626 1023.98
11.252 1023.92
11.872 1023.82
12.486 1023.69
13.09 1023.51
13.68 1023.3
14.256 1023.05
14.816 1022.76
15.358 1022.44
15.876 1022.09
16.374 1021.71
16.844 1021.29
17.288 1020.85
17.704 1020.38
18.09 1019.88
18.442 1019.36
18.762 1018.82
19.048 1018.26
19.296 1017.68
19.51 1017.09
19.684 1016.49
19.822 1015.87
19.92 1015.25
19.98 1014.63
19.998 1014
19.98 1013.37
19.92 1012.75
19.822 1012.13
19.684 1011.51
19.51 1010.91
19.296 1010.32
19.048 1009.74
18.762 1009.18
18.442 1008.64
18.09 1008.12
17.704 1007.63
17.288 1007.16
16.844 1006.71
16.374 1006.3
15.876 1005.91
15.358 1005.56
14.816 1005.24
14.256 1004.95
13.68 1004.7
13.09 1004.49
12.486 1004.32
11.872 1004.18
11.252 1004.08
10.626 1004.02
9.998 1004
9.372 1004.02
8.746 1004.08
8.126 1004.18
7.512 1004.32
6.908 1004.49
6.318 1004.7
5.742 1004.95
5.182 1005.24
4.64 1005.56
4.122 1005.91
3.624 1006.3
3.154 1006.71
2.71 1007.16
2.294 1007.63
1.908 1008.12
1.556 1008.64
1.236 1009.18
0.95 1009.74
0.702 1010.32
0.488 1010.91
0.314 1011.51
0.176 1012.13
0.078 1012.75
0.018 1013.37
0 1014
0.018 1014.63
0.078 1015.25
0.176 1015.87
0.314 1016.49
0.488 1017.09
0.702 1017.68
0.95 1018.26
1.236 1018.82
1.556 1019.36
1.908 1019.88
2.294 1020.38
2.71 1020.85
3.154 1021.29
3.624 1021.71
4.122 1022.09
4.64 1022.44
5.182 1022.76
5.742 1023.05
6.318 1023.3
6.908 1023.51
7.512 1023.69
8.126 1023.82
8.746 1023.92
9.372 1023.98
9.998 1024
