0.3
0.7
116
9.358 1023.94
9.628 1023.78
9.849 1023.53
9.969 1023.24
9.998 1023.05
9.998 999.002
45.998 999.002
46.512 999.028
47.028 999.107
47.534 999.242
48.023 999.429
48.488 999.665
48.93 999.95
49.337 1000.28
49.714 1000.66
50.044 1001.06
50.33 1001.5
50.566 1001.97
50.754 1002.46
50.89 1002.96
50.972 1003.48
50.998 1004
51 1010.95
51 1011.13
51.527 1010.5
52.235 1011.51
52.725 1012.86
52.775 1012.99
52.776 1013.7
52.891 1013.05
53.68 1011.51
54.051 1011.07
54.527 1010.5
55.235 1011.51
55.725 1012.86
55.775 1012.99
55.776 1013.7
55.891 1013.05
56.68 1011.51
57.051 1011.07
57.527 1010.5
58.235 1011.51
58.725 1012.86
58.775 1012.99
58.776 1013.7
58.891 1013.05
59.68 1011.51
60.051 1011.07
60.527 1010.5
60.998 1011.17
60.998 1004.05
60.99 1003.48
60.962 1002.96
60.916 1002.43
60.852 1001.91
60.772 1001.4
60.672 1000.88
60.554 1000.37
60.418 999.868
60.264 999.366
60.094 998.872
59.906 998.382
59.702 997.9
59.48 997.426
59.244 996.96
58.99 996.502
58.72 996.052
58.434 995.614
58.134 995.184
57.82 994.766
57.49 994.36
57.146 993.964
56.79 993.582
56.418 993.212
56.036 992.854
55.64 992.51
55.234 992.182
54.816 991.866
54.386 991.566
53.948 991.28
53.498 991.012
53.042 990.758
52.574 990.52
52.1 990.298
51.618 990.094
51.13 989.906
50.634 989.736
50.134 989.582
49.628 989.448
49.118 989.33
48.604 989.23
48.086 989.148
47.566 989.084
47.046 989.038
46.522 989.01
45.998 989.002
5 989.002
4.438 989.035
3.82 989.143
3.22 989.329
2.649 989.59
2.114 989.919
1.626 990.313
1.146 990.814
0.778 991.322
0.474 991.872
0.244 992.456
0.088 993.064
0.008 993.688
0 999.977
0 1023.05
0.075 1023.38
0.236 1023.65
0.546 1023.89
0.842 1023.99
9.052 1024
39
60.358 1023.94
60.689 1023.72
60.899 1023.44
60.998 1023.05
60.998 1017.02
60.989 1016.52
60.864 1016.32
60.243 1017.24
59.966 1017.56
59.799 1017.36
58.913 1015.72
58.698 1014.55
58.376 1015.45
58.283 1015.72
57.791 1016.43
57.158 1017.36
56.966 1017.56
56.799 1017.36
55.913 1015.72
55.698 1014.55
55.376 1015.45
55.283 1015.72
54.791 1016.43
54.158 1017.36
53.966 1017.56
53.799 1017.36
52.913 1015.72
52.698 1014.55
52.376 1015.45
52.283 1015.72
51.791 1016.43
51.332 1017.1
51 1017.52
51 1023.05
51.075 1023.38
51.236 1023.65
51.544 1023.89
51.842 1023.99
60.052 1024
