0.3
0.7
101
60.358 1023.88
60.666 1023.68
60.872 1023.38
60.95 1023.02
60.951 1004
60.935 1003.38
60.904 1002.86
60.855 1002.34
60.788 1001.82
60.703 1001.31
60.595 1000.77
60.47 1000.26
60.33 999.757
60.174 999.259
59.999 998.767
59.808 998.283
59.6 997.803
59.38 997.337
59.134 996.87
58.878 996.415
58.609 995.975
58.317 995.535
58.014 995.111
57.697 994.697
57.365 994.295
57.019 993.904
56.659 993.525
56.287 993.159
55.907 992.81
55.506 992.469
55.104 992.146
54.684 991.836
54.254 991.54
53.814 991.259
53.364 990.993
52.906 990.745
52.438 990.513
51.964 990.295
51.477 990.094
50.992 989.913
50.498 989.747
49.999 989.599
49.493 989.468
48.985 989.356
48.471 989.26
47.955 989.182
47.437 989.124
46.917 989.082
46.395 989.06
23.068 989.052
5 989.051
4.38 989.09
3.768 989.206
3.177 989.399
2.615 989.664
2.089 989.996
1.61 990.393
1.183 990.845
0.819 991.35
0.519 991.893
0.29 992.471
0.136 993.075
0.058 993.691
0.047 999.298
0.049 1023
0.108 1023.34
0.292 1023.64
0.57 1023.85
0.845 1023.94
1.581 1023.95
9.052 1023.95
9.358 1023.88
9.666 1023.68
9.872 1023.38
9.95 1023.02
9.95 999.358
9.951 998.953
45.998 998.952
46.503 998.977
47.006 999.054
47.502 999.179
47.971 999.354
48.426 999.574
48.859 999.84
49.263 1000.15
49.63 1000.5
49.963 1000.87
50.258 1001.29
50.507 1001.73
50.713 1002.19
50.87 1002.67
50.98 1003.17
51.037 1003.67
51.048 1010.91
51.048 1023
51.108 1023.34
51.292 1023.64
51.568 1023.85
51.845 1023.94
52.581 1023.95
60.052 1023.95
