0.3
0.7
124
60.358 1023.94
60.691 1023.72
60.898 1023.44
60.998 1023.05
60.998 1015.45
60.914 1015.17
60.682 1015.85
60.382 1016.29
60.03 1016.8
59.515 1015.85
59.382 1015.13
59.232 1014.36
59.379 1013.55
59.482 1012.92
59.777 1012.36
60.312 1011.32
60.471 1011.13
60.604 1011.32
60.89 1012.09
60.998 1012.38
60.998 1004.05
60.99 1003.48
60.962 1002.96
60.916 1002.43
60.852 1001.91
60.772 1001.4
60.672 1000.88
60.554 1000.37
60.418 999.868
60.264 999.366
60.094 998.872
59.906 998.382
59.702 997.9
59.48 997.426
59.244 996.96
58.99 996.502
58.72 996.052
58.434 995.614
58.134 995.184
57.82 994.766
57.49 994.36
57.146 993.964
56.79 993.582
56.418 993.212
56.036 992.854
55.64 992.51
55.234 992.182
54.816 991.866
54.386 991.566
53.948 991.28
53.498 991.012
53.042 990.758
52.574 990.52
52.1 990.298
51.618 990.094
51.13 989.906
50.634 989.736
50.134 989.582
49.628 989.448
49.118 989.33
48.604 989.23
48.086 989.148
47.566 989.084
47.046 989.038
46.522 989.01
45.998 989.002
5 989.002
4.431 989.035
3.813 989.145
3.213 989.332
2.642 989.593
2.109 989.923
1.62 990.317
1.146 990.814
0.778 991.322
0.474 991.872
0.244 992.456
0.088 993.064
0.008 993.688
0 999.331
0 1023.05
0.074 1023.38
0.235 1023.65
0.546 1023.89
0.842 1023.99
9.052 1024
9.358 1023.94
9.691 1023.72
9.898 1023.44
9.998 1023.05
9.998 999.002
45.998 999.002
46.513 999.028
47.029 999.107
47.535 999.242
48.024 999.429
48.489 999.666
48.931 999.95
49.337 1000.28
49.714 1000.66
50.044 1001.06
50.33 1001.5
50.566 1001.97
50.754 1002.46
50.89 1002.96
50.972 1003.48
50.998 1004
51 1011.93
51.312 1011.32
51.471 1011.13
51.603 1011.32
52.194 1012.92
52.194 1013.75
52.204 1014.36
51.949 1015.07
51.682 1015.85
51.03 1016.8
51 1016.75
51 1023.05
51.074 1023.38
51.235 1023.65
51.544 1023.89
51.842 1023.99
60.052 1024
15
53.515 1015.85
53.382 1015.13
53.232 1014.36
53.379 1013.55
53.482 1012.92
53.777 1012.36
54.312 1011.32
54.471 1011.13
54.603 1011.32
55.194 1012.92
55.194 1013.75
55.204 1014.36
54.949 1015.07
54.682 1015.85
54.03 1016.8
15
56.515 1015.85
56.382 1015.13
56.232 1014.36
56.379 1013.55
56.482 1012.92
56.777 1012.36
57.312 1011.32
57.471 1011.13
57.603 1011.32
58.194 1012.92
58.194 1013.75
58.204 1014.36
57.949 1015.07
57.682 1015.85
57.03 1016.8
