0.3
0.7
33
6.278 1012.28
6.522 1011.83
6.841 1011.39
7.193 1011.01
7.59 1010.68
8.024 1010.41
8.49 1010.19
8.98 1010.03
9.486 1009.93
9.998 1009.9
10.512 1009.93
10.878 1009.98
12.104 1007.85
11.616 1007.71
11.07 1007.59
10.408 1007.51
9.85 1007.5
9.184 1007.55
8.637 1007.65
7.99 1007.82
7.47 1008.02
6.868 1008.31
6.394 1008.6
5.856 1008.99
5.445 1009.37
5.089 1009.75
4.74 1010.18
4.381 1010.74
4.118 1011.23
3.868 1011.85
3.704 1012.38
3.622 1012.75
6.096 1012.75
34
14.738 1018.45
15.167 1017.94
15.488 1017.48
15.812 1016.9
16.042 1016.39
16.252 1015.76
16.384 1015.22
16.472 1014.56
16.498 1014
16.462 1013.33
16.384 1012.78
16.222 1012.13
16.042 1011.61
15.762 1011
15.488 1010.52
15.099 1009.98
14.738 1009.55
14.338 1009.16
14.27 1009.1
13.279 1010.82
13.034 1011.25
13.371 1011.67
13.651 1012.14
13.855 1012.61
14 1013.11
14.079 1013.62
14.096 1014.13
14.047 1014.64
13.936 1015.14
13.761 1015.63
13.527 1016.09
13.238 1016.51
13.033 1016.75
14.27 1018.9
34
10.814 1020.45
11.361 1020.35
12.008 1020.18
12.104 1020.15
11.113 1018.43
10.863 1018.01
10.288 1018.09
9.742 1018.09
9.23 1018.03
8.732 1017.9
8.254 1017.71
7.802 1017.46
7.386 1017.16
7.011 1016.81
6.683 1016.41
6.406 1015.98
6.188 1015.51
6.097 1015.25
3.622 1015.25
3.776 1015.87
3.956 1016.39
4.236 1017
4.51 1017.48
4.899 1018.03
5.26 1018.45
5.662 1018.84
6.178 1019.26
6.644 1019.56
7.232 1019.88
7.745 1020.09
8.382 1020.3
8.928 1020.41
9.59 1020.49
10.147 1020.5
