0.3
0.7
99
9.41 1023.91
9.706 1023.71
9.909 1023.41
9.998 1023.05
9.998 999.002
45.998 999.002
46.501 999.026
46.996 999.1
47.482 999.226
47.952 999.4
48.405 999.617
48.832 999.879
49.231 1000.18
49.596 1000.53
49.926 1000.9
50.218 1001.31
50.476 1001.77
50.684 1002.25
50.834 1002.73
50.938 1003.22
50.992 1003.74
51 1004.53
51 1008.2
51.101 1008.27
51.657 1007.87
51.932 1007.68
53.417 1008.75
54.931 1007.68
56.417 1008.75
57.931 1007.68
59.417 1008.75
60.931 1007.68
60.998 1007.72
60.998 1004.05
60.99 1003.48
60.962 1002.96
60.916 1002.43
60.852 1001.91
60.772 1001.4
60.672 1000.88
60.554 1000.37
60.418 999.868
60.264 999.366
60.094 998.872
59.906 998.382
59.702 997.9
59.48 997.426
59.244 996.96
58.99 996.502
58.72 996.052
58.434 995.614
58.134 995.184
57.82 994.766
57.49 994.36
57.146 993.964
56.79 993.582
56.418 993.212
56.036 992.854
55.64 992.51
55.234 992.182
54.816 991.866
54.386 991.566
53.948 991.28
53.498 991.012
53.042 990.758
52.574 990.52
52.1 990.298
51.618 990.094
51.13 989.906
50.634 989.736
50.134 989.582
49.628 989.448
49.118 989.33
48.604 989.23
48.086 989.148
47.566 989.084
47.046 989.038
46.522 989.01
45.998 989.002
5 989.002
4.372 989.042
3.756 989.158
3.158 989.352
2.59 989.62
2.06 989.956
1.576 990.356
1.146 990.814
0.778 991.322
0.474 991.872
0.244 992.456
0.088 993.064
0.008 993.688
0 1007.08
0 1023.05
0.085 1023.4
0.292 1023.71
0.597 1023.91
0.946 1024
9.052 1024
22
60.409 1023.91
60.706 1023.71
60.909 1023.41
60.998 1023.05
60.998 1019.8
60.616 1019.56
59.566 1020.29
58.079 1019.24
57.221 1019.83
56.566 1020.29
55.079 1019.24
54.221 1019.83
53.566 1020.29
52.079 1019.24
51.221 1019.83
51 1019.99
51 1023.05
51.085 1023.4
51.292 1023.71
51.596 1023.91
51.946 1024
60.052 1024
