0.3
0.7
102
9.253 1023.97
9.544 1023.84
9.778 1023.63
9.933 1023.36
9.998 1023.05
9.998 999.002
45.998 999.002
46.519 999.029
47.035 999.109
47.541 999.244
48.03 999.432
48.495 999.67
48.936 999.954
49.342 1000.28
49.714 1000.66
50.044 1001.06
50.33 1001.5
50.566 1001.97
50.754 1002.46
50.89 1002.96
50.972 1003.48
50.998 1004
51 1005.5
51 1022.82
51.035 1023.26
51.162 1023.55
51.37 1023.78
51.64 1023.94
51.946 1024
59.735 1024
60.253 1023.97
60.544 1023.84
60.778 1023.63
60.933 1023.36
60.998 1023.05
60.998 1004.05
60.99 1003.48
60.962 1002.96
60.916 1002.43
60.852 1001.91
60.772 1001.4
60.672 1000.88
60.554 1000.37
60.418 999.868
60.264 999.366
60.094 998.872
59.906 998.382
59.702 997.9
59.48 997.426
59.244 996.96
58.99 996.502
58.72 996.052
58.434 995.614
58.134 995.184
57.82 994.766
57.49 994.36
57.146 993.964
56.79 993.582
56.418 993.212
56.041 992.859
55.645 992.514
55.239 992.186
54.821 991.87
54.391 991.57
53.953 991.284
53.503 991.016
53.047 990.761
52.58 990.523
52.106 990.301
51.624 990.097
51.136 989.909
50.64 989.739
50.14 989.585
49.634 989.45
49.124 989.332
48.61 989.232
48.092 989.15
47.572 989.086
47.052 989.04
46.528 989.011
46.011 989.003
5 989.002
4.385 989.04
3.769 989.154
3.171 989.347
2.602 989.613
2.071 989.948
1.586 990.347
1.146 990.814
0.778 991.322
0.474 991.872
0.244 992.456
0.088 993.064
0.008 993.688
0 995.135
0 1023.05
0.068 1023.36
0.225 1023.63
0.454 1023.84
0.74 1023.97
0.946 1024
8.735 1024
