0.3
0.7
98
9.395 1023.92
9.706 1023.71
9.915 1023.4
9.998 1023.05
9.998 999.002
45.998 999.002
46.522 999.03
47.038 999.11
47.544 999.246
48.032 999.434
48.498 999.672
48.938 999.956
49.344 1000.29
49.704 1000.64
50.035 1001.05
50.322 1001.49
50.56 1001.95
50.75 1002.44
50.887 1002.95
50.971 1003.46
50.999 1003.99
51 1008.12
51 1008.46
51.227 1008.61
51.676 1008.28
52.144 1007.94
53.672 1009.01
55.143 1007.93
56.672 1009.01
58.143 1007.93
59.672 1009.01
60.998 1008.04
60.994 1003.87
60.982 1003.35
60.95 1002.83
60.9 1002.3
60.83 1001.79
60.744 1001.27
60.64 1000.76
60.518 1000.25
60.378 999.742
60.22 999.244
60.046 998.75
59.854 998.262
59.646 997.782
59.42 997.31
59.178 996.846
58.92 996.39
58.646 995.944
58.358 995.508
58.054 995.082
57.736 994.666
57.402 994.262
57.056 993.87
56.696 993.49
56.322 993.124
55.936 992.77
55.538 992.43
55.128 992.104
54.708 991.792
54.276 991.496
53.834 991.216
53.384 990.95
52.924 990.7
52.456 990.466
51.978 990.248
51.496 990.048
51.004 989.866
50.508 989.7
50.006 989.55
49.5 989.42
48.988 989.306
48.474 989.21
47.956 989.134
47.436 989.074
46.914 989.034
46.392 989.01
29.832 989.002
5 989.002
4.372 989.042
3.756 989.158
3.158 989.352
2.59 989.62
2.06 989.956
1.576 990.356
1.228 990.721
0.847 991.219
0.531 991.762
0.286 992.34
0.115 992.943
0.02 993.564
0 1011.6
0 1023.05
0.091 1023.42
0.292 1023.71
0.582 1023.91
0.946 1024
9.052 1024
20
60.394 1023.92
60.706 1023.71
60.915 1023.4
60.998 1023.05
60.998 1019.55
60.485 1019.21
59.353 1020.08
57.823 1018.96
56.353 1020.08
54.823 1018.96
53.353 1020.08
51.86 1018.98
51.336 1019.33
51 1019.58
51 1023.05
51.091 1023.42
51.292 1023.71
51.581 1023.91
51.946 1024
60.052 1024
