0.3
0.7
102
9.371 1023.93
9.639 1023.77
9.838 1023.55
9.964 1023.26
9.998 1023.05
9.998 999.002
45.998 999.002
46.522 999.03
47.038 999.11
47.544 999.246
48.032 999.434
48.498 999.672
48.938 999.956
49.344 1000.29
49.71 1000.65
50.04 1001.06
50.327 1001.5
50.564 1001.96
50.753 1002.45
50.889 1002.96
50.972 1003.47
50.998 1004
51 1005.9
51 1023.05
51.102 1023.44
51.303 1023.72
51.557 1023.9
51.857 1023.99
53.16 1024
60.052 1024
60.371 1023.93
60.639 1023.77
60.838 1023.55
60.964 1023.26
60.998 1023.05
60.998 1004.16
60.991 1003.63
60.969 1003.11
60.928 1002.58
60.871 1002.06
60.794 1001.54
60.698 1001.03
60.587 1000.52
60.456 1000.01
60.308 999.511
60.143 999.014
59.959 998.524
59.76 998.04
59.543 997.563
59.31 997.095
59.062 996.635
58.796 996.182
58.515 995.74
58.22 995.31
57.908 994.887
57.583 994.477
57.243 994.078
56.89 993.692
56.51 993.306
56.13 992.946
55.738 992.598
55.334 992.266
54.92 991.946
54.494 991.642
54.056 991.354
53.61 991.08
53.154 990.822
52.69 990.58
52.218 990.356
51.738 990.146
51.25 989.954
50.758 989.78
50.258 989.622
49.754 989.482
49.244 989.36
48.732 989.256
48.216 989.17
47.696 989.102
47.176 989.052
46.654 989.02
46.13 989.006
39.854 989.002
5 989.002
4.372 989.042
3.756 989.158
3.158 989.352
2.59 989.62
2.06 989.956
1.576 990.356
1.177 990.779
0.804 991.283
0.496 991.83
0.26 992.412
0.098 993.018
0.012 993.641
0 1023.05
0.102 1023.44
0.303 1023.72
0.559 1023.9
0.857 1023.99
2.16 1024
9.052 1024
5
52.657 1014.37
52.676 1013.03
52.882 1014.3
52.9 1014.4
52.811 1014.86
5
55.656 1014.4
55.676 1013.03
55.882 1014.3
55.9 1014.4
55.811 1014.86
5
58.656 1014.4
58.676 1013.03
58.882 1014.3
58.899 1014.4
58.811 1014.86
