0.3
0.7
145
22.974 1018.2
24.552 1018.08
25.647 1017.99
26.179 1017.95
26.722 1017.91
27.284 1017.87
27.792 1017.78
28.967 1017.58
29.46 1017.47
29.954 1017.25
30.475 1017.05
30.885 1016.96
31.406 1016.91
31.945 1016.86
32.436 1016.75
32.994 1016.56
33.445 1016.32
33.78 1016.04
34.094 1015.6
34.365 1015.12
34.582 1014.65
34.804 1014.15
35.274 1013.24
35.503 1012.78
35.786 1012.27
36.068 1011.77
36.269 1011.28
36.401 1010.77
36.571 1010.27
36.722 1009.77
36.843 1009.22
36.94 1008.72
37.123 1007.68
37.202 1007.19
37.265 1006.62
37.286 1006.03
37.338 1005.51
37.41 1005
37.458 1004.47
37.501 1003.91
37.498 1003.4
37.481 1002.89
37.416 1002.35
37.171 1001.3
37.066 1000.79
36.939 1000.28
36.776 999.807
36.587 999.343
36.368 998.884
36.208 998.647
35.867 998.439
35.303 998.304
34.776 998.234
34.27 998.201
33.762 998.159
33.186 998.139
32.656 998.151
32.119 998.157
31.003 998.154
30.489 998.158
29.989 998.15
29.462 998.147
28.904 998.153
28.388 998.147
27.26 998.113
26.751 998.103
26.239 998.123
25.704 998.188
25.192 998.323
24.707 998.539
24.194 998.713
23.613 998.861
22.611 999.167
22.08 999.232
21.573 999.209
21.061 999.121
20.548 998.972
20.046 998.864
19.544 998.839
18.511 998.95
17.903 998.975
15.656 999.271
14.648 999.324
14.142 999.375
13.607 999.476
13.079 999.604
12.024 999.941
11.514 1000.07
11.001 1000.15
10.5 1000.22
9.412 1000.34
8.853 1000.43
8.356 1000.56
7.859 1000.76
7.475 1001.05
7.206 1001.45
7.035 1001.94
6.822 1002.48
6.699 1003.02
6.665 1003.45
6.717 1003.95
6.73 1004.5
6.774 1005
6.866 1005.59
6.967 1006.13
7.053 1006.63
7.178 1007.18
7.365 1008.24
7.552 1008.72
7.784 1009.18
7.964 1009.67
8.106 1010.16
8.277 1010.72
8.416 1011.22
8.537 1011.72
8.805 1012.73
8.957 1013.26
9.138 1013.82
9.29 1014.34
9.473 1014.84
9.728 1015.29
10.065 1015.75
10.462 1016.09
10.888 1016.39
11.323 1016.64
11.809 1016.88
12.279 1017.09
12.789 1017.28
13.26 1017.48
13.742 1017.74
14.219 1017.93
14.697 1017.99
15.207 1017.91
15.707 1017.86
16.244 1017.86
17.258 1017.91
17.771 1017.96
18.792 1018.06
19.304 1018.09
19.843 1018.12
20.376 1018.14
20.942 1018.14
21.48 1018.19
21.98 1018.28
22.478 1018.3
