0.3
0.7
265
22.251 1019.18
22.764 1019.01
23.276 1018.77
23.665 1018.44
24.021 1018.09
24.251 1018.02
24.584 1018.1
24.985 1018.24
25.41 1018.18
25.874 1017.96
26.353 1017.64
26.529 1017.43
26.745 1016.97
26.901 1016.88
27.411 1016.91
27.797 1016.83
28.215 1016.58
28.489 1016.16
28.843 1015.8
29.178 1015.43
29.449 1015.02
29.604 1014.57
29.675 1014.04
29.686 1013.5
29.75 1013.23
30.004 1012.75
30.252 1012.26
30.295 1011.89
30.273 1011.45
30.608 1011.07
31.007 1010.73
31.39 1010.36
31.533 1010.01
31.58 1008.98
31.625 1008.46
31.767 1007.94
31.98 1007.43
32.192 1006.97
32.391 1006.5
32.55 1005.97
32.517 1005.46
32.399 1004.95
32.357 1004.68
32.387 1004.33
32.306 1004.09
31.969 1003.74
31.624 1003.39
31.558 1003.12
31.637 1002.61
31.797 1002.1
31.957 1001.85
32.378 1001.55
32.663 1001.26
32.745 1001.06
32.687 1000.72
32.503 1000.17
32.331 999.676
32.107 999.311
31.709 998.967
31.681 998.78
31.916 998.272
31.91 998.104
31.746 997.883
31.288 997.587
30.791 997.39
30.278 997.277
29.722 997.271
29.215 997.186
29.099 997.107
29.084 996.948
29.303 996.489
29.522 996.011
29.625 995.586
29.581 995.293
29.45 995.037
29.402 994.652
29.221 994.316
28.969 994.128
28.688 994.068
28.291 994.137
28.111 994.148
27.994 994.007
27.747 993.563
27.387 993.184
27.033 992.993
26.488 992.843
26.268 992.878
26.011 993.082
25.651 993.444
25.309 993.637
24.958 993.749
24.829 993.725
24.593 993.533
24.383 993.134
24.259 992.638
24.19 992.564
24.139 992.598
24.103 993.113
23.881 993.575
23.745 993.731
23.615 993.731
23.205 993.42
22.822 993.055
22.494 992.665
22.274 992.204
22.132 991.759
21.913 991.593
21.658 991.478
21.651 991.299
21.717 990.803
21.656 990.602
21.424 990.473
21.025 990.456
20.552 990.526
20.08 990.72
19.67 991.067
19.415 991.232
19.118 991.277
18.801 991.258
18.618 991.327
18.354 991.436
17.799 991.359
17.449 991.265
17.276 991.314
17.126 991.525
16.983 992.058
16.883 992.355
16.676 992.501
16.317 992.543
16.004 992.47
15.587 992.182
15.174 991.934
14.946 991.964
14.465 992.192
14.199 992.383
13.704 992.181
13.346 992.153
13.061 992.227
12.923 992.344
12.788 992.523
12.612 992.566
12.076 992.497
11.532 992.508
10.945 992.599
10.438 992.753
9.919 992.848
9.399 992.896
8.871 992.913
8.354 992.969
7.8 993.088
7.315 993.238
7.067 993.528
6.592 993.688
6.131 993.859
5.724 994.172
5.307 994.485
4.905 994.736
4.46 994.977
4.012 995.254
3.631 995.632
3.403 996.03
3.297 996.488
3.337 996.886
3.258 997.034
3.01 997.149
2.709 997.276
2.397 997.549
2.083 997.996
1.91 998.408
1.912 998.77
2.053 998.973
2.354 999.1
2.868 999.051
3.139 999.099
3.31 999.219
3.581 999.669
3.744 1000.22
3.799 1000.77
3.78 1001.8
3.856 1002.24
4.003 1002.66
4.114 1003.17
4.158 1003.49
4.039 1003.89
3.939 1004
3.432 1004.18
3.329 1004.36
3.371 1004.71
3.561 1005.01
3.767 1005.29
3.758 1005.49
3.634 1005.91
3.675 1006.42
3.852 1006.91
4.172 1007.4
4.527 1007.78
4.973 1008.01
5.429 1008.28
5.836 1008.62
6.229 1008.97
6.382 1009.13
6.424 1009.26
6.292 1009.38
5.893 1009.61
5.789 1009.81
5.767 1010.15
5.525 1010.32
5.531 1010.5
5.73 1010.97
6.013 1011.39
6.371 1011.74
6.738 1011.98
7.051 1012.19
7.367 1012.41
7.879 1012.51
8.263 1012.64
8.444 1012.84
8.591 1013.04
8.898 1013.14
9.243 1013.25
9.505 1013.4
9.86 1013.39
10.361 1013.3
10.774 1013.22
10.979 1013.31
11.101 1013.52
11.068 1014.02
11.13 1014.23
11.318 1014.39
11.305 1014.6
11.165 1015.11
11.042 1015.6
11.015 1016.09
11.139 1016.59
11.358 1016.93
11.719 1017.28
12.162 1017.55
12.694 1017.78
13.118 1017.86
13.364 1017.82
13.554 1017.87
13.775 1018.04
14.002 1018.05
14.292 1018
14.46 1018.14
14.717 1018.4
14.986 1018.48
15.21 1018.43
15.543 1018.19
15.726 1018.25
16.022 1018.56
16.18 1018.6
16.459 1018.52
16.77 1018.33
17.214 1018.33
17.635 1018.43
18.08 1018.53
18.352 1018.58
18.84 1018.84
19.305 1018.87
19.802 1018.82
20.305 1018.88
20.772 1019.06
21.29 1019.15
21.757 1019.21
