0.3
0.7
168
23.605 1018.77
24.093 1018.66
24.59 1018.6
25.121 1018.54
26.784 1018.43
27.338 1018.38
27.836 1018.31
28.836 1018.15
29.343 1018.03
29.81 1017.88
30.325 1017.63
30.797 1017.46
31.301 1017.38
31.837 1017.37
32.367 1017.38
32.876 1017.35
33.414 1017.29
33.918 1017.21
34.412 1017.06
34.805 1016.88
35.134 1016.5
35.484 1015.97
35.789 1015.55
36.529 1014.59
36.821 1014.18
37.097 1013.73
37.43 1013.23
37.751 1012.77
38.033 1012.21
38.455 1011.22
38.607 1010.74
38.721 1010.22
38.873 1009.69
38.934 1009.18
38.979 1008.67
39.043 1008.17
39.055 1007.84
39.07 1007.47
39.229 1006.91
39.316 1006.35
39.376 1005.81
39.42 1005.29
39.481 1004.73
39.495 1004.19
39.456 1003.68
39.345 1003.12
39.214 1002.61
39.062 1002.12
38.861 1001.66
38.706 1001.15
38.483 1000.66
38.277 1000.44
37.828 1000.19
37.353 1000.03
36.86 999.902
36.274 999.787
35.647 999.68
35.099 999.61
34.101 999.47
33.56 999.413
33.054 999.376
32.54 999.361
31.423 999.376
30.92 999.393
30.42 999.404
29.888 999.422
29.384 999.448
28.855 999.482
28.312 999.501
27.775 999.469
27.259 999.403
26.711 999.342
26.127 999.321
25.592 999.364
25.108 999.508
24.671 999.581
24.143 999.575
23.643 999.656
23.3 999.824
23.011 1000.14
22.734 1000.6
22.439 1000.85
22.26 1000.91
21.971 1000.84
21.554 1000.54
21.134 1000.19
20.742 1000.06
20.204 1000.04
19.701 1000.06
19.174 1000.12
18.645 1000.25
17.599 1000.58
17.1 1000.73
16.597 1000.84
16.057 1000.89
14.891 1000.85
14.385 1000.82
13.869 1000.8
13.341 1000.85
12.835 1000.91
12.334 1001.01
11.844 1001.13
10.83 1001.37
10.261 1001.48
9.755 1001.56
9.138 1001.64
8.578 1001.75
8.034 1001.9
7.505 1002.13
7.033 1002.35
6.469 1002.52
6.178 1002.55
5.92 1002.37
5.617 1001.97
5.526 1001.73
5.399 1001.24
5.281 1001.09
5.142 1001.06
5.081 1001.11
4.962 1001.82
4.969 1002.37
5.001 1002.89
5.093 1003.98
5.17 1004.5
5.256 1005
5.35 1005.49
5.456 1006
5.563 1006.5
5.676 1007.08
5.798 1007.58
5.932 1008.15
6.444 1009.65
6.573 1010.13
6.884 1011.2
7.003 1011.69
7.295 1012.71
7.45 1013.19
7.584 1013.68
7.715 1014.2
7.778 1014.7
7.849 1015.09
8.008 1015.38
8.379 1015.74
8.767 1016.09
9.199 1016.44
9.685 1016.72
10.191 1016.98
10.676 1017.15
11.659 1017.39
12.167 1017.5
12.675 1017.61
13.18 1017.71
13.719 1017.85
14.197 1018.04
14.583 1018.13
15.644 1018.09
16.186 1018.09
16.712 1018.14
17.263 1018.18
18.291 1018.3
19.366 1018.4
19.948 1018.46
20.482 1018.48
21.012 1018.51
21.519 1018.6
22.011 1018.74
22.533 1018.82
23.061 1018.86
