0.3
0.7
222
19.495 1021.07
20.001 1021
20.502 1021
21.045 1021.02
21.579 1021.05
22.075 1021.07
22.376 1021.02
22.879 1021.11
23.443 1021.11
23.989 1021.1
24.501 1021.1
25.021 1021.07
25.529 1021.02
26.069 1021.01
26.659 1021.01
27.196 1020.99
27.755 1020.97
28.29 1020.93
28.814 1020.81
29.368 1020.61
29.908 1020.5
30.471 1020.34
30.972 1020.18
31.448 1019.99
31.944 1019.86
32.429 1019.72
32.933 1019.63
33.469 1019.55
33.97 1019.46
34.492 1019.34
35.007 1019.18
35.48 1018.98
35.974 1018.74
36.914 1018.26
37.39 1018.05
37.843 1017.83
38.264 1017.55
38.758 1017.2
39.174 1016.87
39.563 1016.54
39.981 1016.15
40.355 1015.72
40.682 1015.32
41.011 1014.93
41.348 1014.52
41.955 1013.71
42.254 1013.26
42.512 1012.82
42.738 1012.36
42.973 1011.78
43.142 1011.2
43.252 1010.71
43.332 1009.41
43.328 1008.89
43.303 1008.36
43.123 1007.35
42.99 1006.86
42.834 1006.47
42.603 1006.21
42.087 1005.92
41.609 1005.73
41.127 1005.69
40.62 1005.79
39.599 1006.04
39.104 1006.15
38.569 1006.23
38.052 1006.28
37.524 1006.32
37.012 1006.32
36.511 1006.3
35.968 1006.27
35.356 1006.22
34.838 1006.11
34.323 1005.93
33.863 1005.68
33.39 1005.42
32.451 1005
32.076 1004.66
31.72 1004.24
31.316 1003.93
30.86 1003.7
30.388 1003.49
30.114 1003.25
29.792 1002.84
29.445 1002.51
29.085 1002.33
28.67 1002.28
28.137 1002.4
27.594 1002.52
27.196 1002.5
26.882 1002.36
26.5 1002.03
26.16 1001.63
25.828 1001.18
25.526 1000.83
25.308 1000.7
24.806 1000.64
24.347 1000.73
24.02 1000.91
23.818 1001.17
23.698 1001.67
23.639 1002.18
23.523 1002.5
23.362 1002.67
23.008 1002.83
22.511 1002.87
22.01 1002.88
21.457 1002.9
20.928 1002.9
20.413 1002.85
19.889 1002.72
19.385 1002.49
18.986 1002.38
18.521 1002.38
18.028 1002.49
17.535 1002.72
17.022 1003.02
16.6 1003.31
16.133 1003.65
15.71 1003.93
15.267 1004.21
14.347 1004.72
13.948 1005.05
13.638 1005.45
13.386 1005.9
13.116 1006.34
12.884 1006.79
12.684 1007.11
12.416 1007.29
12.13 1007.31
11.587 1007.21
11.088 1007.11
10.595 1007.01
10.061 1006.99
9.48 1007
9.039 1006.97
8.786 1006.85
8.668 1006.69
8.593 1006.26
8.652 1005.49
8.803 1004.99
8.953 1004.51
9.017 1004.16
8.819 1003.69
8.687 1003.19
8.562 1002.68
8.47 1002.17
8.436 1001.75
8.353 1001.26
8.256 1000.81
7.995 1000.37
7.749 999.931
7.55 999.449
7.316 998.959
7.098 998.77
6.83 998.74
6.303 998.785
5.77 998.842
5.23 998.95
4.727 999.081
4.242 999.245
3.779 999.443
3.338 999.686
2.927 999.975
2.774 1000.32
2.636 1000.88
2.565 1001.42
2.479 1001.99
2.422 1002.5
2.387 1003.01
2.403 1003.52
2.487 1004.02
2.552 1004.51
2.594 1005.07
2.614 1005.62
2.668 1006.23
2.72 1006.73
2.801 1007.27
2.885 1007.77
2.943 1008.29
3.02 1008.84
3.121 1009.39
3.329 1010.42
3.504 1010.89
3.647 1011.38
3.783 1011.88
4.186 1013.51
4.313 1014
4.438 1014.55
4.591 1015.13
4.742 1015.63
4.916 1016.14
5.099 1016.64
5.31 1017.1
5.6 1017.54
5.874 1017.9
6.28 1018.21
6.729 1018.5
7.173 1018.73
7.634 1018.89
8.146 1018.95
8.684 1018.94
9.197 1018.92
9.71 1018.89
10.233 1018.84
10.752 1018.83
11.283 1018.86
11.839 1018.94
12.386 1019.04
12.705 1019.1
13.194 1019.26
13.692 1019.41
14.186 1019.56
15.238 1019.95
15.723 1020.12
16.191 1020.29
16.673 1020.49
17.184 1020.64
17.707 1020.77
18.209 1020.91
18.709 1021.12
19.001 1021.15
