0.3
0.7
360
17.878 1022.95
18.32 1022.85
18.629 1022.69
18.886 1022.24
19.159 1021.99
19.477 1021.9
19.987 1021.9
20.518 1021.95
20.818 1022.01
21.152 1022.11
21.692 1022.09
22.535 1022.27
23.06 1022.3
23.569 1022.29
24.089 1022.19
24.59 1022.04
25.075 1021.87
25.56 1021.72
26.046 1021.51
26.542 1021.27
26.987 1021.01
27.417 1020.65
27.727 1020.3
28.215 1020.06
28.686 1019.79
29.109 1019.5
29.546 1019.25
29.91 1018.95
30.166 1018.65
30.444 1018.22
30.772 1017.99
31.292 1017.82
31.645 1017.64
32.025 1017.27
32.234 1016.97
32.28 1016.73
32.297 1016.37
32.432 1016.17
32.908 1015.82
33.286 1015.48
33.637 1015.08
33.935 1014.67
34.139 1014.21
34.153 1013.96
33.998 1013.46
34.077 1013.05
34.336 1012.51
34.511 1012.01
34.604 1011.47
34.727 1010.97
34.821 1010.44
34.972 1009.92
35.101 1009.54
35.31 1009.17
35.544 1008.65
35.58 1008.35
35.564 1007.83
35.578 1007.31
35.615 1006.79
35.715 1006.3
35.812 1005.8
35.872 1005.28
35.799 1004.94
35.506 1004.5
35.347 1004.13
35.352 1003.68
35.466 1003.25
35.505 1003.01
35.379 1002.72
35.232 1002.51
35.286 1002.24
35.338 1001.99
35.256 1001.7
35.148 1001.45
35.256 1001.27
35.663 1001.1
36.048 1000.94
36.208 1000.78
36.244 1000.59
36.097 1000.06
35.891 999.594
35.665 999.101
35.523 998.664
35.201 998.235
34.862 997.836
34.76 997.69
34.745 997.483
34.795 997.217
34.723 997.06
34.488 996.874
34.377 996.79
34.211 996.294
34.044 995.778
33.838 995.319
33.635 995.168
33.273 995.071
33.033 995.107
32.545 995.327
32.295 995.339
31.981 995.184
31.588 994.863
31.588 994.667
31.791 994.156
31.897 993.619
31.909 993.195
31.788 992.841
31.46 992.381
31.09 992.056
30.667 991.92
30.388 991.924
29.955 992.199
29.612 992.514
29.426 992.593
29.21 992.553
28.931 992.277
28.615 991.884
28.247 991.594
28.005 991.486
27.651 991.472
27.551 991.338
27.516 991.047
27.525 990.914
27.589 990.877
27.564 990.775
27.535 990.65
27.434 990.551
27.378 990.246
27.478 989.749
27.371 989.659
27.269 989.735
27.165 989.602
27.147 989.481
26.727 989.325
26.227 989.359
25.915 989.434
25.702 989.632
25.54 989.858
25.245 989.986
25.028 990.408
24.798 990.564
24.46 990.59
24.307 990.508
24.099 990.11
24.145 989.685
24.01 989.333
23.712 989.088
23.177 989.01
22.808 988.776
22.396 988.444
22.005 988.345
21.625 988.409
21.114 988.576
20.833 988.751
20.491 989.159
20.183 989.575
19.916 989.81
19.424 989.968
19.142 989.957
18.96 989.82
18.852 989.436
18.84 988.925
18.763 988.409
18.705 987.906
18.584 987.507
18.263 987.112
17.836 986.813
17.515 986.681
17.057 986.627
16.578 986.687
16.125 987.009
15.781 987.162
15.608 987.362
15.465 987.651
15.166 988.053
15.03 988.423
15.006 988.942
14.968 989.105
14.842 989.158
14.438 989.023
14.028 988.688
13.708 988.294
13.493 988.007
13.271 987.909
13.033 987.897
12.765 987.555
12.477 987.474
12.108 987.524
11.881 987.663
11.551 988.022
11.351 988.527
11.336 988.787
11.521 989.331
11.61 989.631
11.554 989.739
11.333 989.817
11.201 989.892
11.159 990.048
11.251 990.384
11.471 990.84
11.59 991.215
11.51 991.373
11.265 991.539
11.049 991.572
10.611 991.26
10.106 991.05
9.606 990.918
9.131 990.591
8.684 990.326
8.33 990.143
7.876 990.029
7.539 990.053
7.156 990.179
7.103 990.272
7.238 990.686
7.136 990.861
6.785 991.245
6.492 991.627
6.258 992.07
6.11 992.549
5.988 992.821
5.844 992.939
5.737 992.901
5.568 992.594
5.491 992.124
5.607 991.636
5.618 991.119
5.62 990.95
5.542 990.904
5.146 991.087
4.878 991.387
4.626 991.846
4.516 992.351
4.488 992.868
4.338 993.245
4.038 993.552
3.619 993.827
3.133 994.061
2.652 994.201
2.292 994.323
1.884 994.639
1.7 994.87
1.604 995.217
1.25 995.52
0.948 996.007
0.76 996.493
0.682 997.03
0.686 997.532
0.614 998.082
0.518 998.596
0.465 999.099
0.439 999.682
0.49 1000.18
0.594 1000.68
0.657 1001.01
0.821 1001.21
1.051 1001.31
1.562 1001.36
1.743 1001.45
1.836 1001.64
1.752 1001.79
1.673 1001.98
1.63 1002.15
1.559 1002.23
1.336 1002.19
0.835 1002.08
0.522 1002.02
0.399 1002.15
0.344 1002.47
0.436 1002.78
0.729 1003.19
1.098 1003.45
1.464 1003.54
1.938 1003.52
2.494 1003.41
2.746 1003.39
3.004 1003.51
3.088 1003.71
3.039 1004.02
2.894 1004.27
2.57 1004.42
2.31 1004.45
1.985 1004.64
1.859 1004.81
1.756 1005.17
1.839 1005.59
1.899 1005.75
1.529 1006.09
1.306 1006.4
1.156 1006.81
0.697 1007.04
0.503 1007.28
0.457 1007.62
0.5 1008.17
0.654 1008.7
0.83 1009.17
1.049 1009.64
1.341 1010.09
1.682 1010.51
1.69 1010.76
1.663 1011.09
1.777 1011.47
1.985 1011.78
2.29 1011.99
2.778 1012.21
3.294 1012.29
3.68 1012.3
3.871 1012.38
3.997 1012.59
4.175 1012.86
4.47 1012.99
4.992 1013.1
5.418 1013.28
5.624 1013.5
5.792 1014.05
5.977 1014.32
6.086 1014.49
6.134 1014.7
6.018 1014.86
5.596 1015.16
5.257 1015.46
5.255 1015.56
5.432 1015.83
5.628 1016.03
5.681 1016.23
5.662 1016.68
5.741 1016.89
6.052 1017.29
6.421 1017.63
6.878 1017.95
7.314 1018.21
7.761 1018.27
8.256 1018.15
8.574 1018.18
8.697 1018.26
8.746 1018.46
8.605 1018.97
8.539 1019.37
8.632 1019.63
9.011 1019.94
9.436 1020.24
9.842 1020.57
10.268 1020.86
10.752 1021.13
11.254 1021.36
11.738 1021.5
12.241 1021.57
12.741 1021.65
13.296 1021.57
13.763 1021.49
13.888 1021.57
14.203 1022
14.394 1022.22
14.881 1022.39
15.352 1022.49
15.695 1022.43
15.947 1022.37
16.127 1022.47
16.456 1022.77
16.731 1022.88
17.244 1022.95
