0.3
0.7
129
27.575 1018.27
28.083 1018.19
28.527 1017.93
28.984 1017.69
29.32 1017.47
29.438 1017.32
29.549 1017.33
29.646 1017.01
30.142 1016.94
30.488 1017.01
30.766 1016.86
31.036 1016.53
31.237 1016.14
31.411 1015.87
31.527 1015.46
31.494 1015.16
31.282 1014.71
31.265 1014.54
31.328 1014.46
31.581 1014.32
31.693 1014.01
31.654 1013.79
31.508 1013.51
31.391 1012.98
31.365 1012.63
31.45 1012.39
31.752 1011.98
32.028 1011.49
32.227 1011.01
32.367 1010.51
32.451 1010
32.463 1009.39
32.433 1008.86
32.383 1008.36
32.282 1007.83
32.116 1007.32
31.918 1006.84
31.704 1006.36
31.472 1005.9
31.187 1005.38
30.916 1004.95
30.556 1004.45
30.239 1004.03
29.986 1003.57
29.771 1003.11
29.507 1002.62
29.237 1002.18
28.927 1001.71
28.613 1001.3
28.26 1000.92
27.85 1000.6
27.394 1000.35
26.88 1000.19
26.342 1000.1
25.784 1000.05
25.197 1000.05
24.69 1000.1
24.172 1000.11
23.642 1000.09
23.122 1000.02
22.559 999.954
22.036 999.928
21.536 999.942
21.011 1000.01
20.504 1000.1
19.979 1000.23
19.442 1000.38
18.908 1000.5
18.406 1000.59
17.847 1000.72
17.364 1000.92
16.923 1001.22
16.517 1001.57
16.089 1001.83
15.661 1002.11
15.29 1002.46
14.993 1002.88
14.792 1003.35
14.758 1003.87
14.757 1004.44
14.671 1004.94
14.511 1005.29
14.177 1005.72
13.856 1006.11
13.614 1006.51
13.438 1006.98
13.339 1007.48
13.248 1008.09
13.2 1008.64
13.196 1009.14
13.236 1009.67
13.3 1010.17
13.391 1010.67
13.514 1011.19
13.708 1011.72
13.978 1012.21
14.282 1012.65
14.631 1013.08
14.989 1013.43
15.792 1014.13
16.103 1014.53
16.225 1014.92
16.329 1015.46
16.51 1015.97
16.744 1016.43
17.046 1016.85
17.404 1017.21
17.822 1017.5
18.279 1017.74
18.772 1017.92
19.307 1018.07
19.872 1018.17
20.399 1018.2
20.9 1018.2
21.419 1018.14
21.981 1018.03
22.48 1017.97
22.995 1017.89
23.521 1017.79
24.045 1017.68
24.745 1017.59
24.921 1017.72
25.087 1017.83
25.235 1017.84
25.576 1017.74
25.7 1017.8
25.989 1018.12
26.501 1018.22
27.01 1018.3
