0.3
0.7
213
24.596 1020.75
25.674 1020.68
26.802 1020.7
27.31 1020.71
27.871 1020.71
28.336 1020.68
28.852 1020.5
29.309 1020.27
29.878 1020.17
30.392 1020.06
30.906 1019.88
31.412 1019.7
31.994 1019.54
32.492 1019.44
32.998 1019.43
33.497 1019.38
33.999 1019.32
34.508 1019.23
35.001 1019.08
35.536 1018.84
36.028 1018.59
36.961 1018.06
37.43 1017.82
38.298 1017.29
38.724 1016.99
39.125 1016.66
39.518 1016.3
39.869 1015.92
40.212 1015.52
40.54 1015.08
40.865 1014.7
41.177 1014.26
41.473 1013.85
42.055 1013.01
42.335 1012.55
42.559 1012.09
42.754 1011.59
42.892 1011.08
42.974 1010.53
42.996 1009.99
43.068 1009.47
43.107 1008.96
43.12 1008.43
43.039 1007.93
42.927 1007.43
42.816 1006.9
42.692 1006.38
42.478 1005.91
42.213 1005.66
41.749 1005.42
41.401 1005.38
40.905 1005.44
40.384 1005.57
39.36 1005.84
38.832 1005.95
38.219 1006.04
37.682 1006.09
37.155 1006.11
36.604 1006.09
36.102 1006.07
35.59 1006.02
35.025 1005.89
34.538 1005.7
33.581 1005.25
33.102 1005.05
32.656 1004.78
32.288 1004.41
31.906 1004
31.476 1003.72
30.982 1003.52
30.546 1003.34
30.188 1003.03
29.842 1002.62
29.505 1002.34
29.133 1002.19
28.717 1002.19
28.211 1002.36
27.774 1002.52
27.248 1002.53
26.927 1002.43
26.56 1002.17
26.195 1001.81
25.852 1001.37
25.573 1000.95
25.372 1000.73
25.074 1000.62
24.611 1000.6
24.207 1000.71
23.914 1000.92
23.758 1001.18
23.677 1001.73
23.647 1002.25
23.556 1002.56
23.366 1002.78
22.991 1002.95
22.474 1002.99
21.967 1003.01
21.473 1002.99
20.965 1002.91
20.391 1002.78
20.051 1002.65
19.595 1002.4
19.221 1002.28
18.759 1002.28
18.219 1002.41
17.766 1002.63
17.312 1002.91
16.374 1003.55
15.888 1003.85
15.44 1004.1
14.94 1004.36
14.495 1004.61
14.098 1004.9
13.778 1005.29
13.255 1006.16
12.975 1006.61
12.736 1006.86
12.537 1006.96
12.156 1006.97
11.635 1006.91
10.59 1006.74
10.048 1006.71
9.518 1006.7
9.014 1006.7
8.706 1006.62
8.527 1006.47
8.428 1005.95
8.444 1005.43
8.559 1004.83
8.668 1004.33
8.703 1003.81
8.577 1003.32
8.46 1002.83
8.366 1002.34
8.24 1001.85
8.122 1001.33
7.975 1000.83
7.733 1000.38
7.454 999.933
7.244 999.454
7.016 998.995
6.803 998.795
6.386 998.78
5.848 998.834
5.209 998.961
4.67 999.11
4.158 999.293
3.701 999.499
3.251 999.757
3.031 999.936
2.884 1000.44
2.795 1000.97
2.726 1001.5
2.674 1002
2.637 1002.52
2.628 1003.02
2.667 1003.53
2.746 1004.05
2.793 1004.6
2.823 1005.16
2.866 1005.66
2.939 1006.24
3.049 1007.25
3.116 1007.77
3.157 1008.27
3.214 1008.78
3.319 1009.3
3.434 1009.83
3.593 1010.38
3.809 1010.84
3.957 1011.33
4.092 1011.82
4.228 1012.34
4.718 1014.38
4.844 1014.88
5.012 1015.37
5.196 1015.87
5.388 1016.38
5.604 1016.84
5.882 1017.27
6.213 1017.68
6.554 1017.99
7.012 1018.28
7.455 1018.54
7.789 1018.66
8.306 1018.68
8.807 1018.68
9.364 1018.65
9.874 1018.63
10.398 1018.62
10.918 1018.63
11.437 1018.64
11.956 1018.71
12.491 1018.83
13.022 1018.92
13.604 1019.05
14.126 1019.18
14.643 1019.33
16.64 1020.05
17.127 1020.2
17.633 1020.33
18.123 1020.46
18.666 1020.59
19.203 1020.62
19.726 1020.55
20.304 1020.58
20.847 1020.61
21.395 1020.66
21.931 1020.7
22.466 1020.73
22.99 1020.74
23.513 1020.74
24.069 1020.76
