0.3
0.7
229
21.656 1021.08
21.861 1020.97
22.224 1020.6
22.435 1020.41
22.537 1020.25
22.779 1020.12
23.282 1020.23
23.777 1020.31
24.211 1020.3
24.711 1020.25
25.033 1020.17
25.373 1019.96
25.914 1019.96
26.273 1019.96
26.594 1020.08
27.047 1020.1
27.578 1019.96
27.963 1019.73
28.182 1019.44
28.394 1018.92
28.531 1018.77
28.808 1018.76
29.332 1018.82
29.772 1018.78
29.892 1018.59
29.991 1018.08
30.085 1017.84
30.271 1017.69
30.539 1017.25
30.766 1017.04
31.272 1016.84
31.809 1016.76
32.346 1016.85
32.659 1016.7
32.914 1016.45
33.179 1016.06
33.294 1015.7
33.311 1015.2
33.227 1014.7
33.128 1014.17
33.149 1013.78
33.254 1013.56
33.502 1013.39
33.866 1013.17
34.113 1013.03
34.498 1012.91
34.917 1012.55
35.26 1012.17
35.561 1011.76
35.797 1011.32
36.023 1010.86
36.206 1010.35
36.29 1009.85
36.428 1009.57
36.778 1009.21
36.901 1008.93
36.974 1008.44
36.976 1007.92
36.88 1007.38
36.661 1006.91
36.402 1006.4
36.14 1005.91
36.058 1005.57
36.176 1005.06
36.14 1004.78
35.983 1004.26
35.844 1003.86
35.786 1003.7
35.607 1003.56
35.31 1003.52
35.187 1003.36
34.97 1002.88
34.705 1002.35
34.426 1001.98
34.142 1001.78
33.642 1001.57
33.281 1001.38
32.924 1000.99
32.498 1000.63
31.991 1000.38
31.749 1000.29
31.469 1000.13
30.959 1000.04
30.459 999.976
30.126 999.968
29.646 1000.19
29.254 1000.33
28.878 1000.41
28.446 1000.69
28.288 1000.71
28.072 1000.6
27.613 1000.28
27.21 999.933
26.978 999.681
27.014 999.53
27.381 999.156
27.553 998.957
27.757 998.512
27.753 998.072
27.527 997.724
27.102 997.446
26.572 997.265
26.047 997.19
25.537 997.255
25.18 997.337
25.07 997.263
24.843 996.803
24.565 996.343
24.226 995.946
23.796 995.638
23.592 995.451
23.403 994.931
23.16 994.67
22.897 994.546
22.628 994.553
22.497 994.546
22.297 994.392
21.943 994.353
21.691 994.335
21.295 994.01
20.877 993.655
20.44 993.409
19.963 993.233
19.453 993.091
18.908 992.954
18.393 992.851
17.893 992.807
17.355 992.827
16.857 992.895
16.319 993.012
15.808 993.159
15.303 993.348
14.846 993.557
13.918 994.044
13.47 994.313
13.035 994.654
12.665 994.998
12.272 995.378
11.861 995.74
11.41 996.091
10.96 996.372
10.458 996.516
9.941 996.563
9.406 996.516
8.375 996.409
7.867 996.336
7.398 996.222
7.094 996.276
6.882 996.441
6.627 996.859
6.582 997.16
6.721 997.535
7.285 998.442
7.554 998.928
7.786 999.427
7.971 999.91
8.076 1000.46
8.016 1000.97
7.861 1001.49
7.658 1002.06
7.271 1003
7.081 1003.53
6.921 1004.03
6.764 1004.54
6.638 1005.09
6.559 1005.6
6.537 1006.13
6.581 1006.66
6.682 1007.2
6.827 1007.7
7.069 1008.23
7.339 1008.67
7.658 1009.08
8.007 1009.46
8.396 1009.82
8.858 1010.16
9.33 1010.43
9.78 1010.67
10.216 1010.93
10.581 1011.18
10.961 1011.53
11.144 1011.71
11.384 1011.86
11.731 1011.97
11.994 1012.02
12.377 1012.27
12.898 1012.29
13.344 1012.52
13.777 1012.79
14.207 1013.07
14.57 1013.38
14.717 1013.86
14.823 1014.36
14.902 1014.87
15.027 1015.37
15.208 1015.89
15.482 1016.36
15.534 1016.86
15.505 1017.39
15.544 1017.65
15.701 1017.84
16.002 1017.97
16.331 1018
16.783 1017.74
17.278 1017.52
17.431 1017.5
17.705 1017.65
17.757 1017.75
17.706 1017.91
17.364 1018.15
16.919 1018.31
16.724 1018.45
16.433 1018.87
16.445 1019.07
16.499 1019.25
16.417 1019.5
16.452 1019.81
16.574 1019.99
16.84 1020.13
17.279 1020.17
17.787 1020.14
18.002 1020.19
18.474 1020.41
18.903 1020.52
19.424 1020.57
19.759 1020.75
20.158 1021.07
20.642 1021.22
21.178 1021.23
