0.3
0.7
258
22.808 1022.07
23.336 1022
23.815 1021.85
24.287 1021.61
24.688 1021.26
25.02 1020.88
25.36 1020.56
25.681 1020.5
25.855 1020.57
26.2 1020.81
26.685 1020.96
27.089 1020.96
27.593 1020.8
28.056 1020.6
28.533 1020.37
29.004 1020.06
29.391 1019.73
29.729 1019.31
30.028 1018.87
30.133 1018.45
30.174 1018.15
30.461 1017.91
30.867 1017.73
31.344 1017.67
31.775 1017.39
32.094 1017.24
32.367 1017.22
32.547 1017.05
32.802 1016.62
33.364 1015.7
33.415 1015.42
33.479 1014.92
33.585 1014.51
33.834 1014.17
34.112 1013.89
34.53 1013.58
34.638 1013.4
34.68 1013.08
34.616 1012.56
34.361 1012.14
34.09 1011.72
34 1011.47
34.028 1011.12
34.305 1010.76
34.508 1010.66
35.002 1010.54
35.142 1010.44
35.185 1010.25
35.103 1010.04
34.902 1009.68
34.834 1009.16
34.91 1008.66
35.105 1008.36
35.254 1008.14
35.286 1007.64
35.475 1007.15
35.548 1006.74
35.498 1006.25
35.507 1006.07
35.637 1005.92
35.652 1005.72
35.554 1005.22
35.408 1004.95
35.301 1004.78
35.3 1004.52
35.537 1004.07
35.882 1003.68
35.945 1003.41
35.851 1002.91
35.676 1002.43
35.355 1001.96
35.047 1001.71
34.906 1001.64
34.59 1001.68
34.356 1001.85
34.205 1001.96
34.123 1001.95
33.941 1001.7
33.651 1001.54
33.502 1001.35
33.479 1001.04
33.554 1000.53
33.564 1000.06
33.464 999.778
33.308 999.519
33.149 999.085
32.813 998.744
32.36 998.44
31.959 998.304
31.675 998.362
31.358 998.485
31.141 998.413
30.9 998.515
30.611 998.775
30.512 999.131
30.453 999.639
30.371 999.764
29.964 999.897
29.463 999.915
29.269 999.886
29.222 999.831
29.368 999.707
29.593 999.547
29.852 999.088
29.941 998.694
29.839 998.173
29.628 997.841
29.374 997.706
28.844 997.638
28.315 997.639
27.815 997.703
27.566 997.633
27.135 997.351
26.715 997.137
26.343 997.087
25.843 997.146
25.492 997.188
25.145 997.024
24.866 996.769
24.56 996.281
24.341 995.879
24.295 995.596
24.022 995.145
23.789 994.781
23.527 994.614
23 994.571
22.608 994.432
22.408 994.086
22.007 993.757
21.654 993.634
21.333 993.626
20.871 993.356
20.394 993.127
19.906 992.91
19.381 992.718
18.862 992.607
18.335 992.552
17.822 992.541
17.255 992.572
16.739 992.645
16.203 992.768
15.705 992.913
15.215 993.102
14.711 993.341
14.242 993.607
13.809 993.901
13.375 994.26
12.96 994.654
12.588 995.047
12.278 995.467
11.957 995.881
11.531 996.17
11.087 996.416
10.624 996.643
10.17 996.75
9.655 996.733
9.148 996.648
8.576 996.511
8.073 996.411
7.595 996.383
7.296 996.47
6.998 996.718
6.746 997.139
6.681 997.517
6.768 997.833
7.069 998.334
7.385 998.731
7.714 999.163
8.033 999.591
8.182 999.931
8.235 1000.45
8.249 1000.96
8.258 1001.34
7.968 1001.87
7.702 1002.38
7.451 1002.97
7.193 1003.43
6.944 1003.82
6.772 1004.31
6.646 1004.82
6.549 1005.34
6.481 1005.85
6.449 1006.4
6.45 1006.93
6.546 1007.49
6.716 1007.99
6.957 1008.46
7.271 1008.97
7.567 1009.38
7.888 1009.79
8.264 1010.15
8.704 1010.5
9.089 1010.84
9.479 1011.17
9.87 1011.48
10.236 1011.79
10.368 1011.91
10.393 1012.26
10.593 1012.49
10.846 1012.62
11.348 1012.68
11.922 1012.8
12.426 1012.87
12.858 1012.89
13.325 1013.09
13.826 1013.3
14.148 1013.53
14.336 1014.03
14.468 1014.26
14.592 1014.29
14.762 1014.2
15.112 1013.8
15.529 1013.62
15.752 1013.65
16.052 1013.86
16.322 1014.34
16.576 1014.77
16.737 1015.29
16.734 1015.78
16.625 1016.27
16.453 1016.53
16.111 1016.74
15.631 1016.91
15.059 1017.05
14.863 1017.18
14.776 1017.39
14.824 1017.55
15.04 1017.72
15.538 1017.86
15.746 1018
15.762 1018.12
15.62 1018.32
15.504 1018.52
15.523 1018.71
15.685 1018.98
15.484 1019.46
15.445 1020
15.525 1020.39
15.694 1020.62
15.896 1020.7
16.189 1020.73
16.269 1020.89
16.39 1021.17
16.543 1021.31
16.951 1021.3
17.482 1021.25
17.984 1021.22
18.194 1021.1
18.509 1020.91
18.705 1020.91
19.207 1021.07
19.461 1021.17
19.931 1021.45
20.423 1021.64
20.91 1021.85
21.391 1022.05
21.882 1022.15
22.268 1022.16
