0.3
0.7
216
19.136 1021.95
19.659 1021.89
20.166 1021.86
20.675 1021.81
21.206 1021.79
21.714 1021.84
22.269 1021.87
22.785 1021.91
23.311 1021.89
24.358 1021.8
24.9 1021.75
25.413 1021.65
25.907 1021.57
26.44 1021.54
26.981 1021.46
27.595 1021.36
28.66 1021.23
29.227 1021.11
29.732 1020.97
30.241 1020.83
30.728 1020.66
31.089 1020.53
31.403 1020.51
31.722 1020.36
32.202 1020.22
32.696 1020.02
33.091 1019.89
33.6 1019.77
34.094 1019.63
35.043 1019.27
35.524 1019.05
36.006 1018.81
36.479 1018.56
36.962 1018.32
37.432 1018.08
37.867 1017.83
38.324 1017.53
39.223 1016.91
39.618 1016.6
40.026 1016.29
40.442 1015.95
41.183 1015.23
41.527 1014.84
41.862 1014.46
42.23 1013.99
42.555 1013.55
42.801 1013.11
43.033 1012.66
43.248 1012.16
43.545 1011.1
43.638 1010.54
43.658 1010.03
43.634 1009.38
43.605 1008.87
43.497 1008.3
43.362 1007.88
43.068 1007.49
42.695 1007.16
41.727 1006.67
41.242 1006.48
40.739 1006.44
40.162 1006.51
39.653 1006.57
39.127 1006.63
38.627 1006.7
38.111 1006.75
37.481 1006.76
35.385 1006.6
34.888 1006.53
34.249 1006.4
33.775 1006.24
33.41 1006.03
33.008 1005.69
32.52 1005.4
31.964 1005.2
31.635 1005.01
31.277 1004.6
30.937 1004.22
30.528 1003.91
30.078 1003.64
29.772 1003.3
29.42 1002.87
29.092 1002.62
28.614 1002.46
28.18 1002.44
27.643 1002.48
27.249 1002.42
26.959 1002.27
26.598 1001.89
26.243 1001.45
25.899 1001.05
25.592 1000.82
25.181 1000.71
24.75 1000.74
24.329 1000.87
24.049 1001.08
23.82 1001.47
23.643 1001.94
23.44 1002.28
23.187 1002.42
22.616 1002.47
22.083 1002.44
21.566 1002.47
21.03 1002.58
20.517 1002.71
20.002 1002.82
19.571 1002.79
19.014 1002.65
18.477 1002.55
17.964 1002.56
17.397 1002.7
16.817 1002.98
16.387 1003.27
15.551 1003.94
15.11 1004.26
14.239 1004.79
13.852 1005.12
13.512 1005.52
13.24 1005.94
12.981 1006.41
12.802 1006.88
12.666 1007.36
12.545 1007.6
12.338 1007.79
12.15 1007.83
11.615 1007.79
11.101 1007.71
10.61 1007.58
10.093 1007.53
9.585 1007.46
9.202 1007.33
9.022 1007.13
8.935 1006.78
8.932 1006.35
9.094 1005.86
9.244 1005.37
9.376 1004.88
9.371 1004.53
9.231 1004.03
9.158 1003.53
9.029 1003.03
8.926 1002.49
8.686 1000.91
8.516 1000.41
8.318 999.871
8.159 999.379
7.941 998.925
7.733 998.7
7.355 998.689
6.825 998.741
6.32 998.804
5.701 998.931
5.198 999.048
4.666 999.135
4.148 999.273
3.696 999.49
2.789 1000
2.577 1000.19
2.402 1000.7
2.259 1001.21
2.151 1001.79
2.084 1002.32
2.025 1002.85
1.993 1003.42
2.023 1003.92
2.051 1004.48
2.092 1005
2.197 1006.59
2.244 1007.14
2.316 1007.67
2.406 1008.17
2.512 1008.69
2.64 1009.2
2.737 1009.76
2.816 1010.28
2.866 1010.82
2.974 1011.31
3.123 1011.82
3.28 1012.41
3.406 1012.92
3.663 1013.9
3.802 1014.39
3.928 1014.92
4.029 1015.44
4.24 1016.44
4.371 1016.94
4.556 1017.42
4.876 1017.89
5.183 1018.3
5.53 1018.69
5.951 1018.96
6.404 1019.17
6.879 1019.36
7.414 1019.51
7.951 1019.56
8.162 1019.58
8.646 1019.66
9.135 1019.64
9.659 1019.56
10.212 1019.51
10.767 1019.48
11.266 1019.53
11.757 1019.64
12.292 1019.8
12.863 1020
13.336 1020.18
13.794 1020.39
14.249 1020.61
14.755 1020.83
15.258 1021.01
15.746 1021.15
16.786 1021.41
17.296 1021.55
17.773 1021.66
18.283 1021.88
18.595 1021.98
