0.3
0.7
219
18.932 1021.6
19.428 1021.51
19.97 1021.44
21.064 1021.4
21.571 1021.44
22.087 1021.48
22.623 1021.5
23.135 1021.5
23.664 1021.46
24.23 1021.45
24.738 1021.42
25.281 1021.34
25.783 1021.3
26.321 1021.28
26.836 1021.24
27.35 1021.16
27.89 1021.15
28.42 1021.11
28.965 1021.01
30.507 1020.61
30.93 1020.43
31.215 1020.35
31.69 1020.18
32.255 1020.02
32.74 1019.87
33.773 1019.62
34.316 1019.5
34.835 1019.33
35.367 1019.11
35.833 1018.9
36.284 1018.68
37.245 1018.24
37.774 1017.99
38.236 1017.72
38.708 1017.39
39.129 1017.07
39.545 1016.72
39.941 1016.38
40.327 1016.03
40.664 1015.66
41.017 1015.24
41.378 1014.83
41.733 1014.41
42.045 1014.02
42.362 1013.55
42.625 1013.09
42.86 1012.62
43.069 1012.15
43.261 1011.65
43.397 1011.11
43.481 1010.6
43.515 1010.04
43.523 1009.52
43.514 1008.99
43.479 1008.46
43.391 1007.96
43.266 1007.47
43.061 1007.01
42.745 1006.68
42.379 1006.46
41.893 1006.25
41.405 1006.06
40.989 1006.04
40.459 1006.13
39.946 1006.24
39.384 1006.35
38.866 1006.43
38.319 1006.5
37.809 1006.52
37.299 1006.52
36.788 1006.51
35.704 1006.44
35.084 1006.37
34.588 1006.28
34.071 1006.11
33.586 1005.83
33.179 1005.54
32.692 1005.33
32.204 1005.12
31.955 1004.96
31.623 1004.58
31.281 1004.21
30.854 1003.91
30.347 1003.66
30.04 1003.42
29.683 1002.96
29.298 1002.6
28.875 1002.41
28.474 1002.38
27.963 1002.46
27.406 1002.49
27.03 1002.39
26.673 1002.11
26.342 1001.72
26.028 1001.32
25.704 1000.94
25.411 1000.74
24.969 1000.67
24.452 1000.76
24.15 1000.89
23.903 1001.15
23.747 1001.59
23.637 1002.09
23.513 1002.35
23.364 1002.51
23.065 1002.65
22.543 1002.67
22.038 1002.66
21.491 1002.71
20.972 1002.77
20.47 1002.83
19.958 1002.81
19.536 1002.7
18.984 1002.51
18.453 1002.46
17.951 1002.53
17.464 1002.7
17.009 1002.94
16.565 1003.24
15.689 1003.9
15.273 1004.2
14.833 1004.45
14.352 1004.72
13.934 1005.05
13.568 1005.49
13.3 1005.91
13.048 1006.37
12.845 1006.83
12.654 1007.29
12.41 1007.53
12.198 1007.59
11.102 1007.43
10.6 1007.3
9.973 1007.26
9.437 1007.24
9.057 1007.19
8.889 1007.03
8.776 1006.74
8.747 1006.21
8.862 1005.71
9.028 1005.17
9.173 1004.67
9.226 1004.37
9.003 1003.79
8.869 1003.22
8.739 1002.72
8.588 1001.69
8.522 1001.18
8.4 1000.68
8.145 1000.2
7.931 999.71
7.767 999.231
7.557 998.854
7.42 998.737
7.05 998.716
6.515 998.769
5.981 998.835
5.486 998.926
4.974 999.015
4.418 999.149
3.899 999.381
3.451 999.609
3.013 999.879
2.742 1000.08
2.574 1000.55
2.433 1001.08
2.361 1001.59
2.271 1002.13
2.216 1002.65
2.167 1003.16
2.208 1003.69
2.268 1004.2
2.359 1005.28
2.374 1005.8
2.415 1006.36
2.465 1006.87
2.542 1007.41
2.655 1007.96
2.753 1008.52
2.837 1009.03
2.958 1009.61
3.047 1010.23
3.142 1010.74
3.291 1011.27
3.443 1011.84
3.584 1012.35
4.092 1014.36
4.201 1014.85
4.338 1015.42
4.609 1016.45
4.795 1016.98
5.039 1017.45
5.418 1017.96
5.763 1018.37
6.197 1018.62
6.648 1018.86
7.105 1019.07
7.591 1019.2
8.106 1019.23
8.611 1019.26
9.121 1019.26
9.63 1019.19
10.13 1019.16
10.635 1019.11
11.155 1019.14
11.65 1019.23
12.154 1019.34
12.638 1019.47
13.13 1019.63
13.628 1019.81
14.112 1020.01
15.146 1020.43
15.672 1020.62
16.158 1020.76
16.7 1020.93
17.232 1021.07
17.724 1021.19
18.244 1021.41
18.626 1021.6
