0.3
0.7
118
12.68 1019.47
13.183 1019.44
13.699 1019.38
14.772 1019.3
15.314 1019.24
15.814 1019.21
16.311 1019.14
16.878 1019.14
17.408 1019.13
18.016 1019.09
19.025 1018.96
19.534 1018.91
20.072 1018.86
22.681 1018.68
24.929 1018.57
25.487 1018.54
27.073 1018.47
28.612 1018.34
29.231 1018.27
29.738 1018.14
30.132 1017.99
30.708 1017.9
31.239 1017.84
32.244 1017.64
32.812 1017.53
33.316 1017.45
33.824 1017.36
34.316 1017.23
34.788 1017.03
35.017 1016.88
35.013 1016.58
34.962 1016.06
34.95 1015.55
34.93 1015.02
34.895 1014.49
34.867 1013.87
34.802 1012.82
34.764 1012.29
34.61 1010.67
34.489 1009.51
34.4 1008.45
34.341 1007.4
34.318 1006.9
34.277 1006.39
34.264 1005.89
34.244 1005.33
34.211 1004.83
34.195 1004.31
34.187 1003.77
34.135 1002.77
33.981 1000.66
33.942 1000.06
33.896 999.542
33.783 998.5
33.736 997.999
33.702 997.487
33.674 996.944
33.623 996.405
33.57 996.104
33.271 996.066
32.707 996.065
32.206 996.077
31.701 996.099
31.17 996.117
29.626 996.184
29.114 996.194
28.59 996.21
27.501 996.263
24.837 996.42
24.284 996.459
23.703 996.505
20.329 996.732
19.303 996.824
18.712 996.883
18.199 996.943
15.579 997.24
14.508 997.371
14 997.448
13.492 997.532
12.952 997.616
12.422 997.691
11.356 997.827
10.842 997.884
9.819 998.018
9.648 998.072
9.595 998.387
9.67 999.446
9.699 999.984
9.741 1000.49
9.779 1001.05
9.857 1002.06
9.883 1002.72
9.912 1004.28
9.938 1004.8
9.957 1005.32
9.967 1005.87
9.966 1006.43
9.971 1006.97
10 1008.01
9.982 1009.13
9.994 1010.17
10.022 1010.69
10.058 1011.21
10.091 1011.82
10.125 1012.33
10.283 1013.76
10.311 1014.27
10.35 1015.3
10.39 1015.83
10.45 1016.86
10.487 1017.94
10.532 1018.46
10.581 1018.96
10.64 1019.15
10.839 1019.29
11.142 1019.37
11.65 1019.41
12.175 1019.48
