0.3
0.7
312
16.08 1023.86
16.592 1023.77
16.856 1023.72
17.376 1023.78
17.887 1023.75
18.365 1023.68
18.861 1023.6
19.314 1023.35
19.713 1023.3
20.194 1023.37
20.716 1023.47
21.223 1023.41
21.782 1023.25
22.271 1023.09
22.747 1022.9
23.212 1022.66
23.697 1022.45
23.924 1022.42
24.16 1022.4
24.396 1022.26
24.548 1022.1
25.065 1022.03
25.575 1021.8
26.054 1021.58
26.229 1021.47
26.731 1021.47
27.227 1021.35
27.697 1021.15
28.181 1020.93
28.517 1020.84
28.983 1020.71
29.305 1020.52
29.495 1020.06
29.81 1019.9
30.14 1019.88
30.338 1019.87
30.685 1019.51
30.963 1019.32
31.228 1019.13
31.539 1018.98
31.712 1018.77
31.824 1018.33
32.106 1018.01
32.534 1017.69
32.976 1017.41
33.421 1017.19
33.808 1016.87
34.176 1016.42
34.793 1015.52
34.995 1015.18
35.132 1014.68
35.207 1014.18
35.272 1013.68
35.336 1013.32
35.536 1012.89
35.775 1012.42
36.115 1012.01
36.279 1011.84
36.27 1011.66
35.967 1011.3
35.962 1011.13
36.181 1010.76
36.182 1010.42
36.072 1010.06
36.01 1009.91
36.096 1009.42
36.165 1008.89
36.254 1008.7
36.564 1008.45
36.823 1007.93
36.942 1007.64
36.978 1007.17
36.904 1006.9
36.75 1006.64
36.813 1006.46
37.101 1006.21
37.398 1005.96
37.692 1005.55
37.812 1005.2
37.808 1004.69
37.872 1004.24
37.851 1003.73
37.82 1003.18
37.71 1002.88
37.477 1002.66
37.339 1002.53
37.358 1002.33
37.452 1002.06
37.456 1001.61
37.426 1001.38
37.644 1001.04
37.707 1000.68
37.631 1000.3
37.383 999.832
37.374 999.489
37.257 999.293
37.121 999.264
36.608 999.387
36.483 999.379
36.445 999.293
36.562 998.694
36.607 998.191
36.438 997.856
36.195 997.63
35.824 997.452
35.694 997.207
35.455 997.049
35.28 996.62
34.97 996.218
34.662 995.928
34.24 995.727
33.175 995.66
32.646 995.686
32.135 995.808
31.697 996.083
31.544 996.118
31.345 995.943
31.087 995.905
30.94 996.175
30.743 996.679
30.626 997.189
30.51 997.513
30.384 997.522
30.182 997.281
29.977 996.986
29.803 996.904
29.605 996.928
29.502 997.094
29.505 997.607
29.504 998.015
29.394 998.147
29.159 998.191
28.845 998.021
28.525 997.624
28.222 997.325
27.872 997.145
27.35 997.134
27.096 997.236
26.737 997.596
26.511 997.744
26.242 997.753
26.048 997.606
26.038 997.367
26.204 996.941
26.507 996.614
26.614 996.334
26.577 996.243
26.382 996.16
25.842 996.184
25.433 996.276
25.136 996.409
24.955 996.384
24.903 996.269
25.013 995.908
25.264 995.42
25.315 995.168
25.265 994.984
25.058 994.72
24.637 994.547
24.368 994.141
24.2 994.043
23.683 994.052
23.468 993.923
23.3 993.671
23.256 993.317
23.254 992.904
23.134 992.638
22.817 992.401
22.65 992.275
22.5 992.269
22.322 992.378
22.178 992.632
22.119 993.129
22.03 993.664
21.926 993.876
21.806 993.896
21.394 993.612
20.949 993.51
20.796 993.583
20.629 993.805
20.434 993.825
19.954 993.611
19.476 993.37
19.058 993.259
18.022 993.001
17.486 992.898
16.971 992.781
16.464 992.644
15.499 992.294
14.999 992.162
14.409 992.102
13.912 992.161
13.432 992.367
12.97 992.481
12.444 992.433
11.928 992.515
11.44 992.633
10.975 992.831
10.48 993.004
10.015 993.193
9.537 993.441
8.685 994.061
8.313 994.417
7.969 994.834
7.678 995.247
7.461 995.735
7.204 996.219
7.085 996.407
6.788 996.633
6.502 997.049
6.306 997.51
6.101 997.731
5.668 998.108
5.303 998.498
5.05 998.959
4.837 999.505
4.688 999.996
4.627 1000.51
4.645 1001.01
4.596 1001.52
4.51 1002.02
4.489 1002.58
4.534 1003.09
4.635 1003.59
4.773 1004.07
4.943 1004.55
5.182 1005.03
5.546 1005.55
5.788 1006.01
6.061 1006.46
6.365 1006.88
6.577 1007.39
6.873 1007.86
7.082 1008.23
7.101 1008.47
6.975 1008.81
6.681 1009.23
6.391 1009.62
6.224 1010.08
6.179 1010.51
6.078 1010.6
5.704 1010.72
5.208 1010.8
4.983 1011.01
4.851 1011.29
4.895 1011.82
4.926 1012.28
5.127 1012.79
5.31 1013.26
5.557 1013.56
5.77 1013.69
5.945 1013.67
6.171 1013.6
6.428 1013.59
6.892 1013.32
7.332 1013.02
7.843 1012.84
8.179 1012.81
8.428 1012.93
8.585 1013.14
8.771 1013.67
8.893 1013.84
9.25 1013.97
9.538 1013.96
10.015 1013.93
10.581 1013.94
10.851 1014.39
11.113 1014.73
11.418 1014.92
11.9 1015.08
12.316 1015.06
12.726 1014.9
13.01 1014.75
13.183 1014.83
13.367 1014.8
13.596 1014.87
13.696 1015.11
13.765 1015.66
13.807 1016.17
13.956 1016.68
14.154 1017.17
14.323 1017.63
14.118 1017.7
13.606 1017.6
13.135 1017.42
12.859 1017.43
12.364 1017.5
12.079 1017.69
11.722 1018.12
11.507 1018.45
11.352 1018.9
11.356 1018.99
11.472 1019.03
12.509 1018.88
12.71 1018.95
12.702 1019.05
12.296 1019.41
12.15 1019.66
12.185 1019.77
12.282 1019.84
12.262 1020.2
12.135 1020.71
12.145 1021.11
12.238 1021.6
12.434 1022.05
12.769 1022.42
13.153 1022.8
13.534 1023.17
14.002 1023.55
14.456 1023.8
14.979 1023.9
15.54 1023.93
