0.3
0.7
123
18.822 1019.35
19.888 1019.31
20.453 1019.26
20.95 1019.17
21.442 1019.07
22.002 1018.95
22.496 1018.84
23.021 1018.71
24.015 1018.41
24.641 1018.18
25.258 1018.04
25.768 1017.97
26.28 1017.82
26.779 1017.68
27.295 1017.53
27.762 1017.33
28.272 1017.03
28.755 1016.78
29.071 1016.58
29.255 1016.53
29.671 1016.25
30.103 1015.9
30.465 1015.49
30.838 1015.16
31.619 1014.39
31.986 1013.96
32.317 1013.54
32.614 1013.09
32.823 1012.64
32.995 1012.12
33.069 1011.62
33.105 1011.11
33.098 1010.54
33.033 1009.96
32.926 1009.44
32.801 1008.93
32.638 1008.42
32.461 1007.92
32.23 1007.33
31.964 1006.8
31.711 1006.36
31.415 1005.91
31.111 1005.48
30.788 1005.09
30.431 1004.68
30.035 1004.18
29.73 1003.71
29.512 1003.2
29.253 1002.69
28.921 1002.2
28.525 1001.69
28.132 1001.25
27.769 1000.9
27.31 1000.58
26.835 1000.37
26.344 1000.23
25.804 1000.17
25.282 1000.2
24.739 1000.28
24.251 1000.4
23.713 1000.54
23.173 1000.61
22.655 1000.6
22.152 1000.57
21.651 1000.53
21.145 1000.52
20.6 1000.53
20.045 1000.55
19.493 1000.56
18.953 1000.61
18.444 1000.69
17.896 1000.83
17.366 1001.05
16.93 1001.31
16.513 1001.66
16.175 1002.07
15.903 1002.49
15.677 1002.97
15.439 1003.46
15.142 1003.89
14.37 1004.66
13.982 1005.11
13.696 1005.54
13.441 1006.03
13.238 1006.53
13.099 1007.01
12.991 1007.58
12.942 1008.09
12.905 1008.61
12.903 1009.14
12.943 1009.66
13.002 1010.17
13.105 1010.67
13.292 1011.17
13.533 1011.66
13.792 1012.12
14.095 1012.58
14.39 1013.04
14.422 1013.25
14.291 1013.48
13.847 1013.7
13.343 1013.87
12.869 1014.05
12.418 1014.37
12.082 1014.73
11.939 1015.02
11.849 1015.52
11.822 1016
11.827 1016.56
11.904 1016.85
12.099 1017.25
12.409 1017.55
12.779 1017.74
13.81 1018
14.344 1018.18
14.816 1018.38
15.29 1018.6
15.773 1018.77
16.276 1018.93
16.765 1019.06
17.252 1019.21
17.756 1019.32
18.315 1019.38
27
10.377 1016.91
10.536 1016.64
10.639 1016.14
10.669 1015.76
10.645 1015.66
10.65 1015.47
10.622 1014.96
10.395 1013.94
10.407 1013.42
10.371 1013.2
10.161 1012.95
9.951 1012.91
9.535 1013.01
9.124 1013.22
8.961 1013.38
8.97 1013.47
8.78 1013.66
8.708 1013.7
8.568 1014.18
8.524 1014.31
8.613 1014.82
8.819 1015.3
9.088 1015.75
9.351 1016.21
9.622 1016.64
9.956 1016.96
10.187 1017.04
