0.3
0.7
123
13.466 1019.52
14.5 1019.46
15.006 1019.46
15.548 1019.45
16.06 1019.43
16.565 1019.37
17.076 1019.34
17.614 1019.3
18.216 1019.24
18.855 1019.16
19.394 1019.1
19.919 1019.05
20.998 1018.99
21.656 1018.94
22.163 1018.9
23.268 1018.82
23.775 1018.8
26.471 1018.63
28.097 1018.49
28.648 1018.43
29.157 1018.39
29.679 1018.32
30.055 1018.2
30.25 1018.04
30.759 1017.99
31.273 1017.94
31.814 1017.88
32.322 1017.77
33.441 1017.58
33.956 1017.48
34.496 1017.32
34.74 1017.21
35.061 1016.96
35.043 1016.45
34.942 1015.93
34.923 1015.42
34.895 1014.88
34.885 1014.32
34.848 1013.25
34.841 1012.71
34.819 1012.2
34.784 1011.7
34.738 1011.19
34.698 1010.66
34.653 1010.15
34.622 1009.61
34.6 1009.1
34.563 1008.58
34.483 1007.01
34.447 1006.48
34.418 1005.92
34.374 1004.84
34.343 1004.33
34.307 1003.25
34.282 1002.75
34.245 1002.22
34.2 1001.67
34.091 1000.08
34.047 999.542
33.998 999.032
33.955 998.527
33.873 997.761
33.838 997.199
33.779 996.693
33.704 996.182
33.622 995.971
33.461 995.959
32.954 995.988
31.307 995.975
30.188 995.999
29.673 996.017
29.124 996.042
28.554 996.052
28.027 996.072
26.934 996.129
26.409 996.163
23.669 996.314
23.16 996.352
22.65 996.383
21.591 996.464
21.092 996.497
19.009 996.669
18.492 996.728
17.994 996.778
17.423 996.842
15.81 997.039
15.27 997.11
14.773 997.184
14.213 997.28
13.678 997.361
13.173 997.425
12.59 997.513
11.482 997.687
10.977 997.749
10.394 997.83
9.84 997.9
9.543 997.954
9.504 998.124
9.501 998.632
9.535 999.694
9.586 1000.24
9.613 1000.76
9.601 1001.27
9.638 1002.77
9.658 1004.38
9.702 1005.97
9.706 1006.49
9.723 1007.02
9.735 1007.63
9.72 1008.71
9.728 1009.23
9.775 1010.76
9.849 1012.01
10.043 1014.65
10.097 1015.27
10.203 1016.33
10.447 1018.42
10.521 1018.95
10.63 1019.25
10.807 1019.38
11.37 1019.47
11.879 1019.56
12.389 1019.56
