0.3
0.7
184
24.825 1020.83
25.126 1020.6
25.381 1020.34
25.624 1020.32
25.889 1020.35
26.35 1020.57
26.733 1020.69
27.254 1020.7
27.64 1020.6
28.11 1020.35
28.529 1020.08
28.677 1020.03
29.17 1020.23
29.437 1020.19
29.818 1019.99
30.227 1019.65
30.585 1019.28
30.828 1019
31.101 1018.78
31.318 1018.51
31.675 1018.18
31.923 1017.81
32.105 1017.34
32.212 1017
32.649 1016.69
33.077 1016.36
33.522 1016.03
33.909 1015.72
34.33 1015.32
34.558 1014.98
34.572 1014.78
34.519 1014.36
34.594 1014.19
34.781 1014.12
34.958 1014.04
35.088 1013.8
35.3 1013.29
35.406 1012.8
35.403 1012.28
35.372 1012.16
35.054 1011.87
35.028 1011.71
35.127 1011.14
35.085 1010.77
34.96 1010.45
35.046 1010.21
35.386 1009.89
35.555 1009.48
35.592 1009.07
35.41 1008.56
35.155 1008.09
34.839 1007.69
34.656 1007.27
34.521 1006.72
34.365 1006.24
34.135 1005.79
33.799 1005.36
33.417 1004.99
33.057 1004.75
32.582 1004.54
32.242 1004.29
31.953 1004.05
31.425 1003.84
31.005 1003.59
30.72 1003.57
30.378 1003.7
30.166 1003.79
30.075 1003.7
29.884 1003.11
29.74 1002.62
29.553 1002.13
29.254 1001.56
28.887 1001.06
28.482 1000.69
28.006 1000.43
27.548 1000.31
27.012 1000.33
26.52 1000.42
26.018 1000.56
25.641 1000.61
25.327 1000.52
24.929 1000.18
24.692 999.8
24.506 999.32
24.217 998.807
23.879 998.42
23.49 998.086
23.075 997.765
22.604 997.423
22.168 997.127
21.698 996.846
21.248 996.595
20.723 996.337
20.183 996.11
19.707 995.931
19.198 995.783
18.665 995.666
18.054 995.588
17.549 995.542
16.985 995.502
16.475 995.51
15.842 995.571
15.335 995.672
14.823 995.834
14.314 996.078
13.886 996.34
13.458 996.618
13.039 996.795
12.487 996.889
11.948 996.965
11.408 997.089
10.923 997.28
10.466 997.521
10.145 997.861
9.835 998.255
9.586 998.528
9.352 998.725
9.164 999.191
9.118 999.663
9.171 1000.18
9.365 1000.67
9.536 1001.15
9.616 1001.65
9.531 1002.02
9.265 1002.5
9.04 1002.95
8.904 1003.43
8.873 1003.93
8.899 1004.46
8.98 1005
9.098 1005.53
9.255 1006.11
9.448 1006.65
9.662 1007.11
9.921 1007.58
10.237 1008.07
10.538 1008.47
10.944 1008.94
11.332 1009.3
11.723 1009.62
12.135 1009.98
12.531 1010.29
12.951 1010.57
13.432 1010.82
13.921 1011.08
14.424 1011.31
14.928 1011.47
15.283 1011.63
15.368 1011.77
15.435 1012.32
15.513 1012.83
15.711 1013.26
16.034 1013.68
16.429 1014.06
16.836 1014.36
17.319 1014.6
17.802 1014.75
18.301 1014.85
18.618 1015.02
18.667 1015.08
18.636 1015.27
18.368 1015.71
18.22 1015.97
18.223 1016.18
18.462 1016.65
18.709 1017.1
19.108 1017.58
19.462 1017.93
19.714 1018.21
19.939 1018.33
20.343 1018.24
20.725 1018.08
20.941 1018.08
21.125 1018.21
21.293 1018.5
21.444 1019.07
21.619 1019.59
21.915 1020.01
22.286 1020.36
22.678 1020.63
22.974 1020.72
23.472 1020.8
23.97 1020.89
24.472 1020.91
