0.3
0.7
153
18.169 1020.13
18.704 1020.07
19.223 1020.03
19.818 1019.96
20.368 1019.87
20.863 1019.76
21.39 1019.63
21.901 1019.48
22.408 1019.3
22.928 1019.17
23.52 1018.99
24.016 1018.9
24.509 1018.79
25.002 1018.67
25.521 1018.55
26.114 1018.43
26.642 1018.29
27.175 1018.11
27.693 1017.91
28.148 1017.7
28.577 1017.42
28.986 1017.21
29.284 1016.99
29.778 1016.79
30.227 1016.55
30.66 1016.28
31.117 1016
31.53 1015.67
31.908 1015.33
32.313 1014.96
32.652 1014.57
32.932 1014.14
33.169 1013.69
33.367 1013.21
33.511 1012.69
33.61 1012.17
33.664 1011.66
33.68 1011.15
33.643 1010.65
33.542 1010.14
33.401 1009.63
32.788 1008.1
32.537 1007.6
32.221 1007.07
31.9 1006.6
31.604 1006.2
31.311 1005.79
30.947 1005.33
30.582 1004.98
30.151 1004.63
29.792 1004.16
29.574 1003.7
29.365 1003.12
29.091 1002.68
28.77 1002.27
28.119 1001.46
27.759 1001.09
27.362 1000.77
26.965 1000.54
26.476 1000.37
25.944 1000.29
25.419 1000.31
24.922 1000.39
24.395 1000.53
23.92 1000.7
23.38 1000.84
22.867 1000.89
22.313 1000.87
21.793 1000.84
21.287 1000.78
20.756 1000.77
19.743 1000.86
19.175 1000.95
18.671 1001.07
18.145 1001.22
17.674 1001.46
16.801 1002.08
16.454 1002.41
15.774 1003.28
15.388 1003.6
14.903 1003.95
14.495 1004.27
14.12 1004.66
13.807 1005.08
13.541 1005.51
13.309 1005.98
13.105 1006.51
12.953 1007.09
12.867 1007.61
12.825 1008.13
12.771 1008.65
12.756 1009.22
12.79 1009.74
12.882 1010.26
13.027 1010.76
13.226 1011.23
13.467 1011.71
13.685 1012.17
13.715 1012.38
13.617 1012.6
13.399 1012.73
12.886 1012.8
12.539 1012.81
11.991 1012.92
11.602 1012.97
11.396 1012.92
11.148 1012.68
10.899 1012.24
10.757 1011.74
10.648 1011.41
10.453 1011.16
10.211 1011.03
9.693 1010.86
9.078 1010.77
8.571 1010.76
8.019 1010.82
7.493 1010.94
7.218 1011.04
6.654 1011.31
6.118 1011.59
5.677 1011.86
5.223 1012.17
4.807 1012.5
4.449 1012.85
4.165 1013.18
3.903 1013.69
3.794 1014.18
3.775 1014.49
3.9 1014.99
4.161 1015.45
4.514 1015.86
4.806 1016.22
5.183 1016.55
5.634 1016.81
6.087 1017.1
6.99 1017.61
7.929 1018.12
8.418 1018.36
8.878 1018.6
9.335 1018.83
9.829 1019.05
10.321 1019.17
10.824 1019.12
11.362 1019.11
11.848 1019.24
12.377 1019.4
12.893 1019.51
13.436 1019.6
14.981 1019.82
16.089 1019.94
16.635 1019.96
17.145 1020.12
17.653 1020.17
