0.3
0.7
157
23.204 1018.6
23.702 1018.51
24.25 1018.45
24.817 1018.38
25.348 1018.33
26.351 1018.27
26.898 1018.23
27.402 1018.16
27.952 1018.07
28.449 1017.99
29.042 1017.89
29.59 1017.75
30.078 1017.55
30.634 1017.31
31.197 1017.22
31.741 1017.2
32.268 1017.17
32.788 1017.11
33.328 1017.01
33.888 1016.84
34.348 1016.63
34.599 1016.38
34.901 1015.9
35.081 1015.53
35.415 1015.09
35.69 1014.65
35.997 1014.23
36.275 1013.79
36.526 1013.34
36.836 1012.91
37.123 1012.5
37.398 1012
37.609 1011.53
37.794 1011.01
38.064 1009.98
38.204 1009.5
38.345 1008.42
38.395 1008.18
38.413 1007.64
38.463 1007.14
38.549 1006.6
38.677 1005.46
38.82 1004.38
38.799 1003.85
38.757 1003.3
38.604 1002.26
38.448 1001.78
38.314 1001.21
38.165 1000.68
37.96 1000.17
37.767 999.873
37.39 999.62
36.918 999.447
36.398 999.325
35.377 999.178
34.308 999.049
33.758 998.992
33.249 998.965
32.749 998.956
31.688 998.972
31.188 998.988
30.657 999.017
29.127 999.074
28.61 999.083
28.102 999.082
27.563 999.059
27.05 999.013
26.545 998.987
26.04 999.01
25.54 999.096
25.055 999.23
24.528 999.298
23.999 999.31
23.518 999.412
23.055 999.664
22.686 999.789
22.175 999.852
21.669 999.839
21.167 999.748
20.661 999.692
20.151 999.679
19.646 999.679
19.095 999.715
18.582 999.819
18.017 999.939
17.5 1000.04
17.006 1000.15
16.496 1000.24
15.992 1000.29
15.427 1000.3
14.901 1000.27
14.332 1000.27
13.792 1000.33
13.195 1000.47
12.707 1000.58
11.129 1000.91
10.537 1001.04
10.019 1001.12
9.497 1001.18
8.923 1001.27
8.431 1001.38
7.888 1001.55
7.423 1001.74
6.958 1001.98
6.518 1002.22
6.089 1002.52
5.83 1002.65
5.68 1002.68
5.531 1002.96
5.469 1003.55
5.537 1004.09
5.618 1004.6
5.738 1005.22
5.856 1005.75
5.954 1006.27
6.063 1006.76
6.198 1007.27
6.352 1007.8
6.506 1008.29
6.657 1008.8
6.849 1009.31
7.027 1009.86
7.18 1010.41
7.308 1010.94
7.584 1011.98
7.741 1012.51
7.88 1013.01
8.047 1013.52
8.166 1013.89
8.219 1014.46
8.315 1014.85
8.5 1015.15
8.946 1015.66
9.308 1016.1
9.751 1016.42
10.222 1016.72
10.729 1016.98
11.288 1017.16
11.83 1017.3
12.339 1017.41
13.313 1017.65
13.797 1017.86
14.279 1018.06
14.688 1018.08
15.223 1018
15.734 1017.98
16.269 1017.99
16.782 1018.02
17.309 1018.07
18.361 1018.17
19.51 1018.28
20.08 1018.32
20.583 1018.33
21.099 1018.36
21.676 1018.53
22.171 1018.64
22.693 1018.66
