0.3
0.7
212
23.942 1019.51
24.528 1019.49
25.672 1019.37
26.172 1019.33
26.762 1019.33
27.391 1019.29
28.422 1019.16
28.925 1019.05
29.487 1018.91
29.979 1018.73
30.446 1018.52
30.721 1018.37
31.216 1018.25
31.745 1018.18
32.258 1018.14
32.781 1018.19
33.29 1018.23
33.825 1018.26
34.379 1018.22
34.89 1018.12
35.374 1017.96
35.81 1017.68
36.216 1017.37
36.63 1017.02
37.025 1016.7
37.4 1016.35
37.799 1016
38.177 1015.63
38.533 1015.23
38.818 1014.73
39.416 1013.83
39.687 1013.37
40.683 1011.5
41.046 1010.54
41.275 1010.1
41.425 1009.75
41.415 1009.49
41.292 1009.24
41.183 1008.74
41.118 1008.24
41.129 1007.72
41.17 1007.16
41.274 1006.67
41.314 1006.18
41.23 1005.68
41.213 1005.17
41.174 1004.64
41.02 1004.12
40.794 1003.67
40.486 1003.22
40.193 1002.95
39.853 1002.82
39.338 1002.75
39.059 1002.77
38.778 1002.78
38.631 1002.86
38.288 1003.27
38.223 1003.39
38.142 1003.43
38.063 1003.53
37.933 1003.79
37.705 1003.94
37.528 1003.96
37.288 1004.01
36.29 1003.83
35.74 1003.69
35.207 1003.54
34.669 1003.36
34.193 1003.16
33.678 1002.99
33.187 1002.87
32.668 1002.78
32.162 1002.71
31.673 1002.55
31.27 1002.3
30.911 1001.93
30.537 1001.6
30.093 1001.43
29.625 1001.41
29.104 1001.53
28.645 1001.75
28.217 1002.02
27.825 1002.17
27.293 1002.23
26.791 1002.18
26.371 1002.1
25.919 1001.86
25.642 1001.64
25.33 1001.25
25.067 1000.79
24.892 1000.46
24.692 1000.29
24.388 1000.22
24.044 1000.28
23.716 1000.47
23.527 1000.7
23.431 1000.96
23.39 1001.49
23.342 1002
23.216 1002.31
22.981 1002.53
22.633 1002.65
22.124 1002.66
21.586 1002.54
21.194 1002.34
20.761 1001.97
20.343 1001.63
20.101 1001.55
19.688 1001.55
19.365 1001.67
18.963 1001.98
18.594 1002.33
18.177 1002.69
17.706 1002.98
17.169 1003.16
16.662 1003.27
16.137 1003.39
15.61 1003.48
15.055 1003.51
14.58 1003.57
14.3 1003.75
13.971 1004.16
13.669 1004.59
13.357 1004.93
13.107 1005.03
12.667 1005.04
11.632 1004.87
11.087 1004.75
10.587 1004.69
10.089 1004.64
9.584 1004.5
9.185 1004.32
8.76 1004.03
8.256 1003.95
7.755 1003.93
7.563 1003.82
7.4 1003.49
7.325 1002.95
7.263 1002.43
7.1 1001.95
6.841 1001.48
6.626 1000.97
6.519 1000.47
6.441 1000.06
6.325 999.813
6.01 999.548
5.522 999.298
5.272 999.112
4.978 999.126
4.492 999.254
3.967 999.458
3.861 999.605
3.799 1000.13
3.724 1000.65
3.67 1001.16
3.646 1001.68
3.703 1002.2
3.812 1002.7
3.905 1003.2
3.922 1003.72
3.945 1004.24
3.974 1004.74
4.016 1005.25
4.196 1006.27
4.297 1006.76
4.413 1007.28
4.507 1007.81
4.539 1008.35
4.515 1008.83
4.554 1009.33
4.654 1009.86
4.832 1010.34
5.054 1010.79
5.293 1011.27
5.563 1011.83
5.702 1012.32
5.846 1012.86
5.974 1013.37
6.113 1013.86
6.275 1014.4
6.449 1014.9
6.662 1015.38
6.908 1015.81
7.192 1016.27
7.547 1016.71
7.909 1017.03
8.353 1017.27
8.813 1017.5
9.287 1017.66
9.862 1017.73
10.407 1017.77
10.938 1017.79
11.468 1017.84
11.984 1017.91
12.558 1018.01
13.113 1018.12
13.613 1018.19
14.115 1018.28
14.721 1018.4
15.22 1018.5
15.796 1018.61
16.357 1018.71
17.369 1018.89
17.974 1018.99
18.561 1019.05
19.115 1019.13
19.62 1019.17
20.701 1019.26
21.72 1019.36
22.32 1019.44
22.904 1019.5
23.436 1019.52
