0.3
0.7
315
17.135 1023.58
17.572 1023.52
18.027 1023.28
18.395 1023.02
18.764 1022.98
19.318 1023.08
19.847 1023.2
20.316 1023.38
20.431 1023.41
20.918 1023.39
21.505 1023.29
22.025 1023.13
22.516 1022.96
23.056 1022.73
23.549 1022.51
23.994 1022.36
24.21 1022.25
24.518 1022.2
25.021 1021.99
25.474 1021.76
25.691 1021.7
26.249 1021.64
26.819 1021.5
27.29 1021.3
27.702 1021
28.19 1020.79
28.624 1020.51
29.083 1020.32
29.665 1020.31
30.037 1020.24
30.397 1020
30.547 1019.7
30.719 1019.32
31.117 1019
31.57 1018.7
31.73 1018.49
31.814 1018.19
32.21 1017.88
32.643 1017.6
33.068 1017.28
33.433 1016.92
33.791 1016.59
34.217 1016.27
34.551 1015.86
34.832 1015.44
35.045 1014.98
35.225 1014.49
35.38 1013.96
35.427 1013.38
35.482 1012.88
35.688 1012.53
36 1012.15
36.036 1011.94
35.943 1011.67
35.876 1011.48
35.905 1011.14
35.773 1010.65
35.74 1010.37
35.858 1009.88
35.963 1009.37
36.064 1008.82
36.168 1008.32
36.309 1007.82
36.643 1007.38
36.71 1007.12
36.63 1006.81
36.623 1006.65
36.767 1006.43
37.189 1006.05
37.425 1005.61
37.599 1005.12
37.671 1004.66
37.672 1004.43
37.797 1004.14
37.779 1003.55
37.721 1002.49
37.584 1002.06
37.359 1001.72
37.022 1001.39
36.966 1001.2
37.081 1000.71
37.117 1000.39
36.987 999.881
36.85 999.726
36.655 999.71
36.169 999.912
35.719 1000.14
35.511 1000.23
35.169 1000.21
34.98 1000.09
34.792 999.704
34.811 999.592
35.036 999.508
35.305 999.431
35.499 999.195
35.817 998.188
35.868 997.902
35.734 997.563
35.497 997.334
35.11 997.139
34.621 996.969
34.123 996.824
33.656 996.689
33.561 996.671
33.534 996.863
33.576 996.98
33.524 997.334
33.451 997.717
33.723 998.159
33.71 998.641
33.559 999.005
33.379 998.959
33.002 998.612
32.601 998.276
32.275 997.939
32.18 997.568
32.291 997.36
32.6 997.13
32.904 996.992
33.099 996.787
33.343 996.63
33.345 996.562
33.425 996.528
33.266 996.257
32.981 996.121
32.482 995.927
32.086 995.874
31.791 995.965
31.537 996.211
31.286 996.658
31.173 997.191
31.075 997.501
30.971 997.577
30.868 997.534
30.538 997.148
30.317 996.96
29.962 996.887
29.864 996.918
29.783 997.079
29.772 997.604
29.678 997.759
29.511 997.822
29.326 997.74
28.634 996.951
28.422 996.818
28.159 996.77
27.939 996.802
27.433 997.026
26.966 997.242
26.5 997.451
26.005 997.539
25.772 997.563
25.673 997.456
25.729 997.118
25.883 996.704
25.854 996.488
25.751 996.445
25.271 996.622
25.057 996.643
24.847 996.544
24.599 996.242
24.473 995.88
24.493 995.664
24.645 995.216
24.595 995.026
24.429 994.848
24.293 994.736
24.2 994.347
23.891 993.95
23.568 993.557
23.184 993.234
22.748 992.96
22.559 992.918
22.391 992.988
22.124 993.338
21.862 993.565
21.578 993.843
21.334 993.841
20.788 993.621
20.307 993.415
19.778 993.207
19.231 993.073
18.722 992.958
18.193 992.845
17.694 992.803
17.048 992.818
16.526 992.809
15.985 992.781
15.46 992.671
14.937 992.607
14.415 992.552
13.892 992.554
13.349 992.637
12.845 992.795
12.365 992.993
11.822 993.243
10.862 993.742
10.401 994.07
10.036 994.452
9.707 994.843
9.59 995.045
9.557 995.164
9.325 995.269
9.125 995.18
8.936 995.076
8.569 995.169
8.258 995.398
7.989 995.762
7.788 996.267
7.593 996.44
7.163 996.712
6.794 997.08
6.596 997.465
6.541 997.95
6.375 998.064
5.949 998.275
5.637 998.559
5.299 999.021
5.041 999.463
4.857 999.847
4.753 1000.34
4.713 1000.84
4.849 1001.34
4.886 1001.84
4.889 1002.01
4.824 1002.34
4.924 1002.88
5.066 1003.41
5.089 1003.98
5.152 1004.49
5.299 1004.99
5.484 1005.5
5.694 1005.96
6.018 1006.4
6.29 1006.84
6.428 1007.21
6.464 1007.73
6.544 1008.23
6.6 1008.76
6.682 1009.27
6.778 1009.82
6.914 1010.33
7.008 1010.46
7.205 1010.46
7.474 1010.32
7.864 1009.99
8.165 1009.82
8.355 1009.88
8.581 1010.14
8.775 1010.63
8.806 1010.99
8.536 1011.41
8.305 1011.92
8.074 1012.17
7.645 1012.48
7.429 1012.63
7.318 1012.87
7.428 1013.05
7.91 1013.25
8.264 1013.45
8.682 1013.68
9.173 1013.86
9.387 1013.81
9.83 1013.58
10.272 1013.38
10.766 1013.4
10.944 1013.46
11.139 1013.69
11.323 1013.7
11.813 1013.56
12.318 1013.53
12.803 1013.64
13.229 1013.9
13.306 1014.09
13.233 1014.59
13.23 1015.09
13.282 1015.4
13.402 1015.46
13.702 1015.4
13.947 1015.25
14.176 1015.01
14.377 1014.97
14.415 1015.08
14.346 1015.58
14.341 1016.08
14.443 1016.43
14.728 1016.79
14.973 1017.11
14.958 1017.24
14.786 1017.4
14.374 1017.5
14.313 1017.64
14.355 1017.9
14.567 1018.27
14.924 1018.64
14.952 1018.74
14.766 1018.84
14.25 1018.9
13.966 1018.99
13.493 1019.18
13.066 1019.49
12.834 1019.76
12.679 1020.25
12.596 1020.76
12.609 1021.11
12.802 1021.58
13.056 1022.03
13.367 1022.38
13.795 1022.64
14.279 1022.8
14.751 1023.03
15.232 1023.14
15.609 1023.4
16.098 1023.57
16.587 1023.61
14
13.536 1021.75
13.494 1021.69
13.364 1021.65
13.17 1021.34
13.124 1021.2
13.145 1021.13
13.289 1021.07
13.368 1021.01
13.59 1021.41
13.648 1021.45
13.79 1021.41
13.896 1021.48
13.861 1021.75
13.694 1021.8
