0.3
0.7
157
18.24 1019.98
18.742 1019.93
19.244 1019.89
19.841 1019.83
20.446 1019.73
20.941 1019.62
21.433 1019.5
21.981 1019.34
22.468 1019.18
22.955 1019.06
23.496 1018.91
24.065 1018.79
24.604 1018.66
25.097 1018.53
25.643 1018.39
26.158 1018.3
26.663 1018.18
27.678 1017.81
28.155 1017.57
28.485 1017.33
28.939 1017.09
29.236 1016.89
29.689 1016.68
30.178 1016.4
30.622 1016.13
31.058 1015.81
31.449 1015.48
31.886 1015.1
32.269 1014.73
32.59 1014.34
32.864 1013.9
33.103 1013.45
33.281 1012.98
33.412 1012.48
33.51 1011.91
33.542 1011.38
33.524 1010.81
33.46 1010.29
33.354 1009.8
33.191 1009.32
33.014 1008.83
32.821 1008.32
32.604 1007.82
32.36 1007.36
32.065 1006.87
31.455 1005.99
31.139 1005.55
30.788 1005.15
30.37 1004.77
30.08 1004.48
29.777 1004.08
29.545 1003.6
29.362 1003.11
29.098 1002.64
28.786 1002.24
28.115 1001.41
27.744 1001.04
27.339 1000.73
26.88 1000.48
26.389 1000.33
25.819 1000.27
25.237 1000.31
24.725 1000.41
24.179 1000.58
23.697 1000.74
23.19 1000.82
22.68 1000.86
22.18 1000.84
21.652 1000.79
21.085 1000.73
20.561 1000.74
20.039 1000.77
19.529 1000.82
19.032 1000.9
18.517 1001.01
18.031 1001.16
17.56 1001.39
17.106 1001.7
16.656 1002.03
16.29 1002.43
15.952 1002.92
15.645 1003.35
15.265 1003.69
14.859 1004.01
14.463 1004.34
14.056 1004.78
13.765 1005.19
13.505 1005.63
13.266 1006.14
13.095 1006.63
12.969 1007.11
12.883 1007.66
12.843 1008.19
12.797 1008.71
12.788 1009.22
12.824 1009.72
12.908 1010.24
13.045 1010.74
13.238 1011.22
13.494 1011.73
13.746 1012.19
13.871 1012.54
13.821 1012.75
13.624 1012.9
13.102 1012.99
12.55 1013.04
11.796 1013.25
11.509 1013.26
11.239 1013.14
10.99 1012.77
10.77 1012.3
10.679 1011.78
10.519 1011.53
10.223 1011.35
9.754 1011.23
9.254 1011.19
8.742 1011.19
8.223 1011.24
7.694 1011.36
7.207 1011.55
6.897 1011.69
6.434 1011.91
5.992 1012.16
5.566 1012.5
5.188 1012.83
4.849 1013.22
4.678 1013.51
4.513 1013.99
4.417 1014.33
4.452 1014.75
4.681 1015.14
5.02 1015.55
5.378 1015.93
6.224 1016.48
6.642 1016.77
7.104 1017.09
7.537 1017.42
8.375 1018
8.858 1018.28
9.322 1018.53
9.853 1018.75
10.347 1018.85
10.711 1018.8
11.065 1018.73
11.518 1018.79
11.988 1018.97
12.499 1019.12
13.057 1019.23
13.59 1019.32
14.13 1019.41
14.626 1019.51
15.135 1019.6
15.64 1019.69
16.204 1019.75
16.695 1019.82
17.205 1019.98
17.707 1020.03
