0.3
0.7
145
19.075 1013.59
19.355 1013.42
19.732 1013.11
20.299 1012.88
20.794 1012.75
21.08 1012.78
21.327 1013
21.482 1013.35
21.774 1013.58
22.067 1013.58
22.229 1013.5
22.38 1013.31
22.614 1012.85
22.9 1012.38
23.2 1011.97
23.601 1011.66
23.888 1011.23
24.292 1010.9
24.511 1010.75
24.945 1010.62
25.062 1010.41
25.08 1010.02
25.19 1009.94
25.377 1009.87
25.48 1009.71
25.606 1009.42
25.898 1009.01
26.121 1008.55
26.314 1008.01
26.472 1006.95
26.463 1006.7
26.429 1006.57
26.26 1006.41
25.764 1006.28
25.472 1006.18
25.04 1005.93
24.558 1005.67
24.137 1005.47
24.084 1005.26
24.226 1004.93
24.559 1004.54
24.953 1004.13
25.287 1003.75
25.655 1003.38
25.992 1002.97
26.217 1002.51
26.374 1001.99
26.471 1001.49
26.539 1001.11
26.376 1000.67
25.612 999.96
25.21 999.62
24.773 999.348
24.492 999.278
24.268 999.38
24.041 999.68
23.807 1000.13
23.49 1000.52
23.053 1000.88
22.563 1001.07
22.353 1001.04
22.085 1000.83
21.746 1000.46
21.394 1000
21.02 999.631
20.616 999.306
20.204 999.007
19.708 998.753
19.206 998.596
18.868 998.586
18.654 998.691
18.579 998.906
18.652 999.427
18.744 999.752
18.69 999.912
18.581 999.882
18.193 999.663
17.918 999.586
17.501 999.636
16.97 999.821
16.474 999.937
16.148 999.926
15.184 999.603
14.713 999.424
14.197 999.317
13.955 999.295
13.688 999.445
13.465 999.665
13.435 999.758
13.367 999.837
13.199 1000.32
13.132 1000.6
13.299 1001.11
13.414 1001.54
13.513 1002.05
13.472 1002.11
13.122 1002
12.738 1001.87
12.406 1001.92
12.148 1002.07
12.037 1002.32
12.065 1002.58
12.224 1002.85
12.51 1003.22
12.508 1003.39
12.248 1003.58
11.957 1003.78
11.91 1003.94
11.984 1004.16
12.337 1004.52
12.694 1004.92
12.887 1005.23
13.012 1005.63
13.332 1006.04
13.68 1006.45
13.699 1006.65
13.725 1006.9
14.004 1007.23
14.346 1007.49
14.397 1007.69
14.358 1007.88
14.133 1008.22
13.695 1008.48
13.22 1008.67
12.973 1008.83
12.668 1009.16
12.593 1009.46
12.667 1009.75
12.829 1009.96
13.302 1010.14
13.796 1010.26
14.32 1010.42
14.806 1010.57
15.318 1010.74
15.846 1010.92
16.388 1011.02
17.437 1011.14
17.607 1011.25
17.708 1011.55
17.661 1011.97
17.697 1012.5
17.851 1012.93
18.097 1013.24
18.522 1013.52
18.8 1013.6
