0.3
0.7
211
23.405 1021.26
23.977 1021.22
24.48 1021.14
24.97 1021.01
25.297 1020.76
25.586 1020.33
25.723 1020.11
25.784 1020.1
26.295 1020.45
26.658 1020.6
26.927 1020.6
27.124 1020.51
27.289 1020.17
27.465 1019.7
27.631 1019.69
27.919 1019.78
28.447 1019.78
28.89 1019.71
29.112 1019.57
29.185 1019.4
29.228 1019.1
29.486 1018.75
29.896 1018.44
30.311 1018.17
30.62 1017.86
31.046 1017.79
32.125 1017.72
32.586 1017.61
32.992 1017.33
33.351 1016.98
33.742 1016.55
34.046 1016.08
34.149 1015.74
34.235 1015.26
34.554 1014.84
34.721 1014.63
35.178 1014.41
35.557 1014.08
35.853 1013.7
36.033 1013.2
36.066 1012.89
36.063 1012.7
36.265 1012.24
36.334 1011.93
36.724 1011.61
36.953 1011.23
37.118 1010.75
37.127 1010.31
37.022 1009.87
36.661 1009.5
36.252 1009.14
36.173 1008.97
36.254 1008.8
36.64 1008.54
37.026 1008.3
37.159 1008.07
37.177 1007.55
37.071 1007.04
36.929 1006.5
36.799 1006.17
36.664 1006.05
36.429 1006.05
36.128 1006.08
35.888 1005.99
35.619 1005.55
35.433 1005.19
35.372 1003.72
35.348 1003.55
35.077 1003.07
34.732 1002.7
34.296 1002.4
33.798 1002.24
33.35 1002.17
32.842 1002.25
32.438 1002.35
32.16 1002.37
31.675 1002.59
30.915 1003.29
30.664 1003.41
30.434 1003.38
30.273 1003.28
30.223 1003.04
30.259 1002.65
30.348 1002.24
30.308 1001.97
30.211 1001.88
29.95 1001.89
29.545 1002.02
29.313 1001.9
28.956 1001.49
28.577 1001.15
28.026 1000.82
27.077 1000.33
26.692 999.995
26.461 999.595
26.3 999.069
26.115 998.545
25.842 998.046
25.519 997.616
25.179 997.248
24.729 996.831
24.225 996.424
23.793 996.133
23.34 995.871
22.876 995.611
22.422 995.337
21.493 994.87
21.031 994.646
20.55 994.449
20.035 994.278
19.551 994.15
19.053 994.03
18.513 993.936
17.93 993.882
17.382 993.873
16.862 993.908
16.355 993.975
15.836 994.057
15.342 994.171
14.82 994.328
14.35 994.521
13.907 994.758
13.419 995.101
12.996 995.458
12.561 995.765
12.083 996.073
11.212 996.605
10.762 996.847
10.25 997.041
9.739 997.162
9.267 997.184
8.835 997.023
8.395 996.725
8.018 996.393
7.776 996.202
7.439 996.171
7.149 996.32
6.835 996.63
6.72 996.883
6.722 997.084
6.863 997.404
7.018 997.55
7.424 997.642
7.935 997.882
8.384 998.14
8.581 998.525
8.675 999.02
8.64 999.528
8.659 999.769
8.724 1000.07
8.662 1000.59
8.559 1001.11
8.426 1001.55
8.199 1002
7.923 1002.47
7.671 1002.97
7.485 1003.55
7.417 1004.08
7.403 1004.62
7.435 1005.13
7.495 1005.63
7.568 1006.14
7.674 1006.68
7.807 1007.17
7.974 1007.65
8.204 1008.1
8.491 1008.53
8.835 1008.92
9.235 1009.28
9.671 1009.67
10.1 1010.01
11.004 1010.67
11.421 1010.97
12.369 1011.52
13.328 1012.03
14.719 1012.75
15.21 1012.96
15.823 1013.17
16.388 1013.3
16.929 1013.44
17.089 1013.57
17.357 1013.98
17.419 1014.25
17.299 1014.73
17.116 1015.2
17.048 1015.5
17.16 1015.74
17.047 1016.25
17.065 1016.61
17.272 1017.08
17.478 1017.34
17.869 1017.66
18.182 1017.82
18.69 1017.87
18.817 1018.01
18.955 1018.3
19.159 1018.42
19.46 1018.44
19.724 1018.42
19.845 1018.5
19.951 1018.72
20.001 1019.24
20.092 1019.74
20.301 1020.2
20.611 1020.65
20.86 1020.82
21.24 1020.89
21.74 1020.87
22.036 1020.94
22.502 1021.2
22.85 1021.26
