0.3
0.7
154
22.309 1013.93
22.445 1013.75
22.595 1013.26
22.809 1012.79
23.107 1012.38
23.313 1012.25
23.743 1012.23
23.85 1012.15
23.993 1011.63
24.191 1011.41
24.588 1011.09
24.933 1011.06
25.116 1011.06
25.265 1010.88
25.293 1010.34
25.407 1010.23
25.617 1010.16
25.708 1009.93
25.739 1009.65
26.104 1009.28
26.437 1008.83
26.666 1008.37
27.139 1006.85
27.23 1006.33
27.203 1005.95
27.17 1005.86
26.986 1005.74
26.481 1005.71
26.11 1005.76
25.874 1005.85
25.719 1005.82
25.379 1005.59
24.905 1005.4
24.564 1005.25
24.486 1005.11
24.581 1004.83
24.916 1004.44
25.271 1004.07
25.61 1003.68
25.921 1003.28
26.249 1002.82
26.494 1002.3
26.654 1001.8
26.786 1001.28
26.829 1000.8
26.791 1000.39
26.618 1000.08
26.232 999.705
25.793 999.372
25.336 999.066
24.854 998.803
24.483 998.686
24.172 998.7
24.05 998.806
23.917 999.314
23.773 999.802
23.543 1000.21
23.177 1000.57
22.716 1000.82
22.505 1000.85
22.155 1000.66
21.794 1000.31
21.456 999.932
21.014 999.54
20.614 999.232
20.188 998.927
19.732 998.699
19.218 998.511
18.718 998.409
18.396 998.443
18.174 998.558
18.067 998.714
17.988 999.093
17.749 999.294
17.223 999.459
16.672 999.556
16.182 999.519
15.155 999.225
14.674 999.029
14.164 998.888
13.787 998.846
13.369 998.987
13.018 999.225
12.767 999.519
12.633 999.859
12.506 1000.22
12.542 1000.46
12.821 1000.91
13.015 1001.38
13.054 1001.58
13.016 1001.63
12.731 1001.66
12.396 1001.64
11.877 1001.75
11.592 1001.91
11.493 1002.06
11.425 1002.38
11.474 1002.61
11.775 1003.04
11.909 1003.28
11.873 1003.46
11.524 1003.76
11.401 1003.89
11.394 1004.07
11.551 1004.3
11.967 1004.62
12.27 1004.95
12.403 1005.28
12.504 1005.62
12.842 1006.03
13.118 1006.39
13.066 1006.58
13.027 1006.71
13.077 1006.83
13.447 1007.19
13.816 1007.53
13.911 1007.65
13.916 1007.81
13.784 1007.93
13.498 1008.05
13.013 1008.21
12.7 1008.43
12.4 1008.85
12.117 1009.3
12.072 1009.47
12.164 1009.85
12.312 1010.11
12.53 1010.19
13.036 1010.28
14.054 1010.47
14.572 1010.64
15.045 1010.81
15.55 1011.03
16.074 1011.19
16.571 1011.26
17.063 1011.36
17.263 1011.53
17.386 1011.8
17.419 1012.33
17.535 1012.81
17.681 1013.22
18.01 1013.64
18.457 1013.92
18.78 1014.01
19.06 1013.95
19.446 1013.54
19.729 1013.3
20.294 1013.11
20.755 1013
21.006 1013.09
21.276 1013.53
21.544 1013.9
21.802 1014.01
22.094 1014.02
