0.3
0.7
108
30.037 1023.92
30.48 1023.7
30.831 1023.35
31.056 1022.9
31.134 1022.41
31.134 1016.06
31.218 1015.55
31.438 1015.13
31.789 1014.78
32.132 1014.59
32.511 1014.49
33.543 1014.48
120.034 1014.48
120.976 1014.41
121.927 1014.33
122.85 1014.13
123.777 1013.91
124.663 1013.58
125.544 1013.21
126.373 1012.76
127.186 1012.26
127.943 1011.7
128.668 1011.08
129.336 1010.41
129.955 1009.68
130.296 1009.23
130.868 1008.39
131.184 1007.81
131.526 1007.17
132.043 1005.85
132.253 1005.23
132.563 1003.76
132.613 1003.52
132.71 1002.15
132.734 997.657
132.734 984.544
132.596 982.678
132.185 980.852
131.511 979.106
130.587 977.479
129.434 976.005
128.077 974.716
126.764 973.794
126.145 973.44
124.872 972.802
119.679 970.801
114.4 969.04
109.045 967.525
103.626 966.256
98.155 965.239
92.643 964.473
87.101 963.962
81.542 963.706
75.976 963.706
70.88 963.941
69.092 964.084
64.875 964.473
59.363 965.239
53.892 966.256
48.473 967.525
43.118 969.04
37.839 970.801
32.646 972.802
31.23 973.491
29.91 974.35
28.707 975.365
27.639 976.522
26.753 977.439
25.727 978.197
24.589 978.772
23.371 979.15
22.107 979.319
20.832 979.275
19.583 979.019
18.393 978.558
17.298 977.905
16.962 977.725
16.52 977.615
16.021 977.648
15.558 977.834
0.935 990.079
0.428 990.529
0.165 990.951
0.045 991.432
0.079 991.929
0.266 992.389
16.459 1011.72
16.895 1012.22
17.705 1012.91
18.641 1013.5
18.858 1013.63
19.997 1014.1
20.633 1014.24
21.262 1014.37
21.887 1014.41
23.196 1014.42
23.687 1014.5
24.13 1014.72
24.481 1015.07
24.706 1015.51
24.784 1016
24.784 1022.41
24.862 1022.9
25.087 1023.35
25.438 1023.7
25.881 1023.92
26.371 1024
29.546 1024
58
40.659 998.6
39.666 998.521
38.697 998.289
37.776 997.907
36.927 997.387
36.169 996.74
35.522 995.982
35.001 995.132
34.62 994.212
34.387 993.243
34.309 992.25
34.309 986.693
34.38 985.744
34.593 984.817
34.941 983.931
35.418 983.108
35.758 982.683
36.073 982.31
36.512 981.903
36.793 981.664
37.387 981.261
38.359 980.775
43.544 978.905
48.814 977.295
54.159 975.947
59.563 974.864
65.014 974.05
70.498 973.506
76.003 973.234
81.515 973.234
87.02 973.506
92.504 974.05
97.955 974.864
103.359 975.947
108.703 977.295
113.974 978.905
119.159 980.775
120.018 981.185
120.806 981.719
121.505 982.365
122.1 983.108
122.372 983.578
122.607 984.007
122.826 984.564
122.947 984.912
123.107 985.612
123.209 986.693
123.209 992.25
123.131 993.243
122.898 994.212
122.517 995.132
121.996 995.982
121.349 996.74
120.591 997.387
119.742 997.907
118.821 998.289
117.85 998.516
116.859 998.6
28
24.331 993.181
24.086 993.023
22.445 991.08
17.884 985.644
17.742 985.384
17.701 985.124
17.748 984.865
17.877 984.636
18.074 984.461
18.318 984.362
18.582 984.347
20.128 984.626
21.598 984.725
22.58 984.679
23.443 984.597
24.525 984.422
24.829 984.417
25.082 984.507
25.292 984.677
25.431 984.907
25.486 985.171
25.437 986.328
25.419 988.118
25.419 992.25
25.381 992.69
25.24 992.945
24.962 993.163
24.68 993.234
21
38.903 1010.57
38.69 1010.43
38.225 1009.89
37.075 1008.51
36.934 1008.26
36.891 1008.01
36.933 1007.75
37.116 1007.45
37.356 1007.28
37.701 1007.21
38.923 1007.38
39.43 1007.45
39.693 1007.58
39.876 1007.76
39.989 1008
40.024 1008.22
40.024 1009.85
39.969 1010.13
39.775 1010.43
39.53 1010.58
39.184 1010.64
