0.3
0.7
106
29.546 1023.92
30.037 1023.84
30.48 1023.61
30.831 1023.25
31.056 1022.79
31.134 1022.26
31.134 1016.18
31.161 1015.78
31.307 1015.34
31.603 1014.93
32.001 1014.65
32.473 1014.49
43.834 1014.48
43.834 1008.12
131.032 1008.12
131.338 1007.53
131.876 1006.36
132.344 1004.89
132.545 1003.82
132.642 1003.26
132.734 1001.77
132.734 984.544
132.602 982.755
132.199 980.916
132.001 980.374
131.531 979.157
131.131 978.438
130.609 977.517
129.454 976.031
128.093 974.731
126.818 973.832
126.545 973.641
124.941 972.836
119.892 970.883
117.569 970.097
114.526 969.082
109.082 967.535
103.849 966.308
102.314 966.012
98.324 965.27
92.718 964.483
87.329 963.983
86.657 963.942
81.751 963.716
78.873 963.706
76.09 963.706
70.436 963.961
65.103 964.452
63.113 964.718
59.514 965.218
53.948 966.246
48.696 967.473
47.618 967.767
43.301 968.988
40.165 970.025
37.929 970.771
32.859 972.72
31.288 973.463
30.808 973.765
29.946 974.326
28.723 975.351
27.683 976.474
26.789 977.401
25.769 978.166
24.636 978.748
23.421 979.134
22.159 979.312
20.884 979.277
19.634 979.03
18.442 978.577
17.343 977.932
17.004 977.739
16.52 977.615
16.021 977.648
15.558 977.834
15.004 978.273
2.769 988.539
2.401 988.878
2.031 989.334
1.754 989.834
1.626 990.237
1.613 990.641
1.736 991.069
1.903 991.338
7.567 998.092
17.951 1010.47
18.47 1011.01
18.798 1011.3
19.643 1011.82
20.51 1012.22
21.442 1012.41
22.054 1012.46
23.196 1012.47
23.529 1012.52
23.917 1012.7
24.319 1013.08
24.594 1013.58
24.764 1014.19
24.784 1017.94
24.784 1022.11
24.82 1022.6
24.957 1023.03
25.249 1023.44
25.651 1023.74
26.123 1023.9
27.539 1023.92
145
60.525 1003.43
60.524 1000.23
60.5 999.732
60.349 999.486
60.106 999.328
40.659 999.321
40.015 999.271
39.553 999.234
38.925 999.084
38.474 998.975
37.877 998.728
37.449 998.55
36.898 998.214
36.502 997.971
36.011 997.551
35.659 997.25
35.24 996.759
34.938 996.406
34.601 995.856
34.359 995.46
34.112 994.863
33.933 994.435
33.781 993.807
33.674 993.356
33.623 992.712
33.587 992.25
33.586 986.693
33.633 986.078
33.667 985.636
33.804 985.035
33.904 984.603
34.129 984.029
34.292 983.617
34.6 983.084
34.823 982.7
35.208 982.219
35.485 981.873
35.938 981.454
36.264 981.154
36.774 980.808
37.141 980.559
37.697 980.294
38.097 980.102
43.316 978.221
48.621 976.6
53.999 975.243
59.438 974.153
64.925 973.334
70.445 972.786
75.985 972.512
81.532 972.512
87.073 972.786
92.593 973.334
98.08 974.153
103.518 975.243
108.897 976.6
114.202 978.221
119.421 980.102
119.977 980.368
120.377 980.559
120.887 980.904
121.254 981.154
121.707 981.572
122.033 981.873
122.418 982.354
122.695 982.7
123.003 983.234
123.226 983.617
123.451 984.191
123.614 984.603
123.753 985.204
123.851 985.636
123.899 986.251
123.931 986.693
123.931 988.932
123.932 992.25
123.881 992.893
123.844 993.356
123.694 993.984
123.585 994.435
123.338 995.032
123.159 995.46
122.823 996.01
122.58 996.406
122.161 996.897
121.859 997.25
121.368 997.669
121.016 997.971
120.465 998.308
120.069 998.55
119.472 998.797
119.044 998.975
118.416 999.127
117.965 999.234
116.791 999.326
116.506 999.318
116.248 999.456
116.078 999.707
116.044 1000.09
116.044 1003.29
116.043 1003.43
111.325 1003.43
111.324 1000.23
111.3 999.732
111.149 999.486
110.906 999.328
103.896 999.31
103.68 999.363
103.486 999.516
103.361 999.765
103.344 1003.29
103.343 1003.43
98.625 1003.43
98.624 1000.23
98.6 999.732
98.449 999.486
98.206 999.328
91.196 999.31
90.98 999.363
90.786 999.516
90.66 999.772
90.644 1003.29
90.643 1003.43
85.925 1003.43
85.924 1000.23
85.9 999.732
85.749 999.486
85.506 999.328
78.496 999.31
78.28 999.363
78.086 999.516
77.96 999.769
77.944 1003.29
77.943 1003.43
73.225 1003.43
73.224 1000.23
73.2 999.732
73.049 999.486
72.806 999.328
65.796 999.31
65.58 999.363
65.386 999.516
65.26 999.772
65.244 1003.29
65.243 1003.43
28
24.331 993.181
24.11 993.047
17.884 985.644
17.751 985.417
17.699 985.158
17.735 984.896
17.855 984.661
18.045 984.478
18.285 984.368
18.548 984.342
20.024 984.607
20.583 984.657
21.528 984.72
23.035 984.659
24.421 984.439
24.795 984.41
25.053 984.489
25.27 984.65
25.42 984.874
25.486 985.136
25.419 986.693
25.419 991.852
25.42 992.435
25.381 992.69
25.262 992.92
25.075 993.099
24.841 993.208
24.583 993.237
21
38.933 1010.58
38.713 1010.45
37.186 1008.65
36.943 1008.29
36.89 1008.04
36.921 1007.78
37.033 1007.55
37.214 1007.36
37.445 1007.25
37.701 1007.21
39.301 1007.43
39.553 1007.49
39.77 1007.64
39.929 1007.84
40.013 1008.09
40.024 1009.73
39.982 1010.1
39.861 1010.33
39.674 1010.51
39.44 1010.61
39.184 1010.64
