0.3
0.7
57
21.632 1023.98
22.127 1023.81
22.523 1023.51
22.808 1023.11
22.952 1022.63
22.971 1021.87
22.971 1015.6
22.984 1015.13
23.123 1014.8
23.313 1014.62
23.64 1014.49
26.656 1014.48
28.112 1014.48
28.712 1014.45
29.293 1014.36
29.958 1014.11
30.406 1013.84
30.803 1013.5
31.138 1013.1
31.403 1012.65
31.584 1012.17
31.685 1011.67
31.703 1011.16
31.639 1010.65
31.498 1010.16
31.27 1009.7
30.97 1009.28
19.192 995.238
14.917 990.149
14.541 989.823
14.076 989.629
13.549 989.597
13.088 989.712
12.653 989.976
0.895 999.842
0.453 1000.24
0.181 1000.67
0.053 1001.15
0.081 1001.66
0.268 1002.12
0.764 1002.74
4.589 1007.3
9.639 1013.32
10.04 1013.71
10.506 1014.03
11.023 1014.27
11.593 1014.42
12.137 1014.47
12.692 1014.48
16.621 1014.48
16.621 1022.41
16.699 1022.9
16.941 1023.37
17.298 1023.71
17.744 1023.93
18.208 1024
21.024 1024
