0.3
0.7
54
21.874 1023.92
22.317 1023.7
22.668 1023.35
22.893 1022.9
22.971 1022.41
22.971 1015.27
23.038 1014.95
23.203 1014.71
23.475 1014.53
23.765 1014.48
28.987 1014.48
29.518 1014.38
30.028 1014.18
30.459 1013.92
30.844 1013.6
31.174 1013.22
31.441 1012.79
31.638 1012.33
31.76 1011.84
31.806 1011.34
31.773 1010.84
31.663 1010.35
31.477 1009.89
31.187 1009.4
29.823 1007.76
28.56 1006.25
28.187 1005.87
27.663 1005.25
14.961 990.111
14.586 989.785
14.129 989.591
13.603 989.552
13.122 989.673
12.725 989.915
0.564 1000.12
0.238 1000.49
0.044 1000.95
0.004 1001.48
0.126 1001.96
0.368 1002.36
9.585 1013.34
9.968 1013.72
10.409 1014.04
10.898 1014.27
11.43 1014.42
11.981 1014.47
16.621 1014.48
16.621 1022.41
16.699 1022.9
16.924 1023.35
17.275 1023.7
17.718 1023.92
18.208 1024
21.383 1024
