0.3
0.7
75
122.011 1014.32
123.939 1013.86
125.774 1013.1
127.467 1012.07
128.978 1010.79
130.271 1009.28
131.015 1008.15
131.286 1007.63
131.729 1006.71
131.995 1006
132.217 1005.29
132.285 1005.12
132.38 1004.6
132.562 1003.76
132.621 1003.46
132.688 1002.51
132.734 1001.77
132.734 984.544
132.596 982.678
132.185 980.852
131.511 979.106
130.587 977.479
129.434 976.005
128.077 974.716
126.764 973.794
126.545 973.641
124.872 972.802
119.679 970.801
114.4 969.04
109.045 967.525
103.626 966.256
98.155 965.239
92.643 964.473
87.101 963.962
81.542 963.706
75.976 963.706
70.88 963.941
67.796 964.204
64.875 964.473
59.363 965.239
53.892 966.256
48.473 967.525
43.118 969.04
37.839 970.801
32.646 972.802
31.23 973.491
29.91 974.35
28.707 975.365
27.639 976.522
26.753 977.439
25.727 978.197
24.589 978.772
23.371 979.15
22.107 979.319
20.832 979.275
19.583 979.019
18.393 978.558
17.298 977.905
16.921 977.711
16.52 977.615
16.021 977.648
15.558 977.834
11.318 981.366
10.872 981.766
10.609 982.187
10.489 982.669
10.437 983.284
10.34 984.259
22.79 999.099
28.322 1005.68
35.218 1013.89
35.587 1014.21
35.977 1014.4
36.469 1014.48
120.034 1014.48
62
40.659 998.6
39.666 998.521
38.697 998.289
37.776 997.907
36.927 997.387
36.169 996.74
35.522 995.982
35.001 995.132
34.62 994.212
34.387 993.243
34.309 992.25
34.309 986.693
34.38 985.744
34.495 985.246
34.639 984.7
34.941 983.931
35.271 983.362
35.575 982.912
36.013 982.365
36.512 981.903
37.023 981.508
37.439 981.226
37.896 980.996
38.359 980.775
43.544 978.905
48.814 977.295
54.159 975.947
59.563 974.864
65.014 974.05
70.498 973.506
76.003 973.234
81.515 973.234
87.02 973.506
92.504 974.05
97.955 974.864
103.359 975.947
108.703 977.295
113.974 978.905
119.159 980.775
120.018 981.185
120.441 981.472
120.898 981.804
121.505 982.365
121.917 982.879
122.225 983.324
122.577 983.931
122.826 984.564
123.009 985.183
123.121 985.673
123.171 986.181
123.209 986.693
123.209 992.25
123.131 993.243
122.898 994.212
122.517 995.132
121.996 995.982
121.349 996.74
120.591 997.387
119.742 997.907
118.821 998.289
117.542 998.557
116.859 998.6
25
24.331 993.181
24.066 993.003
17.884 985.644
17.733 985.356
17.706 985.025
17.818 984.72
18.045 984.478
18.347 984.357
18.679 984.362
20.128 984.626
21.598 984.725
22.58 984.679
23.07 984.657
24.525 984.422
24.858 984.424
25.168 984.56
25.386 984.812
25.486 985.136
25.451 986.017
25.419 986.693
25.419 992.25
25.381 992.69
25.221 992.966
24.962 993.163
24.651 993.235
19
38.878 1010.56
38.67 1010.41
37.075 1008.51
36.925 1008.23
36.895 1007.91
36.999 1007.61
37.214 1007.36
37.505 1007.23
37.831 1007.23
39.301 1007.43
39.607 1007.52
39.858 1007.73
39.996 1008.02
40.024 1008.99
40.024 1009.85
39.958 1010.16
39.775 1010.43
39.504 1010.59
39.184 1010.64
43
30.037 1023.92
30.48 1023.7
30.831 1023.35
31.056 1022.9
31.134 1022.41
31.134 1020.71
31.097 1020.19
30.931 1019.74
30.745 1019.46
4.979 988.757
3.397 988.62
2.898 988.657
2.434 988.847
1.892 989.276
0.563 990.39
0.237 990.765
0.043 991.222
0 991.717
0.112 992.201
0.368 992.627
16.416 1011.75
16.84 1012.22
17.444 1012.74
17.895 1013.09
18.385 1013.39
18.892 1013.68
19.885 1014.1
21.054 1014.38
21.765 1014.43
22.779 1014.48
23.306 1014.48
23.687 1014.55
24.13 1014.78
24.481 1015.13
24.706 1015.57
24.784 1016.06
24.784 1022.41
24.862 1022.9
25.087 1023.35
25.438 1023.7
25.881 1023.92
26.371 1024
29.546 1024
