0.3
0.7
111
29.769 1023.98
30.267 1023.83
30.669 1023.53
30.961 1023.13
31.114 1022.66
31.134 1022.05
31.134 1016.06
31.216 1015.56
31.438 1015.13
31.789 1014.78
32.231 1014.55
32.721 1014.48
120.034 1014.48
121.269 1014.39
121.898 1014.34
123.108 1014.07
123.721 1013.93
124.882 1013.49
125.465 1013.25
126.551 1012.66
127.089 1012.33
128.081 1011.59
128.561 1011.18
129.436 1010.3
129.846 1009.82
130.293 1009.23
130.817 1008.48
131.232 1007.72
131.546 1007.13
132.06 1005.79
132.242 1005.27
132.564 1003.76
132.61 1003.54
132.718 1002.02
132.734 999.052
132.734 984.544
132.596 982.678
132.185 980.852
131.511 979.106
130.587 977.479
129.434 976.005
128.077 974.716
126.764 973.794
126.281 973.508
124.872 972.802
119.679 970.801
114.4 969.04
109.045 967.525
103.626 966.256
98.155 965.239
92.643 964.473
87.101 963.962
81.542 963.706
75.976 963.706
70.88 963.941
69.541 964.043
64.875 964.473
59.363 965.239
53.892 966.256
48.473 967.525
43.118 969.04
37.839 970.801
32.646 972.802
31.23 973.491
29.91 974.35
28.707 975.365
27.639 976.522
26.753 977.439
25.727 978.197
24.589 978.772
23.371 979.15
22.107 979.319
20.832 979.275
19.583 979.019
18.393 978.558
17.298 977.905
16.976 977.73
16.52 977.615
16.021 977.648
15.558 977.834
14.005 979.111
1.272 989.796
0.804 990.214
0.512 990.66
0.367 991.162
0.385 991.672
0.561 992.141
7.131 1000
16.754 1011.47
17.31 1012.05
17.467 1012.22
18.533 1013
19.286 1013.37
19.785 1013.6
20.305 1013.75
20.969 1013.9
21.563 1013.99
22.253 1014.03
23.196 1014.03
23.687 1014.12
24.13 1014.36
24.475 1014.72
24.706 1015.19
24.784 1015.69
24.784 1022.41
24.862 1022.9
25.087 1023.35
25.438 1023.7
25.881 1023.92
26.371 1024
29.224 1024
58
40.807 998.6
39.666 998.521
38.697 998.289
37.776 997.907
36.927 997.387
36.169 996.74
35.522 995.982
35.001 995.132
34.62 994.212
34.387 993.243
34.309 992.25
34.309 986.693
34.38 985.744
34.593 984.817
34.941 983.931
35.418 983.108
35.758 982.683
36.014 982.364
36.512 981.903
36.713 981.718
37.387 981.261
38.359 980.775
43.544 978.905
48.814 977.295
54.159 975.947
59.563 974.864
65.014 974.05
70.498 973.506
76.003 973.234
81.515 973.234
87.02 973.506
92.504 974.05
97.955 974.864
103.359 975.947
108.703 977.295
113.974 978.905
119.159 980.775
120.018 981.185
120.806 981.719
121.505 982.365
122.1 983.108
122.372 983.578
122.577 983.932
122.826 984.564
122.925 984.818
123.107 985.612
123.209 986.693
123.209 992.25
123.131 993.243
122.898 994.212
122.517 995.132
121.996 995.982
121.349 996.74
120.591 997.387
119.742 997.907
118.821 998.289
117.851 998.52
116.859 998.6
29
24.31 993.171
24.093 993.03
22.909 991.632
17.884 985.644
17.744 985.394
17.7 985.134
17.744 984.874
17.871 984.643
18.066 984.466
18.309 984.364
18.572 984.346
20.128 984.626
21.598 984.725
22.58 984.679
23.333 984.615
24.525 984.422
24.819 984.415
25.074 984.502
25.285 984.669
25.428 984.897
25.486 985.161
25.432 986.435
25.419 987.698
25.419 992.25
25.381 992.69
25.246 992.938
25.055 993.111
24.818 993.213
24.56 993.234
22
38.912 1010.57
38.697 1010.43
38.342 1010.03
37.075 1008.51
36.936 1008.27
36.891 1008.01
36.929 1007.76
37.048 1007.53
37.234 1007.35
37.468 1007.24
37.725 1007.21
39.034 1007.39
39.553 1007.49
39.786 1007.65
39.938 1007.87
40.015 1008.11
40.024 1009.85
39.973 1010.12
39.845 1010.35
39.654 1010.52
39.417 1010.62
39.161 1010.64
