0.3
0.7
74
43.834 1008.12
131.032 1008.12
131.276 1007.66
131.764 1006.63
131.971 1006.07
132.248 1005.2
132.561 1003.76
132.625 1003.43
132.677 1002.69
132.734 1001.77
132.734 984.544
132.596 982.678
132.185 980.852
131.511 979.106
130.803 977.86
130.587 977.479
129.637 976.264
129.434 976.005
128.077 974.716
126.764 973.794
126.545 973.641
124.872 972.802
119.679 970.801
114.4 969.04
109.411 967.628
105.848 966.776
103.626 966.256
98.155 965.239
92.643 964.473
87.101 963.962
81.542 963.706
75.976 963.706
70.88 963.941
67.147 964.263
64.875 964.473
59.363 965.239
53.892 966.256
48.473 967.525
43.118 969.04
37.839 970.801
32.646 972.802
31.23 973.491
30.271 974.115
29.91 974.35
28.871 975.226
28.077 976.048
27.639 976.522
26.753 977.439
25.727 978.197
24.589 978.772
23.371 979.15
22.107 979.319
20.832 979.275
19.583 979.019
18.393 978.558
17.298 977.905
16.901 977.704
16.52 977.615
16.021 977.648
15.558 977.834
10.868 981.743
10.581 982.025
10.317 982.432
10.169 982.937
10.096 983.502
9.927 984.561
9.915 984.616
10.47 985.276
34.333 1013.73
34.806 1014.13
35.279 1014.36
35.771 1014.46
36.35 1014.48
43.834 1014.48
86
40.659 998.6
40.032 998.55
39.666 998.521
39.054 998.375
38.697 998.289
38.116 998.048
37.776 997.907
37.24 997.579
36.927 997.387
36.449 996.979
36.169 996.74
35.761 996.262
35.522 995.982
35.193 995.445
35.001 995.132
34.76 994.551
34.62 994.212
34.473 993.6
34.387 993.243
34.338 992.616
34.309 992.25
34.309 986.693
34.354 986.094
34.411 985.612
34.526 985.11
34.692 984.564
34.941 983.931
35.318 983.281
35.633 982.84
36.013 982.365
36.512 981.903
36.712 981.719
37.138 981.43
37.5 981.185
38.042 980.926
38.359 980.775
43.544 978.905
48.814 977.295
54.159 975.947
59.563 974.864
65.014 974.05
70.498 973.506
75.634 973.252
79.482 973.234
81.515 973.234
87.02 973.506
92.504 974.05
97.955 974.864
103.359 975.947
108.703 977.295
113.974 978.905
119.159 980.775
119.701 981.034
120.13 981.261
120.557 981.55
121.005 981.903
121.505 982.365
121.975 982.951
122.272 983.405
122.577 983.931
122.826 984.564
122.925 984.817
123.04 985.319
123.138 985.744
123.183 986.343
123.209 990.201
123.209 992.25
123.16 992.877
123.131 993.243
122.984 993.855
122.898 994.212
122.657 994.793
122.517 995.132
122.188 995.669
121.996 995.982
121.588 996.46
121.349 996.74
120.871 997.148
120.591 997.387
120.055 997.715
119.742 997.907
119.161 998.148
118.67 998.335
118.076 998.443
117.428 998.571
116.859 998.6
26
24.331 993.181
24.056 992.993
17.884 985.644
17.729 985.342
17.706 985.025
17.826 984.708
18.045 984.478
18.361 984.354
18.679 984.362
20.128 984.626
21.19 984.698
21.598 984.725
22.866 984.666
23.92 984.52
24.525 984.422
24.872 984.427
25.168 984.56
25.393 984.825
25.486 985.136
25.459 985.862
25.419 986.693
25.419 992.25
25.381 992.69
25.212 992.977
24.962 993.163
24.637 993.235
19
38.865 1010.55
38.66 1010.4
37.075 1008.51
36.921 1008.22
36.895 1007.91
37.006 1007.6
37.214 1007.36
37.519 1007.23
37.831 1007.23
39.301 1007.43
39.62 1007.53
39.858 1007.73
40 1008.04
40.024 1009.17
40.024 1009.85
39.952 1010.17
39.775 1010.43
39.49 1010.6
39.184 1010.64
48
30.037 1023.92
30.48 1023.7
30.831 1023.35
31.056 1022.9
31.134 1022.41
31.134 1020.3
31.126 1019.76
30.998 1019.14
30.815 1018.72
30.551 1018.35
28.219 1015.57
18.94 1004.48
5.424 988.385
4.892 988.391
3.709 988.358
3.211 988.412
2.703 988.62
2.078 989.119
0.563 990.39
0.237 990.765
0.043 991.222
0 991.717
0.112 992.201
0.368 992.627
16.416 1011.75
16.84 1012.22
17.585 1012.86
18.077 1013.2
18.563 1013.5
19.04 1013.75
19.629 1013.99
20.071 1014.14
20.756 1014.31
21.149 1014.39
22.253 1014.48
23.196 1014.48
23.687 1014.55
24.13 1014.78
24.481 1015.13
24.706 1015.57
24.784 1016.06
24.784 1022.41
24.862 1022.9
25.087 1023.35
25.438 1023.7
25.881 1023.92
26.371 1024
29.546 1024
