0.3
0.7
100
21.874 1023.92
22.317 1023.7
22.668 1023.35
22.893 1022.9
22.971 1022.41
22.971 1015.35
23.01 1015.03
23.174 1014.74
23.553 1014.39
23.765 1014.35
35.558 1014.35
36.02 1014.07
36.777 1013.72
37.536 1013.5
38.15 1013.44
40.833 1013.44
50.911 1013.43
51.528 1013.49
52.3 1013.7
53.079 1014.06
53.564 1014.35
55.878 1014.35
56.34 1014.07
57.097 1013.72
57.856 1013.5
58.47 1013.44
61.153 1013.44
71.231 1013.43
71.848 1013.49
72.62 1013.7
73.399 1014.06
73.884 1014.35
76.198 1014.35
76.66 1014.07
77.417 1013.72
78.176 1013.5
78.79 1013.44
81.473 1013.44
91.551 1013.43
92.168 1013.49
92.94 1013.7
93.719 1014.06
94.204 1014.35
96.518 1014.35
96.98 1014.07
97.737 1013.72
98.496 1013.5
99.11 1013.44
101.793 1013.44
111.871 1013.43
112.488 1013.49
113.26 1013.7
114.039 1014.06
114.524 1014.35
118.221 1014.35
118.221 1008.12
33.076 1008.12
32.331 1008.11
31.572 1008.04
30.856 1007.89
30.248 1007.71
29.728 1007.5
29.049 1007.16
28.546 1006.85
27.845 1006.36
27.261 1005.84
26.732 1005.25
26.092 1004.49
14.402 990.58
14.017 990.263
13.53 990.093
13.171 990.077
12.68 990.178
12.204 990.404
11.787 990.701
1.627 999.226
1.221 999.594
0.831 1000.12
0.646 1000.59
0.605 1001.01
0.682 1001.45
0.927 1001.89
8.418 1010.83
10.271 1013.04
10.479 1013.27
10.895 1013.58
11.317 1013.85
11.812 1014.04
12.386 1014.19
12.9 1014.28
13.563 1014.34
14.117 1014.35
16.621 1014.35
16.621 1022.14
16.638 1022.65
16.794 1023.13
17.086 1023.53
17.488 1023.83
17.96 1023.98
21.383 1024
