0.3
0.7
76
121.979 1014.32
123.877 1013.88
125.685 1013.14
127.359 1012.14
128.859 1010.9
129.158 1010.6
130.15 1009.44
130.959 1008.25
131.294 1007.61
131.702 1006.77
132.013 1005.94
132.193 1005.37
132.273 1005.16
132.562 1003.76
132.618 1003.48
132.697 1002.37
132.734 1001.77
132.734 984.544
132.596 982.678
132.185 980.852
131.511 979.106
130.587 977.479
129.434 976.005
128.077 974.716
126.764 973.794
126.545 973.641
124.872 972.802
119.679 970.801
114.4 969.04
109.045 967.525
103.626 966.256
98.155 965.239
92.643 964.473
87.101 963.962
81.542 963.706
75.976 963.706
70.88 963.941
68.294 964.158
64.875 964.473
59.363 965.239
53.892 966.256
48.473 967.525
43.118 969.04
37.839 970.801
32.646 972.802
31.23 973.491
29.91 974.35
28.707 975.365
27.639 976.522
26.753 977.439
25.727 978.197
24.589 978.772
23.371 979.15
22.107 979.319
20.832 979.275
19.583 979.019
18.393 978.558
17.298 977.905
16.937 977.716
16.52 977.615
16.021 977.648
15.558 977.834
10.603 981.965
10.256 982.353
10.008 982.814
9.901 983.185
9.8 983.773
9.66 984.404
9.511 984.955
33.519 1013.58
33.739 1013.79
34.252 1014.14
34.794 1014.36
35.34 1014.46
36.052 1014.48
120.034 1014.48
58
40.659 998.6
39.666 998.521
38.697 998.289
37.776 997.907
36.927 997.387
36.169 996.74
35.522 995.982
35.001 995.132
34.62 994.212
34.387 993.243
34.309 992.25
34.309 986.693
34.38 985.744
34.593 984.817
34.941 983.931
35.236 983.423
35.53 982.968
36.013 982.365
36.512 981.903
36.934 981.568
37.387 981.261
38.359 980.775
43.544 978.905
48.814 977.295
54.159 975.947
59.563 974.864
65.014 974.05
70.498 973.506
76.003 973.234
81.515 973.234
87.02 973.506
92.504 974.05
97.955 974.864
103.359 975.947
108.703 977.295
113.974 978.905
119.159 980.775
120.018 981.185
120.806 981.719
121.505 982.365
121.872 982.823
122.19 983.263
122.577 983.931
122.826 984.564
122.985 985.079
123.107 985.612
123.209 986.693
123.209 992.25
123.131 993.243
122.898 994.212
122.517 995.132
121.996 995.982
121.349 996.74
120.591 997.387
119.742 997.907
118.821 998.289
117.849 998.508
116.859 998.6
26
24.331 993.181
24.074 993.011
21.621 990.097
17.884 985.644
17.737 985.367
17.706 985.025
17.812 984.73
18.045 984.478
18.336 984.359
18.679 984.362
20.128 984.626
21.598 984.725
22.58 984.679
23.07 984.657
24.525 984.422
24.847 984.421
25.168 984.56
25.38 984.802
25.473 985.054
25.446 986.137
25.419 986.693
25.419 992.25
25.381 992.69
25.228 992.958
24.962 993.163
24.662 993.235
19
38.888 1010.56
38.677 1010.41
37.075 1008.51
36.929 1008.24
36.895 1007.91
36.993 1007.62
37.214 1007.36
37.495 1007.24
37.831 1007.23
39.301 1007.43
39.598 1007.52
39.858 1007.73
39.994 1008.01
40.024 1008.86
40.024 1009.85
39.962 1010.15
39.775 1010.43
39.514 1010.59
39.184 1010.64
44
30.037 1023.92
30.48 1023.7
30.831 1023.35
31.056 1022.9
31.134 1022.41
31.134 1019.85
31.125 1019.27
31.045 1018.71
30.867 1018.18
30.63 1017.67
30.368 1017.3
5.813 988.057
5.112 988.114
4.055 988.145
3.642 988.169
3.162 988.311
2.683 988.611
0.563 990.39
0.237 990.765
0.043 991.222
0 991.717
0.112 992.201
0.368 992.627
16.416 1011.75
16.84 1012.22
17.751 1013
18.775 1013.63
19.885 1014.1
21.054 1014.38
21.983 1014.45
22.965 1014.48
23.504 1014.51
23.917 1014.65
24.319 1014.94
24.611 1015.34
24.764 1015.81
24.784 1019.4
24.784 1022.41
24.862 1022.9
25.087 1023.35
25.438 1023.7
25.881 1023.92
26.371 1024
29.546 1024
