0.3
0.7
53
21.632 1023.98
22.104 1023.83
22.506 1023.53
22.798 1023.13
22.951 1022.66
22.971 1021.74
22.972 1015.25
23.057 1014.91
23.226 1014.69
23.519 1014.51
23.765 1014.48
28.204 1014.48
28.793 1014.46
29.255 1014.39
29.719 1014.26
30.166 1014.04
30.579 1013.76
30.944 1013.41
31.252 1013.01
31.492 1012.56
31.657 1012.08
31.743 1011.57
31.745 1011.06
31.665 1010.55
31.502 1010.06
31.26 1009.6
31.019 1009.26
14.953 990.117
14.577 989.792
14.12 989.598
13.625 989.555
13.141 989.666
12.716 989.922
0.53 1000.15
0.222 1000.53
0.044 1000.99
0.014 1001.48
0.138 1001.96
0.377 1002.35
9.591 1013.34
9.984 1013.73
10.438 1014.05
10.94 1014.28
11.476 1014.43
12.03 1014.48
16.621 1014.48
16.621 1022.41
16.699 1022.9
16.924 1023.35
17.275 1023.7
17.718 1023.92
18.208 1024
20.938 1024
