0.3
0.7
111
30.037 1023.42
30.48 1023.16
30.831 1022.7
31.007 1022.24
31.104 1021.68
31.125 1021.09
31.128 1016.06
31.205 1015.57
31.431 1015.12
31.784 1014.77
32.229 1014.55
32.721 1014.47
89.176 1014.47
120.034 1014.47
121.84 1014.34
123.611 1013.95
125.308 1013.32
126.897 1012.45
128.347 1011.37
129.627 1010.09
130.43 1009.01
130.712 1008.64
131.411 1007.36
131.58 1007.05
132.13 1005.57
132.213 1005.35
132.572 1003.7
132.643 1002.94
132.727 1001.77
132.728 984.544
132.589 982.679
132.18 980.853
131.506 979.108
130.581 977.483
129.429 976.01
128.324 974.96
128.073 974.721
126.684 973.747
125.952 973.352
124.87 972.808
119.677 970.807
114.398 969.047
109.043 967.531
103.625 966.263
98.154 965.246
92.642 964.48
87.101 963.969
81.542 963.712
75.976 963.713
70.718 963.954
68.46 964.149
64.876 964.48
59.364 965.246
53.893 966.263
48.475 967.531
43.12 969.047
37.841 970.807
32.648 972.808
31.234 973.497
29.913 974.354
28.972 975.15
28.712 975.37
27.644 976.526
26.758 977.444
25.731 978.203
24.591 978.778
23.372 979.157
22.107 979.326
20.831 979.282
19.581 979.025
18.39 978.564
17.294 977.91
16.893 977.707
16.515 977.619
16.016 977.653
15.546 977.844
8.768 983.515
4.806 986.843
4.177 987.383
3.698 987.833
3.356 988.204
2.951 988.703
2.675 989.226
2.517 989.828
2.515 990.185
2.602 990.44
2.733 990.643
18.782 1009.77
19.137 1010.13
19.281 1010.27
19.885 1010.65
20.264 1010.89
21.284 1011.29
22.209 1011.38
23.142 1011.38
23.445 1011.41
23.86 1011.61
24.13 1011.85
24.481 1012.39
24.663 1012.92
24.763 1013.39
24.791 1018.35
24.79 1020.83
24.797 1021.37
24.853 1021.99
24.993 1022.5
25.249 1022.95
25.447 1023.16
25.881 1023.42
26.371 1023.51
29.546 1023.51
55
40.659 1000.08
39.458 999.982
38.263 999.699
37.128 999.232
36.078 998.595
35.143 997.801
34.342 996.869
33.697 995.824
33.224 994.691
32.934 993.498
32.834 992.274
32.832 986.693
32.919 985.546
33.177 984.402
33.603 983.31
34.187 982.293
34.917 981.375
35.776 980.577
36.746 979.916
37.803 979.408
42.973 977.542
48.311 975.905
53.725 974.533
59.2 973.431
64.721 972.6
70.278 972.044
75.855 971.763
81.44 971.757
87.018 972.028
92.576 972.571
98.099 973.391
103.577 974.482
108.992 975.844
114.334 977.471
119.59 979.359
120.732 979.893
121.706 980.548
122.57 981.341
123.305 982.255
123.895 983.269
124.328 984.359
124.593 985.501
124.684 986.67
124.686 992.25
124.591 993.451
124.308 994.646
123.842 995.781
123.205 996.831
122.41 997.766
121.478 998.566
120.433 999.211
119.3 999.685
118.107 999.975
116.883 1000.07
115.35 1000.08
26
24.328 993.179
24.107 993.044
17.884 985.644
17.75 985.413
17.699 985.154
17.736 984.892
17.858 984.658
18.048 984.476
18.289 984.367
18.552 984.343
20.128 984.626
21.598 984.725
23.113 984.65
24.525 984.422
24.799 984.411
25.056 984.491
25.273 984.653
25.421 984.878
25.486 985.14
25.422 986.65
25.419 992.25
25.38 992.694
25.259 992.923
25.072 993.101
24.837 993.209
24.579 993.236
21
38.93 1010.58
38.71 1010.45
37.075 1008.51
36.942 1008.29
36.89 1008.03
36.922 1007.78
37.035 1007.55
37.217 1007.36
37.449 1007.25
37.705 1007.21
39.256 1007.42
39.556 1007.5
39.773 1007.64
39.931 1007.85
40.013 1008.09
40.024 1009.85
39.98 1010.11
39.858 1010.33
39.671 1010.51
39.436 1010.62
39.18 1010.64
