0.3
0.7
105
29.546 1023.72
30.037 1023.64
30.48 1023.39
30.831 1022.99
31.056 1022.46
31.134 1021.77
31.134 1016.1
31.155 1015.8
31.307 1015.34
31.6 1014.94
32.001 1014.65
32.473 1014.49
43.834 1014.48
43.834 1008.12
131.032 1008.12
131.339 1007.53
131.884 1006.34
132.351 1004.86
132.554 1003.78
132.639 1003.3
132.734 1001.77
132.734 984.787
132.598 982.704
132.19 980.874
131.996 980.361
131.518 979.124
130.594 977.492
129.441 976.014
128.082 974.721
126.782 973.807
126.545 973.641
124.896 972.814
119.752 970.829
117.51 970.077
114.443 969.054
109.058 967.529
103.702 966.274
102.277 966.006
98.213 965.25
92.669 964.477
87.179 963.969
86.645 963.941
81.614 963.709
76.015 963.706
70.424 963.962
64.953 964.466
63.064 964.724
59.415 965.232
53.911 966.252
48.549 967.507
47.594 967.773
43.181 969.022
37.87 970.791
32.719 972.774
31.25 973.481
30.796 973.773
29.922 974.342
28.713 975.36
27.654 976.506
26.765 977.426
25.741 978.186
24.605 978.764
23.388 979.145
22.125 979.317
20.85 979.276
19.601 979.023
18.41 978.564
17.313 977.914
17.004 977.739
16.52 977.615
16.021 977.648
15.558 977.834
15.134 978.164
3.761 987.707
3.243 988.167
2.892 988.528
2.577 988.926
2.253 989.485
2.133 989.927
2.134 990.367
2.239 990.732
2.376 990.941
18.423 1010.07
19.338 1010.92
19.937 1011.3
20.393 1011.5
21.347 1011.77
22.253 1011.85
22.808 1011.85
23.345 1011.87
23.687 1011.98
23.917 1012.12
24.28 1012.52
24.504 1012.86
24.706 1013.4
24.775 1013.93
24.784 1019.84
24.784 1021.27
24.792 1021.93
24.862 1022.46
25.087 1022.99
25.427 1023.38
25.818 1023.61
26.123 1023.7
28.4 1023.72
115
73.177 999.766
72.993 999.724
69.876 999.73
65.475 999.729
64.622 999.763
60.477 999.766
60.293 999.724
51.81 999.725
40.659 999.736
39.882 999.675
39.488 999.644
38.73 999.462
38.346 999.369
37.625 999.071
37.261 998.92
36.595 998.513
36.259 998.306
35.666 997.8
35.366 997.543
34.86 996.95
34.603 996.65
34.196 995.985
33.989 995.648
33.689 994.928
33.539 994.563
33.356 993.805
33.265 993.421
33.203 992.643
33.173 990.471
33.172 986.693
33.228 985.95
33.257 985.574
33.423 984.849
33.508 984.481
33.78 983.788
33.918 983.437
34.291 982.793
34.481 982.466
34.946 981.885
35.182 981.59
35.729 981.085
36.006 980.829
36.622 980.411
36.935 980.199
37.607 979.879
37.947 979.716
43.185 977.828
48.51 976.201
53.908 974.838
59.368 973.745
64.874 972.922
70.415 972.373
75.975 972.098
81.543 972.098
87.103 972.373
92.644 972.922
98.15 973.745
103.61 974.838
109.008 976.201
114.333 977.828
119.571 979.716
120.243 980.036
120.583 980.199
121.2 980.617
121.512 980.829
122.059 981.334
122.336 981.59
122.801 982.172
123.037 982.466
123.41 983.11
123.599 983.437
123.873 984.13
124.01 984.481
124.178 985.207
124.261 985.574
124.318 986.317
124.345 988.472
124.346 992.25
124.285 993.027
124.253 993.421
124.071 994.179
123.979 994.563
123.68 995.284
123.529 995.648
123.122 996.313
122.915 996.65
122.409 997.243
122.152 997.543
121.56 998.049
121.259 998.306
120.594 998.713
120.257 998.92
119.537 999.219
119.172 999.369
118.414 999.553
118.03 999.644
117.252 999.706
116.535 999.74
116.128 999.751
115.422 999.763
111.277 999.766
111.093 999.724
107.976 999.73
103.575 999.729
103.391 999.766
98.577 999.766
98.393 999.724
95.276 999.73
90.875 999.729
90.691 999.764
85.878 999.763
85.693 999.724
82.576 999.73
78.175 999.729
77.991 999.766
29
24.455 993.219
24.215 993.123
24.018 992.954
18.169 985.984
17.812 985.541
17.714 985.289
17.706 985.025
17.785 984.774
17.942 984.562
18.16 984.413
18.415 984.344
18.679 984.362
20.061 984.614
20.595 984.657
21.552 984.722
23.047 984.658
24.457 984.433
24.795 984.41
25.053 984.489
25.27 984.65
25.42 984.874
25.486 985.136
25.419 986.693
25.419 991.992
25.411 992.558
25.331 992.81
25.176 993.017
24.962 993.163
24.713 993.233
21
38.933 1010.58
38.713 1010.45
37.147 1008.6
36.943 1008.29
36.89 1008.04
36.921 1007.78
37.033 1007.55
37.214 1007.36
37.445 1007.25
37.701 1007.21
39.301 1007.43
39.553 1007.49
39.77 1007.64
39.929 1007.84
40.013 1008.09
40.024 1009.77
39.982 1010.1
39.861 1010.33
39.674 1010.51
39.44 1010.61
39.184 1010.64
