0.3
0.7
109
30.037 1023.42
30.471 1023.16
30.739 1022.84
30.961 1022.41
31.104 1021.68
31.125 1021.09
31.126 1016.06
31.205 1015.57
31.431 1015.12
31.784 1014.77
32.229 1014.55
32.721 1014.47
43.834 1014.47
43.834 1008.12
131.026 1008.12
131.298 1007.61
131.88 1006.33
132.347 1004.85
132.581 1003.6
132.631 1003.32
132.727 1001.77
132.726 984.544
132.589 982.679
132.178 980.855
131.504 979.11
130.58 977.484
129.428 976.011
128.323 974.959
128.072 974.722
126.683 973.745
125.456 973.103
124.87 972.808
119.677 970.807
114.397 969.048
109.042 967.532
103.625 966.263
98.153 965.247
92.641 964.481
87.101 963.969
81.541 963.714
75.977 963.714
70.717 963.956
66.821 964.3
64.876 964.48
59.365 965.247
53.894 966.264
48.475 967.531
43.121 969.048
37.842 970.808
32.648 972.808
31.234 973.497
29.915 974.356
28.971 975.151
28.713 975.371
27.644 976.526
27.07 977.121
26.758 977.444
26.092 977.935
25.731 978.203
24.993 978.575
24.591 978.778
23.802 979.023
23.372 979.157
22.553 979.265
22.107 979.326
21.281 979.298
20.831 979.282
20.021 979.116
19.581 979.025
18.809 978.727
18.39 978.564
17.293 977.912
16.893 977.708
16.514 977.62
16.015 977.654
15.545 977.845
11.79 980.979
4.45 987.145
3.942 987.604
3.536 987.997
3.138 988.455
2.85 988.867
2.624 989.38
2.508 989.889
2.543 990.282
2.735 990.641
3.662 991.749
18.782 1009.77
19.136 1010.13
19.282 1010.27
20.263 1010.89
21.265 1011.28
22.21 1011.38
23.196 1011.38
23.472 1011.42
23.729 1011.53
24.13 1011.85
24.423 1012.29
24.627 1012.78
24.754 1013.32
24.791 1013.81
24.797 1021.37
24.86 1022.04
24.994 1022.5
25.249 1022.95
25.438 1023.15
25.881 1023.42
26.371 1023.51
29.546 1023.51
55
39.435 999.981
38.24 999.694
37.106 999.224
36.058 998.582
35.124 997.785
34.326 996.851
33.684 995.803
33.215 994.669
32.928 993.474
32.831 992.25
32.831 986.803
32.919 985.524
33.181 984.38
33.61 983.288
34.198 982.273
34.932 981.357
35.793 980.561
36.765 979.903
37.824 979.398
43.077 977.504
48.418 975.872
53.832 974.505
59.309 973.408
64.831 972.583
70.389 972.032
75.966 971.756
81.551 971.756
87.129 972.032
92.687 972.583
98.209 973.408
103.686 974.505
109.1 975.872
114.441 977.504
119.694 979.398
120.753 979.903
121.725 980.561
122.586 981.357
123.32 982.273
123.907 983.288
124.337 984.38
124.599 985.524
124.687 986.693
124.687 992.14
124.59 993.474
124.303 994.669
123.834 995.803
123.192 996.851
122.394 997.785
121.46 998.582
120.412 999.224
119.278 999.694
118.083 999.981
116.859 1000.08
43.876 1000.08
40.659 1000.08
29
24.455 993.219
24.215 993.123
24.018 992.954
18.066 985.861
17.808 985.536
17.714 985.289
17.706 985.025
17.785 984.774
17.942 984.562
18.16 984.413
18.415 984.344
18.679 984.362
20.085 984.618
20.603 984.658
21.569 984.723
23.055 984.658
24.482 984.429
24.795 984.41
25.053 984.489
25.27 984.65
25.42 984.874
25.486 985.136
25.419 986.693
25.419 992.085
25.411 992.564
25.331 992.81
25.176 993.017
24.962 993.163
24.713 993.233
21
38.933 1010.58
38.713 1010.45
37.121 1008.57
36.943 1008.29
36.89 1008.04
36.921 1007.78
37.033 1007.55
37.214 1007.36
37.445 1007.25
37.701 1007.21
39.301 1007.43
39.553 1007.49
39.77 1007.64
39.929 1007.84
40.013 1008.09
40.024 1009.8
39.982 1010.1
39.861 1010.33
39.674 1010.51
39.44 1010.61
39.184 1010.64
