0.3
0.7
45
37.405 1014.32
38.192 1014.24
50.911 1014.24
51.691 1014.32
52.26 1014.48
57.181 1014.48
57.725 1014.32
58.512 1014.24
71.231 1014.24
72.011 1014.32
72.58 1014.48
77.501 1014.48
78.045 1014.32
78.832 1014.24
91.551 1014.24
92.331 1014.32
92.9 1014.48
97.822 1014.48
98.365 1014.32
99.152 1014.24
111.871 1014.24
112.651 1014.32
113.22 1014.48
118.221 1014.48
118.221 1008.12
33.038 1008.12
32.481 1008.1
31.658 1007.97
30.841 1007.72
30.357 1007.52
29.758 1007.21
29.226 1006.83
28.82 1006.51
28.383 1006.09
20.79 997.057
14.961 990.111
14.586 989.785
14.129 989.591
13.634 989.548
13.15 989.659
12.725 989.915
10.383 991.88
10.09 994.198
27.113 1014.48
36.861 1014.48
29
21.874 1023.92
22.317 1023.7
22.668 1023.35
22.893 1022.9
22.971 1022.41
22.971 1019.41
5.239 998.268
3.892 998.206
2.913 998.148
0.564 1000.12
0.238 1000.49
0.044 1000.95
0 1001.45
0.112 1001.93
0.368 1002.36
9.585 1013.34
9.977 1013.73
10.43 1014.05
10.932 1014.28
11.466 1014.43
12.017 1014.48
16.621 1014.48
16.621 1022.41
16.699 1022.9
16.924 1023.35
17.275 1023.7
17.718 1023.92
18.208 1024
21.383 1024
