0.3
0.7
21
118.221 1008.12
33.038 1008.12
32.481 1008.1
31.605 1007.96
30.769 1007.69
30.358 1007.52
29.738 1007.2
29.164 1006.79
28.702 1006.41
28.173 1005.86
14.961 990.111
14.586 989.785
14.129 989.591
13.634 989.548
13.15 989.659
12.725 989.915
10.693 991.62
10.559 991.732
10.362 993.97
27.581 1014.48
118.221 1014.48
29
21.874 1023.92
22.317 1023.7
22.668 1023.35
22.893 1022.9
22.971 1022.41
22.971 1019.97
4.962 998.501
2.718 998.312
0.564 1000.12
0.238 1000.49
0.044 1000.95
0 1001.45
0.112 1001.93
0.368 1002.36
9.585 1013.34
9.941 1013.7
10.348 1014
10.797 1014.23
11.324 1014.39
11.872 1014.47
12.825 1014.48
16.621 1014.48
16.621 1022.41
16.699 1022.9
16.924 1023.35
17.275 1023.7
17.718 1023.92
18.208 1024
21.383 1024
