0.3
0.7
147
10.177 1023.93
11.047 1023.76
12.018 1023.47
12.968 1023.08
13.924 1022.57
14.846 1021.96
15.693 1021.25
16.42 1020.5
17.077 1019.68
17.71 1018.71
18.458 1017.28
19.327 1015.11
20.17 1012.44
25.905 991.043
25.978 990.772
30.266 990.772
35.989 1012.13
36.893 1015.05
37.764 1017.24
38.515 1018.68
39.149 1019.66
39.805 1020.48
40.529 1021.23
41.373 1021.94
42.294 1022.56
43.25 1023.07
44.2 1023.46
45.172 1023.75
46.044 1023.92
46.862 1024
47.627 1024
48.343 1023.93
49.053 1023.78
49.645 1023.6
50.324 1023.32
51.032 1022.94
51.763 1022.46
52.509 1021.85
53.25 1021.11
54.016 1020.17
54.68 1019.17
55.214 1018.14
55.641 1017.07
55.927 1016.07
56.134 1014.95
56.242 1013.67
56.227 1012.18
56.043 1010.42
55.472 1007.58
47.542 977.971
47.441 977.596
47.441 963.229
47.459 962.61
47.518 962.172
55.365 932.811
56.032 929.624
56.223 927.842
56.243 926.346
56.14 925.068
55.936 923.939
55.652 922.937
55.228 921.867
54.697 920.844
54.036 919.837
53.271 918.898
52.529 918.156
51.783 917.544
51.052 917.054
50.344 916.675
49.663 916.392
49.071 916.207
48.363 916.061
47.648 915.988
46.884 915.984
46.067 916.057
45.197 916.224
44.226 916.512
43.276 916.901
42.32 917.41
41.398 918.026
40.551 918.731
39.824 919.479
39.167 920.303
38.534 921.271
37.786 922.7
36.917 924.871
36.074 927.544
30.339 948.94
30.266 949.211
25.978 949.211
20.255 927.849
19.351 924.933
18.48 922.747
17.729 921.303
17.095 920.327
16.439 919.5
15.715 918.751
14.871 918.045
13.95 917.426
12.994 916.914
12.044 916.523
11.072 916.232
10.2 916.062
9.382 915.985
8.617 915.985
7.901 916.056
7.191 916.201
6.599 916.384
5.92 916.664
5.212 917.041
4.481 917.528
3.735 918.137
2.994 918.875
2.228 919.81
1.564 920.816
1.03 921.839
0.603 922.909
0.317 923.91
0.11 925.036
0.002 926.309
0.017 927.799
0.201 929.564
0.772 932.407
8.534 961.385
8.727 962.177
8.803 963.046
8.803 977.596
0.881 1007.16
0.212 1010.36
0.021 1012.14
0.001 1013.64
0.104 1014.91
0.308 1016.04
0.592 1017.05
1.016 1018.12
1.547 1019.14
2.208 1020.15
2.973 1021.09
3.715 1021.83
4.461 1022.44
5.192 1022.93
5.9 1023.31
6.581 1023.59
7.173 1023.78
7.881 1023.92
8.596 1024
9.36 1024
