0.3
0.7
210
32.534 968.672
33.051 968.59
33.557 968.455
34.045 968.267
34.511 968.03
34.95 967.745
35.357 967.415
35.727 967.045
36.057 966.639
36.342 966.2
36.579 965.733
36.767 965.245
36.902 964.739
36.984 964.222
37.011 963.7
37.011 963.095
38.897 956.06
43.243 957.225
43.502 956.259
39.155 955.094
39.673 953.162
44.02 954.327
44.278 953.361
39.932 952.196
40.45 950.265
44.796 951.429
45.055 950.463
40.708 949.299
41.226 947.367
45.573 948.531
45.831 947.566
41.485 946.401
42.002 944.469
46.349 945.634
46.608 944.668
42.261 943.503
42.779 941.571
47.125 942.736
47.384 941.77
43.038 940.605
43.555 938.673
47.902 939.838
48.161 938.872
43.814 937.708
44.332 935.776
48.678 936.94
48.937 935.974
44.591 934.81
45.108 932.878
49.455 934.043
49.714 933.077
45.367 931.912
45.885 929.98
50.231 931.145
50.49 930.179
46.143 929.014
46.661 927.082
51.008 928.247
51.267 927.281
41.607 924.693
41.348 925.659
45.695 926.823
45.178 928.755
40.831 927.591
40.572 928.557
44.919 929.721
44.401 931.653
40.054 930.489
39.796 931.454
44.142 932.619
43.625 934.551
39.278 933.386
39.019 934.352
43.366 935.517
42.848 937.449
38.502 936.284
38.243 937.25
42.589 938.415
42.072 940.346
37.725 939.182
37.466 940.148
41.813 941.312
41.295 943.244
36.949 942.08
36.69 943.046
41.037 944.21
40.519 946.142
36.172 944.977
35.913 945.943
40.26 947.108
39.742 949.04
35.396 947.875
35.137 948.841
39.484 950.006
38.966 951.938
34.619 950.773
34.36 951.739
38.707 952.904
38.19 954.835
33.843 953.671
33.584 954.637
37.931 955.801
36.046 962.837
19.897 962.837
18.012 955.801
22.359 954.637
22.1 953.671
17.753 954.835
17.235 952.904
21.582 951.739
21.323 950.773
16.977 951.938
16.459 950.006
20.806 948.841
20.547 947.875
16.2 949.04
15.683 947.108
20.029 945.943
19.77 944.977
15.424 946.142
14.906 944.21
19.253 943.046
18.994 942.08
14.647 943.244
14.13 941.312
18.476 940.148
18.217 939.182
13.871 940.346
13.353 938.415
17.7 937.25
17.441 936.284
13.094 937.449
12.577 935.517
16.923 934.352
16.664 933.386
12.318 934.551
11.8 932.619
16.147 931.454
15.888 930.489
11.541 931.653
11.024 929.721
15.37 928.557
15.112 927.591
10.765 928.755
10.576 928.048
10.247 926.823
11.84 926.397
14.594 925.659
14.335 924.693
4.676 927.281
4.935 928.247
9.281 927.082
9.799 929.014
5.452 930.179
5.711 931.145
10.058 929.98
10.576 931.912
6.229 933.077
6.488 934.043
10.834 932.878
11.352 934.81
7.005 935.974
7.264 936.94
11.611 935.776
12.128 937.708
7.782 938.872
8.041 939.838
12.387 938.673
12.905 940.605
8.558 941.77
8.817 942.736
13.164 941.571
13.681 943.503
9.335 944.668
9.593 945.634
13.94 944.469
14.458 946.401
10.111 947.566
10.37 948.531
14.717 947.367
15.234 949.299
10.887 950.463
11.146 951.429
15.493 950.265
16.011 952.196
11.664 953.361
11.923 954.327
16.27 953.162
16.787 955.094
12.44 956.259
12.699 957.225
17.046 956.06
18.931 963.095
18.931 963.7
18.958 964.222
19.04 964.739
19.176 965.245
19.363 965.733
19.601 966.2
19.886 966.639
20.215 967.045
20.585 967.415
20.992 967.745
21.431 968.03
21.897 968.267
22.386 968.455
22.891 968.59
23.408 968.672
23.931 968.7
32.011 968.7
209
51.267 1014.12
51.008 1013.15
46.661 1014.32
46.143 1012.38
50.49 1011.22
50.231 1010.25
45.885 1011.42
45.367 1009.49
49.714 1008.32
49.455 1007.36
45.108 1008.52
44.591 1006.59
48.937 1005.42
48.678 1004.46
44.332 1005.62
43.814 1003.69
48.161 1002.53
47.902 1001.56
43.555 1002.73
43.038 1000.79
47.384 999.629
47.125 998.663
42.779 999.828
42.261 997.896
46.608 996.732
46.349 995.766
42.002 996.93
41.485 994.998
45.831 993.834
45.573 992.868
41.226 994.032
40.708 992.101
45.055 990.936
44.796 989.97
40.45 991.135
39.932 989.203
44.278 988.038
44.02 987.072
39.673 988.237
39.155 986.305
43.502 985.14
43.243 984.174
38.897 985.339
38.206 982.76
37.011 978.304
37.011 977.7
36.984 977.177
36.902 976.66
36.767 976.155
36.579 975.666
36.342 975.2
36.057 974.761
35.727 974.354
35.357 973.984
34.95 973.655
34.511 973.37
34.045 973.132
33.557 972.944
33.051 972.809
32.534 972.727
32.011 972.7
23.931 972.7
23.408 972.727
22.891 972.809
22.386 972.944
21.897 973.132
21.431 973.37
20.992 973.655
20.585 973.984
20.215 974.354
19.886 974.761
19.601 975.2
19.363 975.666
19.176 976.155
19.04 976.66
18.958 977.177
18.931 977.7
18.931 978.304
17.046 985.339
12.699 984.174
12.44 985.14
16.787 986.305
16.27 988.237
11.923 987.072
11.664 988.038
16.011 989.203
15.493 991.135
11.146 989.97
10.887 990.936
15.234 992.101
14.717 994.032
10.37 992.868
10.111 993.834
14.458 994.998
13.94 996.93
9.593 995.766
9.335 996.732
13.681 997.896
13.164 999.828
8.817 998.663
8.558 999.629
12.905 1000.79
12.387 1002.73
8.041 1001.56
7.782 1002.53
12.128 1003.69
11.611 1005.62
7.264 1004.46
7.005 1005.42
11.352 1006.59
10.834 1008.52
6.488 1007.36
6.229 1008.32
10.576 1009.49
10.058 1011.42
5.711 1010.25
5.452 1011.22
9.799 1012.38
9.281 1014.32
4.935 1013.15
4.676 1014.12
14.335 1016.71
14.594 1015.74
10.247 1014.58
10.765 1012.64
15.112 1013.81
15.37 1012.84
11.024 1011.68
11.541 1009.75
15.888 1010.91
16.147 1009.95
11.8 1008.78
12.318 1006.85
16.664 1008.01
16.923 1007.05
12.577 1005.88
13.094 1003.95
17.441 1005.12
17.7 1004.15
13.353 1002.99
13.871 1001.05
18.217 1002.22
18.476 1001.25
14.13 1000.09
14.647 998.155
18.994 999.32
19.253 998.354
14.906 997.189
15.424 995.257
19.77 996.422
20.029 995.456
15.683 994.291
16.2 992.359
20.547 993.524
20.806 992.558
16.459 991.393
16.977 989.462
21.323 990.626
21.582 989.66
17.235 988.496
17.753 986.564
22.1 987.729
22.359 986.763
18.012 985.598
19.897 978.563
36.046 978.563
37.931 985.598
33.584 986.763
33.843 987.729
38.19 986.564
38.707 988.496
34.36 989.66
34.619 990.626
38.966 989.462
39.484 991.393
35.137 992.558
35.396 993.524
39.742 992.359
40.26 994.291
35.913 995.456
36.172 996.422
40.519 995.257
41.037 997.189
36.69 998.354
36.949 999.32
41.295 998.155
41.813 1000.09
37.466 1001.25
37.725 1002.22
42.072 1001.05
42.589 1002.99
38.243 1004.15
38.502 1005.12
42.848 1003.95
43.366 1005.88
39.019 1007.05
39.278 1008.01
43.625 1006.85
44.142 1008.78
39.796 1009.95
40.054 1010.91
44.401 1009.75
44.919 1011.68
40.572 1012.84
40.831 1013.81
45.178 1012.64
45.695 1014.58
41.348 1015.74
41.607 1016.71
149
10.188 1023.92
11.059 1023.76
11.556 1023.61
12.031 1023.47
12.981 1023.08
13.937 1022.57
14.859 1021.95
15.705 1021.24
16.43 1020.5
17.086 1019.67
17.719 1018.7
18.468 1017.26
19.339 1015.08
20.182 1012.4
25.978 990.772
30.266 990.772
36.062 1012.4
36.905 1015.08
37.776 1017.26
38.525 1018.7
39.158 1019.67
39.814 1020.5
40.539 1021.24
41.385 1021.95
42.307 1022.57
43.263 1023.08
44.213 1023.47
44.71 1023.61
45.63 1023.84
46.474 1023.96
47.264 1024
48.003 1023.96
48.716 1023.85
49.364 1023.69
50.001 1023.45
50.696 1023.12
51.416 1022.69
52.154 1022.14
52.898 1021.46
53.26 1021.1
54.027 1020.16
54.689 1019.15
55.222 1018.13
55.647 1017.06
55.932 1016.06
56.138 1014.93
56.244 1013.66
56.226 1012.16
56.04 1010.4
55.464 1007.54
47.441 977.596
47.441 963.046
47.487 962.399
47.563 961.97
51.635 946.733
55.464 932.444
56.04 929.587
56.226 927.819
56.244 926.326
56.138 925.051
55.932 923.924
55.647 922.923
55.222 921.853
54.689 920.83
54.027 919.823
53.26 918.885
52.519 918.146
51.773 917.535
51.042 917.047
50.334 916.669
49.653 916.387
49.063 916.204
48.353 916.058
47.638 915.986
46.873 915.983
46.056 916.059
45.185 916.227
44.688 916.375
44.213 916.517
43.263 916.907
42.307 917.417
41.385 918.035
40.539 918.741
39.814 919.489
39.158 920.314
38.525 921.284
37.776 922.719
36.905 924.899
36.062 927.578
30.266 949.211
25.978 949.211
20.182 927.578
19.339 924.899
18.468 922.719
17.719 921.284
17.086 920.314
16.43 919.489
15.705 918.741
14.859 918.035
13.937 917.417
12.981 916.907
12.031 916.517
11.534 916.369
10.614 916.142
9.77 916.021
8.98 915.984
8.241 916.022
7.528 916.132
6.88 916.297
6.243 916.531
5.548 916.862
4.828 917.296
4.09 917.847
3.346 918.524
2.984 918.885
2.217 919.823
1.555 920.83
1.022 921.853
0.597 922.923
0.312 923.924
0.106 925.051
0 926.326
0.018 927.819
0.204 929.587
0.78 932.444
8.633 961.752
8.755 962.388
8.803 963.046
8.803 977.596
0.78 1007.54
0.204 1010.4
0.018 1012.16
0 1013.66
0.106 1014.93
0.312 1016.06
0.597 1017.06
1.022 1018.13
1.555 1019.15
2.217 1020.16
2.984 1021.1
3.725 1021.84
4.471 1022.45
5.202 1022.94
5.91 1023.31
6.591 1023.6
7.181 1023.78
7.891 1023.92
8.606 1024
9.371 1024
156
8.364 1021.97
7.853 1021.88
7.371 1021.75
6.878 1021.55
6.351 1021.28
5.79 1020.92
5.201 1020.46
4.601 1019.89
3.982 1019.16
3.413 1018.34
2.947 1017.5
2.576 1016.63
2.309 1015.77
2.125 1014.85
2.02 1013.79
2.015 1012.53
2.026 1012.11
2.233 1010.36
2.717 1008.04
10.633 978.495
10.766 977.775
10.803 977.201
10.803 962.782
10.746 962.052
10.633 961.488
2.717 931.946
2.233 929.62
2.026 927.875
2.005 926.965
1.994 926.542
2.047 925.788
2.183 924.788
2.393 923.908
2.7 923.036
3.103 922.179
3.61 921.338
4.209 920.538
4.819 919.874
5.418 919.341
5.997 918.918
6.546 918.594
7.061 918.355
7.541 918.186
8.036 918.069
8.553 918
9.108 917.982
9.717 918.021
10.381 918.13
11.097 918.32
11.854 918.602
12.629 918.982
13.39 919.454
14.097 919.999
14.721 920.596
15.278 921.25
15.813 922.019
16.428 923.127
16.636 923.522
17.427 925.491
18.256 928.117
24.444 951.211
31.8 951.211
37.988 928.117
38.817 925.491
39.608 923.522
40.053 922.673
40.261 922.278
40.625 921.723
41.162 921.004
41.739 920.374
42.397 919.794
43.129 919.272
43.899 918.833
44.67 918.49
45.413 918.243
46.111 918.084
46.755 918.001
47.343 917.981
47.88 918.017
48.391 918.104
48.873 918.238
49.366 918.431
49.893 918.7
50.454 919.059
51.043 919.522
51.643 920.096
52.262 920.823
52.831 921.643
53.297 922.486
53.668 923.357
53.935 924.216
54.119 925.135
54.224 926.191
54.229 927.452
54.218 927.875
54.011 929.62
53.527 931.946
45.611 961.488
45.478 962.209
45.441 962.782
45.441 977.201
45.498 977.931
51.019 998.681
53.527 1008.04
54.011 1010.36
54.218 1012.11
54.239 1013.02
54.25 1013.44
54.197 1014.2
54.061 1015.2
53.851 1016.08
53.544 1016.95
53.141 1017.8
52.634 1018.65
52.035 1019.45
51.425 1020.11
50.826 1020.64
50.247 1021.07
49.698 1021.39
49.183 1021.63
48.703 1021.8
48.208 1021.91
47.691 1021.98
47.136 1022
46.527 1021.96
45.863 1021.85
45.147 1021.66
44.39 1021.38
43.615 1021
42.854 1020.53
42.147 1019.98
41.523 1019.39
40.966 1018.73
40.431 1017.96
39.816 1016.86
39.608 1016.46
38.817 1014.49
37.988 1011.87
31.8 988.772
24.444 988.772
18.256 1011.87
17.427 1014.49
16.636 1016.46
16.191 1017.31
15.983 1017.71
15.619 1018.26
15.082 1018.98
14.505 1019.61
13.847 1020.19
13.115 1020.71
12.345 1021.15
11.574 1021.49
10.831 1021.74
10.133 1021.9
9.489 1021.98
8.901 1022
