0.3
0.7
317
58.145 1023.11
59.077 1022.36
59.983 1021.58
60.862 1020.77
61.714 1019.93
62.537 1019.06
63.331 1018.17
64.095 1017.25
64.827 1016.3
65.527 1015.33
66.196 1014.34
66.83 1013.33
67.43 1012.29
67.996 1011.24
68.526 1010.16
69.02 1009.07
69.478 1007.97
69.898 1006.85
70.281 1005.72
70.626 1004.57
70.932 1003.41
71.2 1002.25
71.429 1001.08
71.618 999.894
71.769 998.708
71.879 997.516
71.95 996.322
71.98 995.127
71.972 993.931
71.923 992.735
71.834 991.543
71.706 990.354
71.538 989.17
71.331 987.991
71.084 986.821
70.799 985.659
70.475 984.508
70.113 983.368
69.713 982.24
69.276 981.128
68.802 980.029
68.292 978.947
67.746 977.883
67.164 976.838
66.845 976.298
66.548 975.812
66.211 975.284
65.899 974.808
65.544 974.291
65.216 973.826
64.844 973.321
64.501 972.867
64.113 972.375
63.754 971.933
63.35 971.454
62.977 971.024
62.557 970.559
62.17 970.142
61.734 969.69
61.333 969.286
60.883 968.85
60.469 968.46
60.004 968.038
59.578 967.662
59.1 967.256
58.66 966.894
58.169 966.505
57.718 966.158
57.214 965.785
56.751 965.453
56.235 965.097
55.762 964.781
55.234 964.443
54.751 964.143
54.212 963.822
53.719 963.538
53.17 963.236
52.667 962.968
52.108 962.684
51.597 962.434
51.03 962.168
50.51 961.935
49.933 961.689
49.407 961.473
48.822 961.246
48.289 961.048
47.697 960.84
47.157 960.661
46.559 960.473
46.014 960.311
45.409 960.143
44.858 959.999
44.249 959.852
43.694 959.727
43.08 959.6
42.521 959.493
41.903 959.386
41.341 959.299
40.72 959.213
40.155 959.144
39.531 959.078
38.965 959.029
38.339 958.984
37.771 958.953
37.144 958.929
36.575 958.917
35.948 958.914
35.379 958.921
34.752 958.939
34.184 958.965
33.558 959.004
32.991 959.049
32.366 959.108
31.801 959.173
31.179 959.253
30.616 959.335
29.997 959.436
29.438 959.537
28.822 959.659
28.267 959.779
27.655 959.921
27.104 960.059
26.497 960.222
25.951 960.379
25.35 960.56
24.81 960.736
24.215 960.938
23.68 961.131
23.093 961.353
22.566 961.564
21.986 961.805
21.466 962.033
20.894 962.293
20.382 962.539
19.819 962.818
19.315 963.08
18.763 963.378
18.268 963.657
17.725 963.974
17.24 964.269
16.708 964.602
16.233 964.914
15.713 965.266
15.248 965.593
14.739 965.961
14.286 966.304
13.79 966.689
13.349 967.047
12.866 967.448
12.437 967.821
11.967 968.238
11.552 968.624
11.096 969.057
10.693 969.457
10.251 969.904
9.862 970.317
9.436 970.779
9.061 971.205
8.651 971.681
8.289 972.119
7.895 972.609
7.549 973.059
7.171 973.561
6.841 974.022
6.48 974.536
6.165 975.008
5.821 975.535
5.522 976.017
5.196 976.554
4.913 977.047
4.605 977.595
4.339 978.096
4.049 978.654
3.8 979.164
3.529 979.731
3.297 980.248
3.045 980.824
2.597 981.934
2.188 983.057
1.815 984.194
1.48 985.343
1.185 986.501
0.927 987.67
0.709 988.845
0.531 990.029
0.391 991.216
0.292 992.408
0.232 993.602
0.212 994.798
1.719 994.798
1.744 993.484
1.771 992.934
1.821 992.594
1.951 992.34
2.195 992.138
2.473 992.086
9.682 992.736
9.962 992.849
10.154 993.107
10.211 993.447
10.19 994.003
10.178 994.527
10.176 994.798
11.928 994.798
11.947 993.821
12.006 992.845
12.105 991.873
12.243 990.905
12.42 989.945
12.636 988.991
12.889 988.048
13.181 987.115
13.511 986.194
13.876 985.289
14.279 984.398
14.717 983.524
15.191 982.67
15.698 981.834
16.239 981.02
16.812 980.229
17.417 979.461
18.052 978.718
18.716 978.002
19.41 977.313
20.13 976.653
20.877 976.022
21.648 975.423
22.443 974.854
23.261 974.318
24.099 973.816
24.957 973.348
25.833 972.916
26.726 972.519
27.634 972.158
28.557 971.835
29.491 971.549
30.436 971.301
31.391 971.091
32.353 970.92
33.321 970.788
34.294 970.696
35.27 970.642
36.247 970.629
37.224 970.654
38.199 970.72
39.171 970.825
40.137 970.969
41.097 971.152
42.049 971.373
42.991 971.633
43.922 971.93
44.84 972.266
45.743 972.637
46.632 973.045
47.502 973.489
48.355 973.967
49.187 974.48
49.997 975.026
50.785 975.604
51.549 976.213
52.288 976.853
53 977.522
53.685 978.22
54.34 978.944
54.966 979.695
55.561 980.47
56.124 981.269
56.655 982.089
57.152 982.931
57.615 983.792
58.042 984.67
58.434 985.566
58.788 986.476
59.106 987.4
59.386 988.337
59.628 989.283
59.832 990.239
59.997 991.202
60.123 992.171
60.21 993.145
60.257 994.121
60.264 995.098
60.232 996.075
60.161 997.05
60.05 998.021
59.9 998.987
59.711 999.945
59.484 1000.9
59.218 1001.84
58.915 1002.76
58.574 1003.68
58.197 1004.58
57.783 1005.47
57.334 1006.34
56.85 1007.18
56.333 1008.01
55.782 1008.82
55.199 1009.61
54.584 1010.37
53.94 1011.1
53.267 1011.81
52.565 1012.49
51.836 1013.14
51.082 1013.76
50.303 1014.35
51.333 1015.77
51.702 1015.51
52.016 1015.46
52.255 1015.51
52.46 1015.67
53.525 1017.01
56.975 1021.37
57.086 1021.63
57.061 1021.9
56.919 1022.14
56.304 1022.61
57.19 1023.83
22
36.134 968.877
35.649 968.865
35.36 968.728
35.201 968.54
35.13 968.29
35.051 966.586
34.826 961.027
34.885 960.757
35.064 960.552
35.321 960.442
36.001 960.422
36.548 960.422
37.261 960.442
37.973 960.472
38.301 960.522
38.555 960.652
38.756 960.896
38.809 961.174
38.158 968.383
38.045 968.663
37.787 968.855
37.508 968.908
24
31.291 969.164
31.105 969.003
31.044 968.905
30.65 967.097
30.244 965.058
29.559 961.641
29.574 961.366
29.719 961.135
29.957 960.985
30.536 960.873
31.245 960.763
31.872 960.683
32.58 960.601
32.912 960.599
33.183 960.688
33.42 960.898
33.515 961.163
34.001 968.385
33.933 968.679
33.708 968.909
33.381 969.018
32.489 969.129
31.841 969.228
31.524 969.244
24
40.598 969.27
39.951 969.165
39.644 969.081
39.447 968.933
39.32 968.723
39.292 968.611
39.477 966.77
39.72 964.705
40.125 961.244
40.225 960.986
40.434 960.812
40.706 960.743
41.242 960.807
41.999 960.93
42.621 961.047
43.32 961.188
43.635 961.289
43.866 961.456
44.027 961.73
44.035 962.011
42.265 969.03
42.11 969.289
41.825 969.438
41.479 969.442
26
27.341 970.231
27.131 970.102
27.056 970.015
26.384 968.29
25.664 966.34
24.452 963.073
24.424 962.798
24.532 962.547
24.742 962.363
25.235 962.18
25.903 961.965
26.588 961.763
27.274 961.572
27.601 961.518
27.883 961.562
28.15 961.734
28.285 961.982
29.347 966.669
29.503 967.334
29.894 969.037
29.874 969.339
29.688 969.602
29.382 969.76
28.518 970.009
27.894 970.209
27.582 970.274
23
45.439 970.611
44.918 970.423
44.142 970.158
43.685 969.996
43.453 969.776
43.359 969.548
43.368 969.288
43.82 967.643
45.324 962.287
45.464 962.048
45.698 961.908
45.976 961.882
46.555 962.049
47.225 962.27
47.821 962.481
48.489 962.733
48.784 962.881
48.987 963.082
49.102 963.377
49.066 963.657
46.22 970.313
46.027 970.544
45.721 970.646
22
23.378 971.808
23.201 971.618
22.357 970.135
19.633 965.285
19.562 965.016
19.629 964.754
19.808 964.537
20.405 964.212
20.892 963.964
21.537 963.657
22.184 963.361
22.5 963.259
22.785 963.256
23.075 963.384
23.248 963.607
25.941 970.325
25.968 970.627
25.825 970.914
25.6 971.089
24.362 971.686
23.925 971.894
23.605 971.903
26
49.052 972.346
48.266 971.911
47.683 971.61
47.418 971.436
47.276 971.235
47.219 970.996
47.229 970.88
47.973 969.186
48.842 967.298
50.296 964.131
50.472 963.916
50.724 963.815
51.004 963.833
51.468 964.05
52.176 964.411
52.732 964.714
53.353 965.066
53.621 965.259
53.789 965.489
53.857 965.798
53.778 966.07
51.215 970.135
50.854 970.717
49.926 972.197
49.698 972.396
49.381 972.45
26
19.938 974.081
19.84 974.021
18.668 972.588
17.38 970.957
15.219 968.224
15.107 967.969
15.132 967.699
15.275 967.458
15.73 967.101
16.322 966.676
16.844 966.319
17.438 965.924
17.734 965.774
18.015 965.727
18.322 965.807
18.527 966.001
20.985 970.131
21.34 970.716
22.238 972.215
22.312 972.508
22.215 972.815
21.974 973.061
21.228 973.564
20.697 973.948
20.421 974.105
20.178 974.14
23
52.456 974.682
52.018 974.342
51.363 973.85
50.977 973.555
50.824 973.274
50.806 973.028
50.895 972.785
51.833 971.36
54.919 966.73
55.126 966.545
55.392 966.485
55.664 966.547
56.086 966.828
56.731 967.301
57.233 967.686
57.791 968.13
58.026 968.364
58.157 968.617
58.176 968.934
58.036 969.21
53.292 974.639
53.035 974.799
52.713 974.802
26
16.896 976.864
16.79 976.82
15.409 975.588
13.881 974.178
11.319 971.816
11.169 971.584
11.151 971.312
11.254 971.052
11.724 970.554
12.167 970.115
12.626 969.68
13.151 969.198
13.419 969.003
13.689 968.914
14.006 968.945
14.257 969.127
17.313 972.799
17.754 973.321
18.876 974.661
18.995 974.939
18.948 975.258
18.747 975.538
18.092 976.151
17.624 976.613
17.377 976.812
17.142 976.884
24
55.636 977.649
55.357 977.448
54.743 976.793
54.281 976.325
54.083 976.078
54.01 975.843
54.031 975.597
54.074 975.491
55.306 974.11
56.716 972.582
59.078 970.02
59.311 969.87
59.583 969.852
59.842 969.955
60.212 970.297
60.779 970.868
61.214 971.327
61.696 971.852
61.891 972.12
61.981 972.39
61.949 972.707
61.79 972.939
56.233 977.577
55.956 977.696
24
14.215 980.062
12.659 979.061
10.929 977.907
8.029 975.975
7.844 975.769
7.784 975.503
7.846 975.23
8.229 974.669
8.551 974.228
8.985 973.662
9.429 973.103
9.663 972.869
9.916 972.738
10.233 972.719
10.488 972.84
15.938 977.603
16.098 977.859
16.101 978.181
15.948 978.489
15.397 979.198
15.008 979.726
14.794 979.962
14.573 980.07
14.328 980.089
24
58.079 980.916
57.871 980.722
57.089 979.592
56.814 979.192
56.755 978.879
56.813 978.639
56.974 978.434
58.306 977.369
62.67 973.92
62.925 973.808
63.195 973.833
63.436 973.976
63.751 974.38
64.219 975.023
64.576 975.545
64.971 976.139
65.121 976.435
65.168 976.716
65.087 977.022
64.893 977.228
60.764 979.686
60.179 980.041
58.68 980.939
58.386 981.013
24
12.179 983.666
10.485 982.921
8.597 982.053
5.43 980.598
5.215 980.423
5.114 980.17
5.132 979.89
5.371 979.377
5.71 978.718
6.013 978.162
6.365 977.542
6.558 977.274
6.788 977.105
7.097 977.037
7.369 977.117
13.497 980.968
13.695 981.196
13.749 981.513
13.645 981.842
13.21 982.628
12.909 983.211
12.735 983.476
12.534 983.618
12.295 983.675
26
59.98 984.526
59.776 984.249
59.395 983.434
59.1 982.849
58.987 982.552
58.991 982.306
59.086 982.079
59.16 981.991
60.759 981.058
62.572 980.042
65.61 978.334
65.878 978.263
66.14 978.33
66.357 978.509
66.611 978.963
66.966 979.666
67.237 980.238
67.533 980.885
67.636 981.201
67.638 981.486
67.51 981.776
67.287 981.949
62.824 983.731
62.191 983.99
60.57 984.642
60.268 984.669
24
8.942 987.074
6.942 986.511
3.586 985.571
3.347 985.431
3.208 985.197
3.181 984.918
3.375 984.261
3.569 983.67
3.78 983.073
4.032 982.406
4.18 982.11
4.381 981.908
4.676 981.792
4.956 981.829
11.612 984.674
11.843 984.868
11.945 985.173
11.895 985.514
11.588 986.358
11.383 986.981
11.252 987.271
11.075 987.442
10.847 987.535
10.732 987.545
22
61.555 988.575
61.292 988.388
61.156 988.139
60.759 986.823
60.623 986.357
60.663 986.042
60.792 985.831
61.008 985.687
62.604 985.085
67.822 983.153
68.097 983.125
68.347 983.233
68.532 983.443
68.727 983.981
68.953 984.681
69.131 985.289
69.323 985.975
69.376 986.302
69.332 986.584
69.161 986.851
68.913 986.986
61.857 988.595
22
8.069 991.417
2.543 990.769
2.285 990.669
2.111 990.46
2.042 990.188
2.121 989.566
2.215 988.975
2.346 988.273
2.487 987.574
2.588 987.259
2.755 987.028
3.029 986.868
3.31 986.859
10.329 988.629
10.588 988.784
10.737 989.069
10.746 989.354
10.502 990.706
10.413 991.183
10.232 991.447
10.022 991.575
9.764 991.606
24
62.215 992.634
61.985 992.409
61.876 992.082
61.765 991.19
61.666 990.542
61.651 990.225
61.731 989.992
61.891 989.806
61.989 989.745
63.797 989.351
65.836 988.945
69.253 988.26
69.528 988.275
69.759 988.42
69.909 988.658
70.017 989.218
70.131 989.946
70.212 990.573
70.293 991.281
70.295 991.613
70.206 991.884
69.996 992.121
69.731 992.216
62.51 992.702
22
62.512 996.859
62.232 996.746
62.04 996.488
61.987 996.209
62.017 994.835
62.029 994.35
62.167 994.061
62.354 993.902
62.605 993.831
64.309 993.751
69.867 993.527
70.137 993.586
70.343 993.765
70.453 994.022
70.474 994.553
70.471 995.329
70.452 995.962
70.423 996.674
70.372 997.002
70.243 997.256
69.998 997.457
69.72 997.51
24
61.864 1000.97
61.606 1000.81
61.456 1000.53
61.452 1000.18
61.624 999.299
61.729 998.652
61.813 998.345
61.961 998.148
62.171 998.021
62.283 997.993
64.124 998.178
66.189 998.421
69.65 998.826
69.908 998.926
70.082 999.135
70.152 999.407
70.079 999.993
69.978 1000.62
69.847 1001.32
69.707 1002.02
69.605 1002.34
69.438 1002.57
69.165 1002.73
68.883 1002.74
22
67.237 1007.77
60.582 1004.92
60.35 1004.73
60.248 1004.42
60.284 1004.14
60.737 1002.84
60.898 1002.39
61.118 1002.15
61.346 1002.06
61.606 1002.07
63.251 1002.52
68.607 1004.02
68.846 1004.16
68.986 1004.4
69.013 1004.68
68.853 1005.23
68.624 1005.92
68.413 1006.52
68.162 1007.19
68.013 1007.49
67.812 1007.69
67.517 1007.8
26
64.824 1012.48
60.759 1009.92
60.177 1009.55
58.697 1008.63
58.498 1008.4
58.445 1008.08
58.548 1007.75
58.983 1006.97
59.284 1006.38
59.458 1006.12
59.659 1005.98
59.899 1005.92
60.014 1005.93
61.708 1006.67
63.596 1007.54
66.763 1009
66.978 1009.17
67.079 1009.42
67.062 1009.71
66.833 1010.2
66.483 1010.88
66.181 1011.43
65.828 1012.05
65.636 1012.32
65.405 1012.49
65.096 1012.56
22
61.705 1016.76
56.255 1011.99
56.095 1011.74
56.092 1011.41
56.213 1011.16
57.044 1010.06
57.34 1009.68
57.621 1009.52
57.866 1009.51
58.11 1009.6
59.535 1010.53
64.164 1013.62
64.349 1013.83
64.41 1014.09
64.348 1014.37
63.995 1014.88
63.642 1015.37
63.208 1015.93
62.765 1016.49
62.53 1016.73
62.277 1016.86
61.96 1016.88
24
58.188 1020.65
57.955 1020.49
53.318 1014.93
53.198 1014.66
53.246 1014.34
53.446 1014.06
54.101 1013.44
54.569 1012.98
54.816 1012.78
55.052 1012.71
55.297 1012.73
55.404 1012.77
56.785 1014.01
58.313 1015.42
60.874 1017.78
61.024 1018.01
61.043 1018.28
60.939 1018.54
60.55 1018.96
60.027 1019.48
59.568 1019.91
59.042 1020.4
58.774 1020.59
58.504 1020.68
