0.3
0.7
173
66.057 985.878
67.097 985.824
68.134 985.73
69.166 985.598
69.682 985.515
70.452 985.381
71.469 985.161
72.478 984.904
73.476 984.608
74.462 984.275
75.436 983.905
76.394 983.499
77.337 983.057
78.262 982.579
79.168 982.066
80.055 981.521
80.919 980.942
81.762 980.33
82.581 979.687
83.375 979.014
84.143 978.312
84.885 977.58
85.245 977.203
85.775 976.63
86.451 975.84
87.098 975.023
87.713 974.183
88.295 973.321
88.845 972.437
89.361 971.532
89.843 970.609
90.289 969.669
90.7 968.712
91.074 967.741
91.412 966.756
91.711 965.759
91.973 964.752
92.197 963.735
92.382 962.711
92.459 962.194
92.563 961.422
92.661 960.385
92.72 959.346
92.74 958.305
92.72 957.263
92.661 956.224
92.562 955.188
92.425 954.153
92.25 953.128
92.034 952.109
91.782 951.099
91.49 950.1
91.163 949.111
90.797 948.137
90.395 947.177
89.957 946.233
89.483 945.305
89.232 944.849
88.846 944.17
88.296 943.286
87.713 942.424
87.098 941.584
86.451 940.768
85.774 939.976
85.068 939.212
84.334 938.474
83.572 937.764
82.784 937.084
81.971 936.434
81.134 935.815
80.273 935.228
79.392 934.675
78.491 934.155
77.57 933.669
77.101 933.44
76.395 933.107
75.437 932.701
74.464 932.331
73.477 931.998
72.479 931.703
71.47 931.445
70.452 931.226
69.427 931.046
68.396 930.904
67.36 930.801
66.321 930.738
65.28 930.713
64.239 930.728
63.199 930.782
62.162 930.876
61.13 931.008
60.614 931.091
59.844 931.225
58.827 931.445
57.818 931.702
56.82 931.998
55.833 932.331
54.86 932.701
53.902 933.107
52.959 933.549
52.034 934.027
51.128 934.54
50.241 935.085
49.377 935.664
48.534 936.276
47.715 936.919
46.92 937.592
46.153 938.294
45.411 939.026
45.051 939.403
44.521 939.976
43.845 940.766
43.198 941.583
42.583 942.423
42 943.285
41.451 944.169
40.934 945.074
40.453 945.997
40.007 946.937
39.596 947.894
39.222 948.865
38.884 949.85
38.584 950.847
38.322 951.854
38.098 952.871
37.913 953.895
37.836 954.412
37.732 955.184
37.634 956.221
37.576 957.26
37.556 958.301
37.576 959.343
37.635 960.382
37.733 961.418
37.87 962.453
38.046 963.478
38.261 964.497
38.514 965.507
38.805 966.506
39.133 967.495
39.499 968.469
39.901 969.429
40.339 970.373
40.813 971.301
41.45 972.436
42 973.32
42.583 974.182
43.198 975.022
43.845 975.838
44.521 976.63
45.227 977.394
45.962 978.132
46.724 978.842
47.512 979.522
48.325 980.172
49.162 980.791
50.022 981.378
50.904 981.931
51.805 982.451
52.726 982.937
53.195 983.166
53.901 983.499
54.859 983.905
55.832 984.275
56.819 984.608
57.817 984.903
58.826 985.161
59.844 985.38
60.869 985.56
61.9 985.702
62.936 985.805
63.975 985.868
65.016 985.893
166
63.689 983.656
62.696 983.579
61.706 983.463
60.721 983.308
59.742 983.114
58.772 982.883
57.813 982.614
56.864 982.306
55.929 981.963
55.008 981.582
54.103 981.166
53.377 980.8
52.855 980.525
51.992 980.026
51.15 979.492
50.33 978.927
49.531 978.329
48.758 977.701
48.01 977.043
47.287 976.356
46.593 975.641
45.928 974.899
45.291 974.132
44.686 973.341
44.112 972.526
43.571 971.689
43.063 970.832
42.674 970.117
42.4 969.595
41.975 968.693
41.585 967.776
41.232 966.844
40.915 965.899
40.636 964.943
40.395 963.976
40.191 963
40.027 962.017
39.901 961.028
39.813 960.035
39.766 959.04
39.757 958.043
39.787 957.048
39.856 956.053
39.965 955.063
40.082 954.257
40.177 953.674
40.379 952.698
40.618 951.73
40.895 950.773
41.209 949.827
41.56 948.894
41.948 947.976
42.371 947.074
42.829 946.189
43.322 945.323
43.848 944.476
44.408 943.652
45 942.849
45.621 942.071
46.273 941.317
46.955 940.59
47.532 940.017
47.958 939.609
48.705 938.949
49.477 938.319
50.273 937.72
51.092 937.151
51.933 936.617
52.794 936.115
53.675 935.648
54.573 935.215
55.487 934.818
56.416 934.458
57.358 934.134
58.313 933.848
59.278 933.599
60.252 933.388
61.053 933.245
61.635 933.151
62.625 933.033
63.618 932.953
64.614 932.914
65.611 932.912
66.607 932.95
67.6 933.027
68.59 933.143
69.574 933.298
70.554 933.492
71.524 933.723
72.483 933.992
73.431 934.3
74.366 934.643
75.288 935.024
76.193 935.44
76.919 935.806
77.441 936.081
78.304 936.58
79.146 937.114
79.966 937.679
80.764 938.277
81.538 938.905
82.286 939.563
83.008 940.25
83.703 940.965
84.368 941.707
85.004 942.474
85.61 943.265
86.184 944.08
86.725 944.917
87.233 945.774
87.622 946.489
87.896 947.011
88.321 947.913
88.711 948.83
89.064 949.762
89.381 950.707
89.66 951.663
89.901 952.63
90.105 953.606
90.269 954.589
90.395 955.578
90.482 956.571
90.53 957.566
90.539 958.563
90.509 959.558
90.44 960.553
90.331 961.543
90.214 962.349
90.118 962.932
89.917 963.908
89.678 964.876
89.401 965.833
89.087 966.779
88.736 967.712
88.348 968.63
87.925 969.532
87.467 970.417
86.974 971.283
86.447 972.13
85.888 972.954
85.296 973.757
84.675 974.535
84.022 975.289
83.341 976.016
82.764 976.589
82.338 976.997
81.591 977.657
80.819 978.287
80.023 978.886
79.203 979.455
78.362 979.989
77.501 980.491
76.621 980.958
75.723 981.391
74.809 981.788
73.88 982.148
72.938 982.472
71.983 982.758
71.018 983.007
70.044 983.218
69.243 983.361
68.661 983.455
67.671 983.573
66.678 983.653
65.682 983.692
64.685 983.694
228
66.781 1010.1
68.208 1010.04
69.632 1009.93
71.053 1009.79
72.469 1009.61
73.88 1009.39
75.284 1009.13
76.681 1008.83
78.069 1008.49
79.447 1008.12
80.814 1007.7
82.169 1007.25
83.511 1006.76
84.84 1006.24
86.153 1005.68
87.451 1005.08
88.731 1004.45
89.994 1003.78
91.238 1003.08
92.462 1002.35
93.665 1001.58
94.846 1000.77
96.005 999.939
97.141 999.073
98.252 998.176
99.338 997.249
100.398 996.292
101.432 995.306
102.437 994.293
103.415 993.251
104.363 992.184
105.282 991.09
106.17 989.972
107.027 988.83
107.853 987.664
108.645 986.476
109.405 985.267
110.131 984.037
110.823 982.788
111.481 981.52
112.103 980.235
112.689 978.933
113.24 977.615
113.754 976.282
114.231 974.936
114.67 973.577
115.072 972.207
115.436 970.826
115.762 969.436
116.05 968.037
116.299 966.631
116.509 965.218
116.68 963.8
116.812 962.378
116.904 960.953
116.958 959.526
116.972 958.098
116.947 956.67
116.882 955.243
116.778 953.819
116.635 952.398
116.453 950.982
116.231 949.571
115.971 948.166
115.673 946.77
115.336 945.382
114.961 944.004
114.548 942.637
114.097 941.282
113.61 939.939
113.085 938.611
112.524 937.298
111.928 936
111.295 934.72
110.628 933.457
109.926 932.213
109.19 930.989
108.421 929.786
107.619 928.605
106.784 927.446
105.918 926.31
105.021 925.199
104.094 924.113
103.137 923.053
102.151 922.019
101.138 921.013
100.096 920.036
99.029 919.087
97.935 918.169
96.817 917.281
95.675 916.424
94.509 915.598
93.321 914.806
92.112 914.046
90.882 913.32
89.633 912.628
88.365 911.97
87.08 911.348
85.777 910.762
84.46 910.211
83.127 909.697
81.781 909.22
80.422 908.781
79.052 908.379
77.671 908.014
76.281 907.689
74.882 907.401
73.475 907.152
72.063 906.942
70.645 906.771
69.223 906.639
67.798 906.546
66.371 906.493
64.943 906.479
63.515 906.504
62.088 906.569
60.664 906.673
59.243 906.816
57.826 906.998
56.416 907.22
55.011 907.48
53.615 907.778
52.227 908.115
50.849 908.49
49.482 908.903
48.127 909.354
46.784 909.841
45.456 910.366
44.143 910.926
42.845 911.523
41.565 912.156
40.302 912.823
39.058 913.525
37.834 914.261
36.631 915.03
35.45 915.832
34.291 916.667
33.155 917.533
32.044 918.43
30.958 919.357
29.898 920.314
28.864 921.3
27.858 922.313
26.881 923.355
25.932 924.422
25.014 925.516
24.126 926.634
23.268 927.776
22.443 928.942
21.65 930.13
20.891 931.339
20.164 932.569
19.472 933.818
18.815 935.086
18.193 936.371
17.607 937.673
17.056 938.991
16.542 940.324
16.065 941.67
15.626 943.029
15.224 944.399
14.859 945.78
14.533 947.17
14.246 948.569
13.997 949.975
13.787 951.388
13.616 952.806
13.484 954.228
13.391 955.653
13.338 957.08
13.324 958.508
13.349 959.936
13.414 961.363
13.518 962.787
13.661 964.208
13.843 965.624
14.065 967.035
14.325 968.44
14.623 969.836
14.96 971.224
15.335 972.602
15.748 973.969
16.199 975.324
16.686 976.667
17.211 977.995
17.771 979.308
18.368 980.606
19 981.886
19.668 983.149
20.37 984.393
21.106 985.617
21.875 986.82
22.677 988.001
23.511 989.16
24.378 990.296
25.275 991.407
26.202 992.493
27.159 993.553
28.144 994.587
29.158 995.593
30.199 996.57
31.267 997.519
32.361 998.437
33.479 999.325
34.621 1000.18
35.787 1001.01
36.975 1001.8
38.184 1002.56
39.414 1003.29
40.663 1003.98
41.931 1004.64
43.216 1005.26
44.518 1005.84
45.836 1006.39
47.169 1006.91
48.515 1007.39
49.874 1007.83
51.244 1008.23
52.625 1008.59
54.015 1008.92
55.414 1009.21
56.82 1009.45
58.233 1009.66
59.651 1009.84
61.073 1009.97
62.498 1010.06
63.925 1010.11
65.353 1010.13
55
56.749 923.357
56.45 923.138
56.25 922.821
56.141 922.287
55.663 919.286
55.314 916.995
55.028 915.052
54.683 912.577
54.481 911.072
54.438 910.566
54.553 910.208
54.821 909.904
55.204 909.692
55.712 909.574
57.033 909.339
58.414 909.13
59.801 908.961
61.192 908.83
62.586 908.738
63.982 908.686
65.38 908.674
66.776 908.7
67.583 908.732
68.618 908.791
69.29 908.845
69.998 908.907
70.627 908.974
71.345 909.057
72.435 909.208
72.862 909.293
73.301 909.507
73.632 909.842
73.795 910.213
73.772 910.597
73.59 911.166
72.62 914.338
72.22 915.664
71.967 916.538
71.764 917.217
70.651 921.087
70.348 922.186
70.158 922.532
69.822 922.775
69.392 922.877
68.124 922.772
66.948 922.694
65.77 922.653
64.59 922.652
63.412 922.691
62.235 922.767
61.062 922.881
59.893 923.036
58.729 923.229
57.577 923.457
57.158 923.479
55
83.434 927.666
82.512 927.158
81.626 926.684
80.571 926.156
79.5 925.664
78.413 925.207
77.311 924.787
76.196 924.403
75.069 924.056
73.931 923.747
72.66 923.447
72.202 923.331
71.824 923.1
71.57 922.781
71.459 922.455
71.478 922.086
72.353 918.801
72.966 916.566
73.494 914.675
74.185 912.276
74.612 910.816
74.78 910.339
75.032 910.057
75.399 909.889
75.836 909.852
76.348 909.95
77.063 910.12
78.415 910.475
79.755 910.867
81.085 911.297
82.401 911.765
83.705 912.269
84.993 912.809
86.266 913.386
87.522 913.998
88.065 914.28
88.875 914.708
89.403 915.003
90.147 915.425
91.168 916.038
91.783 916.423
92.13 916.667
92.444 917.041
92.611 917.483
92.607 917.887
92.43 918.229
92.032 918.675
90.269 920.697
88.952 922.228
88.365 922.923
87.902 923.46
85.313 926.543
84.589 927.423
84.274 927.662
83.869 927.747
57
42.899 929.715
42.587 929.508
42.27 929.065
40.613 926.516
39.363 924.566
38.311 922.908
36.99 920.788
36.192 919.495
35.948 919.05
35.907 918.675
36.029 918.289
36.292 917.94
36.738 917.605
37.566 917.04
38.738 916.279
39.932 915.553
41.145 914.86
42.378 914.202
43.628 913.578
44.895 912.991
46.179 912.439
46.995 912.113
47.746 911.82
48.958 911.384
49.589 911.173
50.3 910.942
51.197 910.672
51.859 910.483
52.383 910.387
52.749 910.408
53.188 910.581
53.487 910.853
53.623 911.213
53.688 911.808
54.01 914.47
54.092 915.098
54.266 916.474
54.39 917.374
54.481 918.079
55.04 922.066
55.208 923.191
55.175 923.587
54.967 923.945
54.616 924.213
53.995 924.434
52.882 924.822
51.942 925.182
50.854 925.637
49.782 926.127
48.727 926.653
47.689 927.214
46.67 927.808
45.673 928.435
44.696 929.095
44.059 929.549
43.684 929.739
43.261 929.793
56
94.678 938.004
94.314 937.752
93.199 936.291
92.567 935.509
91.798 934.614
91 933.747
90.174 932.905
89.32 932.092
88.44 931.307
87.535 930.552
86.605 929.827
85.977 929.361
85.681 929.064
85.499 928.677
85.461 928.309
85.562 927.948
85.885 927.51
87.797 925.147
89.266 923.355
90.518 921.842
92.125 919.931
93.109 918.772
93.456 918.402
93.801 918.248
94.205 918.244
94.619 918.387
95.046 918.686
95.869 919.32
96.953 920.199
98.013 921.111
99.047 922.051
100.054 923.019
101.033 924.016
101.984 925.04
102.906 926.089
103.447 926.739
103.994 927.407
104.768 928.406
105.164 928.941
105.602 929.546
106.137 930.315
106.521 930.886
106.774 931.355
106.867 931.71
106.839 932.181
106.672 932.55
106.372 932.79
105.826 933.036
103.393 934.166
102.821 934.438
101.567 935.028
100.749 935.424
100.107 935.727
96.488 937.492
95.469 938
95.083 938.09
56
32.659 941.09
29.806 939.244
27.87 937.97
26.235 936.884
24.166 935.484
22.91 934.628
22.507 934.321
22.317 933.994
22.271 933.592
22.371 933.166
22.622 932.71
23.006 932.082
23.761 930.906
24.548 929.752
25.368 928.62
26.219 927.513
27.101 926.429
28.014 925.371
28.955 924.338
29.926 923.334
30.361 922.904
31.019 922.265
31.462 921.854
32.094 921.277
32.575 920.854
32.992 920.497
33.549 920.03
33.888 919.775
34.34 919.592
34.812 919.571
35.196 919.698
35.466 919.972
35.767 920.489
37.145 922.79
38.194 924.516
38.673 925.289
39.042 925.895
41.174 929.31
41.786 930.271
41.917 930.644
41.873 931.056
41.661 931.445
40.894 932.164
40.167 932.861
39.34 933.7
38.541 934.567
37.771 935.46
37.03 936.378
36.321 937.32
35.643 938.284
34.997 939.27
34.319 940.387
34.067 940.788
33.731 941.075
33.348 941.218
33.005 941.223
182
63.985 991.428
62.842 991.369
61.703 991.269
60.567 991.131
59.437 990.953
58.313 990.736
57.197 990.481
56.091 990.187
54.996 989.856
53.914 989.486
52.844 989.08
51.789 988.638
50.749 988.158
49.727 987.644
48.724 987.094
47.741 986.51
46.777 985.892
45.836 985.241
44.917 984.558
44.023 983.844
43.154 983.1
42.311 982.326
41.495 981.524
40.708 980.694
39.95 979.836
39.222 978.954
38.524 978.046
37.858 977.115
37.225 976.162
36.625 975.189
36.059 974.194
35.528 973.18
35.032 972.149
34.572 971.101
34.15 970.038
33.763 968.961
33.414 967.872
33.102 966.77
32.829 965.659
32.594 964.539
32.398 963.411
32.241 962.278
32.124 961.14
32.045 959.999
32.007 958.855
32.007 957.712
32.048 956.569
32.127 955.427
32.246 954.29
32.404 953.156
32.602 952.029
32.838 950.909
33.112 949.798
33.425 948.697
33.775 947.609
34.163 946.532
34.587 945.469
35.048 944.422
35.546 943.391
36.078 942.378
36.645 941.384
37.246 940.411
37.88 939.459
38.547 938.529
39.246 937.622
39.975 936.74
40.735 935.884
41.522 935.054
42.339 934.254
43.183 933.481
44.053 932.737
44.948 932.024
45.867 931.342
46.809 930.693
47.773 930.076
48.757 929.493
49.762 928.944
50.784 928.431
51.824 927.953
52.88 927.511
53.95 927.107
55.033 926.739
56.128 926.408
57.235 926.116
58.351 925.862
59.475 925.646
60.606 925.47
61.742 925.333
62.881 925.235
64.024 925.176
65.167 925.157
66.311 925.178
67.453 925.237
68.593 925.337
69.729 925.475
70.859 925.653
71.983 925.87
73.098 926.125
74.205 926.419
75.299 926.75
76.382 927.12
77.452 927.526
78.507 927.968
79.546 928.448
80.568 928.962
81.572 929.512
82.555 930.096
83.519 930.714
84.46 931.365
85.379 932.048
86.273 932.762
87.142 933.506
87.985 934.28
88.801 935.082
89.587 935.912
90.346 936.77
91.074 937.652
91.772 938.56
92.437 939.491
93.071 940.444
93.67 941.417
94.236 942.412
94.768 943.426
95.264 944.457
95.724 945.505
96.146 946.568
96.533 947.645
96.882 948.734
97.194 949.836
97.467 950.947
97.702 952.067
97.898 953.195
98.054 954.328
98.172 955.466
98.25 956.607
98.289 957.751
98.289 958.894
98.248 960.037
98.169 961.179
98.05 962.316
97.892 963.45
97.694 964.577
97.458 965.697
97.184 966.808
96.871 967.909
96.521 968.997
96.133 970.074
95.709 971.137
95.247 972.184
94.75 973.215
94.218 974.228
93.651 975.222
93.05 976.195
92.415 977.147
91.749 978.077
91.05 978.984
90.321 979.866
89.561 980.722
88.774 981.552
87.957 982.352
87.113 983.125
86.243 983.869
85.348 984.582
84.429 985.264
83.486 985.913
82.522 986.53
81.539 987.113
80.534 987.662
79.512 988.175
78.472 988.653
77.416 989.095
76.346 989.499
75.263 989.867
74.167 990.198
73.061 990.49
71.945 990.744
70.821 990.96
69.69 991.136
68.554 991.273
67.415 991.371
66.272 991.43
65.129 991.449
54
100.716 952.014
100.382 951.77
100.152 951.391
99.861 950.153
99.572 949.011
99.246 947.877
98.882 946.755
98.482 945.646
98.045 944.551
97.573 943.471
97.064 942.407
96.793 941.875
96.44 941.208
95.948 940.335
95.799 939.942
95.79 939.516
95.905 939.165
96.144 938.876
96.617 938.607
99.324 937.225
101.396 936.186
103.155 935.313
105.401 934.221
106.77 933.563
107.238 933.366
107.616 933.365
107.987 933.526
108.306 933.825
108.683 934.464
109.343 935.714
109.947 936.937
110.518 938.177
111.054 939.432
111.555 940.702
112.021 941.984
112.451 943.28
112.845 944.586
113.047 945.3
113.309 946.303
113.626 947.652
113.756 948.271
113.898 948.981
114.092 950.064
114.145 950.494
114.077 950.977
113.857 951.399
113.557 951.666
113.185 951.763
112.589 951.766
107.885 951.853
106.977 951.882
106.267 951.898
102.243 952.038
101.104 952.087
54
28.111 955.741
25.109 955.266
22.822 954.89
20.886 954.563
16.932 953.855
16.439 953.737
16.133 953.517
15.928 953.169
15.845 952.738
15.888 952.219
16.073 950.89
16.301 949.512
16.569 948.141
16.874 946.777
17.218 945.423
17.6 944.079
18.019 942.747
18.476 941.426
18.755 940.668
19.131 939.703
19.668 938.426
19.927 937.849
20.228 937.191
20.708 936.202
20.92 935.821
21.259 935.47
21.681 935.258
22.083 935.218
22.442 935.359
22.927 935.709
25.122 937.25
25.644 937.61
26.782 938.401
27.535 938.912
28.118 939.316
31.454 941.568
32.405 942.196
32.676 942.485
32.803 942.878
32.767 943.319
32.276 944.493
31.837 945.587
31.435 946.695
31.07 947.817
30.742 948.949
30.451 950.092
30.199 951.244
29.984 952.403
29.809 953.569
29.669 954.736
29.559 955.141
29.316 955.492
29.016 955.708
28.653 955.801
56
111.691 971.867
111.144 971.626
108.091 970.33
106.814 969.794
105.971 969.45
105.317 969.177
101.585 967.667
100.524 967.25
100.199 967.024
99.993 966.665
99.937 966.227
100.134 965.193
100.312 964.202
100.487 963.037
100.625 961.866
100.722 960.691
100.782 959.513
100.803 958.335
100.784 957.155
100.727 955.978
100.62 954.676
100.588 954.205
100.691 953.774
100.916 953.434
101.191 953.228
101.549 953.131
104.943 952.949
107.258 952.841
110.058 952.73
111.717 952.675
113.235 952.632
113.743 952.641
114.087 952.794
114.361 953.092
114.53 953.495
114.595 954.013
114.654 954.746
114.735 956.141
114.776 957.537
114.778 958.934
114.74 960.331
114.664 961.726
114.547 963.119
114.392 964.507
114.198 965.891
114.098 966.494
113.941 967.397
113.825 967.99
113.653 968.829
113.511 969.454
113.383 969.989
113.209 970.692
113.027 971.206
112.825 971.512
112.456 971.805
112.07 971.929
56
18.424 973.867
18.093 973.633
17.843 973.273
17.673 972.78
17.38 971.784
17.02 970.434
16.698 969.074
16.414 967.706
16.169 966.331
15.962 964.949
15.795 963.562
15.667 962.17
15.61 961.328
15.561 960.465
15.522 959.202
15.516 958.535
15.517 957.788
15.537 956.851
15.561 956.165
15.632 955.637
15.767 955.295
16.069 954.929
16.418 954.731
16.691 954.705
18.486 955.049
20.019 955.35
22.004 955.726
22.9 955.887
23.596 956.018
27.561 956.72
28.685 956.907
29.049 957.06
29.326 957.368
29.472 957.786
29.49 958.444
29.515 959.622
29.569 960.628
29.665 961.803
29.798 962.974
29.973 964.14
30.185 965.3
30.435 966.452
30.724 967.595
31.05 968.728
31.284 969.475
31.349 969.889
31.271 970.31
31.084 970.629
30.79 970.861
30.272 971.026
27.336 971.814
25.094 972.401
23.192 972.888
20.767 973.49
19.291 973.849
18.792 973.944
57
102.472 989.837
102.15 989.625
101.748 989.182
99.922 987.218
99.487 986.758
98.538 985.747
97.907 985.091
97.421 984.575
94.626 981.677
93.827 980.865
93.622 980.527
93.579 980.116
93.706 979.691
94.079 979.148
94.752 978.179
95.299 977.335
95.912 976.328
96.491 975.301
97.036 974.255
97.546 973.192
98.02 972.113
98.459 971.019
98.861 969.91
99.11 969.169
99.302 968.796
99.612 968.503
99.951 968.353
100.325 968.338
100.842 968.509
103.68 969.598
105.839 970.441
107.665 971.163
109.978 972.102
111.385 972.679
111.843 972.896
112.097 973.176
112.225 973.559
112.216 973.996
112.065 974.497
111.717 975.474
111.214 976.778
110.676 978.067
110.102 979.341
109.492 980.597
108.846 981.837
108.166 983.057
107.453 984.258
107.002 984.973
106.535 985.7
105.825 986.745
105.437 987.287
104.998 987.891
104.43 988.638
104.008 989.178
103.639 989.565
103.331 989.763
102.874 989.881
58
28.397 991.446
28.022 991.22
27.67 990.844
27.261 990.366
26.391 989.309
25.551 988.228
24.742 987.125
23.962 986
23.215 984.852
22.499 983.686
21.815 982.499
21.397 981.734
20.971 980.929
20.731 980.449
20.327 979.625
20.073 979.077
19.72 978.297
19.466 977.708
19.254 977.2
18.982 976.529
18.829 976.007
18.811 975.641
18.939 975.183
19.176 974.86
19.52 974.687
20.103 974.561
22.72 973.961
23.335 973.814
24.686 973.498
25.568 973.28
26.259 973.117
30.166 972.144
31.268 971.859
31.664 971.85
32.042 972.019
32.346 972.341
32.794 973.293
33.231 974.199
33.857 975.397
34.317 976.216
34.963 977.282
35.607 978.269
36.283 979.235
36.991 980.178
37.729 981.097
38.582 982.087
38.885 982.449
39.055 982.858
39.071 983.267
38.971 983.594
38.738 983.884
36.1 986.026
34.29 987.473
32.752 988.692
30.781 990.228
29.579 991.156
29.162 991.446
28.793 991.526
55
86.769 1002.5
86.419 1002.29
86.212 1001.97
86.025 1001.4
84.945 998.265
84.488 996.956
84.18 996.1
83.946 995.43
82.57 991.647
82.171 990.58
82.12 990.187
82.25 989.794
82.538 989.458
83.625 988.798
84.623 988.171
85.6 987.511
86.555 986.818
87.486 986.094
88.392 985.341
89.273 984.558
90.129 983.745
90.955 982.906
91.755 982.043
92.081 981.78
92.484 981.639
92.854 981.64
93.203 981.778
93.605 982.145
95.755 984.293
97.384 985.942
98.757 987.345
100.49 989.144
101.54 990.243
101.871 990.627
101.988 990.986
101.95 991.388
101.764 991.785
101.422 992.178
100.493 993.146
99.499 994.127
98.476 995.079
97.428 996.002
96.353 996.896
95.255 997.759
94.132 998.59
92.986 999.389
92.314 999.839
91.444 1000.4
90.868 1000.75
90.259 1001.12
89.711 1001.43
89.08 1001.79
88.111 1002.3
87.597 1002.52
87.234 1002.57
54
44.62 1003.47
44.14 1003.27
42.933 1002.68
41.692 1002.04
40.471 1001.36
39.269 1000.65
38.087 999.907
36.927 999.129
35.789 998.318
34.675 997.476
34.04 996.975
33.238 996.32
32.19 995.415
31.188 994.501
30.395 993.74
30.033 993.315
29.87 992.988
29.799 992.521
29.886 992.126
30.051 991.906
31.506 990.803
32.757 989.865
33.26 989.48
34.364 988.642
35.082 988.083
35.646 987.653
38.82 985.176
39.711 984.467
40.069 984.297
40.483 984.298
40.891 984.469
41.856 985.299
42.761 986.054
43.691 986.779
44.644 987.473
45.619 988.135
46.616 988.764
47.634 989.361
48.67 989.922
49.725 990.45
50.792 990.943
51.142 991.173
51.402 991.513
51.515 991.865
51.491 992.239
51.266 992.735
49.888 995.444
48.823 997.502
47.913 999.242
46.738 1001.45
46.017 1002.78
45.754 1003.22
45.45 1003.44
45.055 1003.53
57
67.671 1007.83
67.318 1007.73
66.925 1007.47
66.689 1007.14
66.631 1006.76
66.691 1006.16
66.98 1002.86
67.095 1001.48
67.161 1000.57
67.219 999.866
67.332 998.287
67.501 995.85
67.571 994.712
67.685 994.334
67.963 994.027
68.363 993.837
69.406 993.706
70.403 993.57
71.567 993.377
72.722 993.146
73.87 992.876
75.009 992.569
76.136 992.224
77.251 991.842
78.354 991.424
79.558 990.92
79.997 990.742
80.438 990.706
80.832 990.816
81.112 991.014
81.316 991.325
82.538 994.496
83.355 996.664
84.039 998.504
84.891 1000.85
85.402 1002.28
85.549 1002.77
85.511 1003.14
85.312 1003.5
84.981 1003.78
84.508 1004
83.829 1004.29
82.528 1004.79
81.212 1005.27
79.884 1005.7
78.544 1006.1
77.193 1006.45
75.833 1006.77
74.465 1007.05
73.089 1007.3
72.485 1007.39
71.576 1007.52
70.978 1007.59
70.126 1007.69
69.488 1007.75
68.94 1007.79
68.217 1007.84
54
63.208 1007.9
61.813 1007.82
60.42 1007.71
59.032 1007.56
57.647 1007.37
56.269 1007.13
54.899 1006.87
53.536 1006.56
52.717 1006.35
51.881 1006.13
50.668 1005.78
50.033 1005.58
49.323 1005.35
48.437 1005.04
47.793 1004.8
47.31 1004.57
47.028 1004.34
46.774 1003.94
46.692 1003.54
46.794 1003.17
47.091 1002.65
49.365 998.54
49.794 997.737
50.135 997.115
52.027 993.562
52.552 992.551
52.81 992.251
53.189 992.083
53.631 992.073
54.263 992.26
55.393 992.6
56.364 992.859
57.512 993.13
58.667 993.364
59.83 993.559
60.998 993.716
62.172 993.834
63.348 993.912
64.526 993.953
65.309 993.96
65.723 994.028
66.097 994.232
66.344 994.509
66.475 994.859
66.47 995.404
66.314 998.44
66.178 1000.75
66.055 1002.71
65.764 1006.72
65.699 1007.22
65.511 1007.55
65.187 1007.79
64.768 1007.92
64.212 1007.93
