0.3
0.7
947
55.608 1014.62
56.355 1013.44
57.097 1012.39
57.889 1011.38
58.729 1010.4
59.614 1009.47
60.545 1008.58
61.516 1007.74
62.527 1006.94
63.576 1006.2
64.658 1005.5
65.773 1004.86
66.918 1004.28
68.09 1003.75
69.286 1003.27
70.503 1002.86
71.739 1002.5
72.991 1002.21
74.256 1001.97
75.53 1001.8
76.811 1001.68
78.096 1001.63
79.382 1001.65
80.667 1001.72
81.946 1001.85
83.216 1002.05
84.477 1002.31
85.723 1002.63
86.951 1003.01
88.161 1003.44
89.348 1003.94
90.511 1004.49
91.645 1005.1
92.748 1005.76
93.817 1006.47
94.852 1007.24
95.848 1008.05
96.804 1008.91
97.718 1009.82
98.587 1010.76
99.408 1011.75
100.167 1012.76
100.26 1012.88
102.404 1010.75
101.556 1009.65
101.25 1009.24
101.147 1008.92
101.15 1008.59
101.274 1008.26
102.742 1006.07
103.52 1004.88
104.897 1002.74
105.474 1001.84
106.38 1000.46
107.078 999.423
107.694 998.554
108.209 997.86
108.687 997.253
109.334 996.474
109.981 995.757
110.634 995.098
111.021 994.736
111.398 994.4
111.789 994.074
112.507 993.515
113.101 993.097
113.715 992.702
114.346 992.331
114.993 991.985
115.765 991.613
116.555 991.272
117.365 990.961
118.196 990.677
118.854 990.473
119.526 990.283
120.438 990.048
121.364 989.83
122.296 989.627
124.375 989.193
125.406 988.972
126.418 988.74
127.598 988.443
128.761 988.114
129.909 987.75
131.037 987.348
132.147 986.91
133.227 986.439
134.265 985.946
135.046 985.548
135.817 985.133
136.584 984.697
137.636 984.067
138.706 983.386
139.524 982.836
140.801 981.945
141.813 981.201
142.717 980.514
143.61 979.817
144.925 978.767
145.961 977.917
148.408 975.86
149.218 975.167
150.39 974.15
149.562 973.065
148.988 972.335
148.735 972.055
147.524 973.033
147.128 973.363
142.25 977.214
140.588 978.473
139.557 979.246
138.706 979.86
137.847 980.462
136.981 981.049
136.108 981.621
135.229 982.172
134.345 982.703
133.632 983.112
132.916 983.507
132.192 983.887
131.368 984.3
130.533 984.693
129.684 985.069
128.819 985.427
128.166 985.679
127.496 985.923
126.81 986.157
126.232 986.346
125.46 986.59
124.663 986.81
123.319 987.169
121.894 987.527
120.516 987.866
119.663 988.085
118.897 988.288
118.278 988.463
117.673 988.642
117.011 988.854
116.36 989.079
115.547 989.385
114.761 989.717
113.991 990.077
113.241 990.467
112.694 990.777
112.159 991.106
111.636 991.452
111.125 991.816
110.44 992.347
109.886 992.819
109.353 993.309
108.84 993.816
108.346 994.34
107.981 994.75
107.626 995.169
107.112 995.809
106.628 996.448
106.157 997.098
105.548 997.981
105.129 998.609
104.082 1000.23
103.009 1001.94
101.829 1003.8
101.236 1004.71
100.635 1005.62
100.145 1006.34
99.863 1006.62
99.564 1006.75
99.17 1006.77
98.86 1006.68
98.614 1006.51
97.588 1005.6
96.481 1004.72
95.333 1003.88
94.957 1003.59
94.773 1003.32
94.683 1003.01
94.707 1002.65
95.5 1000.14
95.911 998.779
96.63 996.341
96.929 995.308
97.097 994.746
97.409 993.728
97.788 992.54
98.134 991.532
98.432 990.722
98.719 990.004
99.121 989.075
99.54 988.205
99.982 987.388
100.249 986.931
100.518 986.504
100.8 986.081
101.332 985.343
101.785 984.773
102.262 984.221
102.763 983.688
103.286 983.174
103.922 982.599
104.584 982.05
105.273 981.523
105.99 981.016
106.565 980.636
107.156 980.264
107.965 979.781
108.792 979.312
109.629 978.853
111.502 977.852
112.429 977.349
113.335 976.84
114.382 976.223
115.406 975.581
116.404 974.907
117.373 974.205
118.316 973.471
119.218 972.715
120.076 971.949
120.713 971.348
121.336 970.732
121.949 970.098
122.781 969.196
123.616 968.242
124.246 967.484
125.219 966.269
125.982 965.271
126.655 964.357
127.316 963.436
128.281 962.058
129.036 960.95
130.804 958.289
131.387 957.395
132.224 956.088
131.124 955.282
130.368 954.743
130.047 954.544
129.16 955.824
128.873 956.252
128.036 957.443
125.278 961.322
124.038 962.998
123.574 963.614
123.267 964.03
122.623 964.859
121.968 965.679
121.302 966.487
120.627 967.28
119.939 968.056
119.239 968.816
118.671 969.409
118.094 969.99
117.508 970.558
116.833 971.186
116.142 971.799
115.435 972.399
114.705 972.986
114.15 973.411
113.575 973.834
112.982 974.252
112.482 974.596
111.81 975.048
111.107 975.484
109.918 976.208
106.665 978.116
105.988 978.527
105.443 978.869
104.916 979.211
104.34 979.602
103.777 980
103.086 980.523
102.425 981.063
101.787 981.625
101.177 982.21
100.74 982.662
100.319 983.128
99.914 983.608
99.528 984.101
99.02 984.804
98.621 985.412
98.247 986.032
97.898 986.664
97.572 987.306
97.336 987.803
97.115 988.304
96.802 989.064
96.517 989.812
96.249 990.569
95.913 991.587
95.688 992.308
95.141 994.159
94.591 996.098
93.983 998.214
93.672 999.259
93.351 1000.3
93.085 1001.13
92.865 1001.51
92.548 1001.74
92.234 1001.83
91.838 1001.79
90.889 1001.36
90.383 1001.13
89.07 1000.59
87.732 1000.12
87.332 999.958
87.079 999.751
86.904 999.474
86.829 999.125
86.882 996.492
86.893 995.068
86.891 994.354
86.896 992.526
86.89 991.451
86.893 990.864
86.905 989.8
86.934 988.554
86.982 987.489
87.04 986.627
87.113 985.858
87.237 984.853
87.394 983.9
87.588 982.992
87.716 982.479
87.852 981.993
88.004 981.507
88.307 980.649
88.581 979.975
88.884 979.311
89.214 978.659
89.571 978.017
90.019 977.287
90.5 976.573
91.013 975.874
91.558 975.186
92.002 974.658
92.465 974.135
93.105 973.444
93.766 972.761
94.44 972.085
95.955 970.597
96.702 969.853
97.429 969.11
98.259 968.223
99.06 967.318
99.829 966.389
100.561 965.442
101.258 964.474
101.912 963.494
102.519 962.517
102.96 961.761
103.385 960.994
103.794 960.213
104.338 959.114
104.871 957.963
105.263 957.058
105.853 955.618
106.304 954.445
106.692 953.379
107.067 952.31
107.604 950.715
108.017 949.439
108.964 946.388
109.706 943.876
108.423 943.413
107.546 943.109
107.182 943.008
106.692 944.486
106.536 944.978
106.069 946.357
104.516 950.855
103.798 952.812
103.349 954.02
102.965 954.997
102.568 955.968
102.156 956.931
101.731 957.883
101.29 958.822
100.832 959.747
100.455 960.475
100.065 961.196
99.663 961.907
99.192 962.699
98.702 963.482
98.192 964.256
97.657 965.025
97.244 965.59
96.812 966.158
96.361 966.725
95.978 967.196
95.46 967.82
94.907 968.436
93.971 969.465
92.967 970.535
91.991 971.567
91.389 972.212
90.856 972.798
90.429 973.279
90.019 973.755
89.575 974.293
89.149 974.834
88.633 975.531
88.15 976.235
87.697 976.953
87.276 977.688
86.984 978.244
86.711 978.81
86.458 979.385
86.226 979.966
85.937 980.783
85.726 981.48
85.542 982.181
85.384 982.884
85.252 983.593
85.166 984.135
85.094 984.679
85.009 985.495
84.946 986.294
84.903 987.095
84.867 988.167
84.854 988.922
84.849 990.852
84.87 992.868
84.882 995.07
84.878 996.16
84.863 997.251
84.843 998.124
84.752 998.504
84.574 998.781
84.254 999.011
83.943 999.101
83.609 999.084
82.204 998.872
80.793 998.728
79.376 998.652
78.991 998.617
78.691 998.49
78.445 998.274
78.274 997.959
77.584 995.417
77.193 994.049
76.99 993.364
76.479 991.61
76.171 990.58
75.722 988.99
75.398 987.786
75.145 986.751
74.958 985.908
74.81 985.149
74.647 984.15
74.528 983.192
74.457 982.266
74.436 981.737
74.43 981.232
74.439 980.723
74.487 979.814
74.561 979.092
74.664 978.369
74.797 977.649
74.959 976.934
75.183 976.107
75.443 975.286
75.739 974.471
76.067 973.657
76.345 973.026
76.641 972.394
77.061 971.55
77.503 970.708
77.96 969.871
78.994 968.015
79.501 967.092
79.989 966.174
80.536 965.088
81.049 963.995
81.526 962.888
81.961 961.773
82.357 960.647
82.709 959.523
83.015 958.414
83.225 957.564
83.416 956.708
83.59 955.844
83.802 954.636
83.989 953.381
84.109 952.403
84.271 950.855
84.373 949.602
84.445 948.47
84.503 947.339
84.57 945.657
84.606 944.317
84.645 941.98
84.661 940.054
84.66 938.503
83.298 938.42
82.371 938.375
81.994 938.383
81.94 939.937
81.929 940.454
81.646 946.662
81.509 948.741
81.418 950.027
81.324 951.073
81.217 952.116
81.093 953.156
80.954 954.188
80.795 955.214
80.617 956.23
80.46 957.037
80.289 957.837
80.103 958.633
79.875 959.526
79.625 960.414
79.354 961.302
79.057 962.19
78.82 962.849
78.565 963.515
78.292 964.186
78.058 964.746
77.736 965.491
77.38 966.237
76.771 967.489
75.068 970.851
74.721 971.564
74.447 972.145
74.188 972.718
73.914 973.359
73.658 973.999
73.358 974.814
73.093 975.624
72.861 976.441
72.664 977.264
72.54 977.88
72.438 978.5
72.357 979.122
72.298 979.746
72.251 980.611
72.245 981.339
72.266 982.063
72.313 982.784
72.386 983.5
72.456 984.045
72.541 984.587
72.689 985.395
72.853 986.178
73.037 986.96
73.305 987.998
73.505 988.726
74.044 990.579
74.632 992.508
75.264 994.617
75.567 995.664
75.86 996.714
76.087 997.558
76.107 997.949
76.013 998.264
75.772 998.576
75.499 998.749
75.13 998.831
73.724 999.027
72.33 999.288
70.949 999.617
70.502 999.679
70.183 999.608
69.903 999.438
69.694 999.186
69.302 998.536
68.359 997.007
67.598 995.804
67.211 995.203
66.227 993.664
65.641 992.762
64.762 991.365
64.112 990.3
63.577 989.378
63.161 988.623
62.805 987.935
62.367 987.024
61.983 986.137
61.654 985.269
61.484 984.767
61.337 984.284
61.203 983.793
60.993 982.908
60.86 982.194
60.755 981.472
60.68 980.744
60.633 980.011
60.616 979.154
60.634 978.293
60.687 977.428
60.774 976.555
60.863 975.871
60.968 975.181
61.133 974.253
61.321 973.321
61.522 972.388
61.992 970.317
62.219 969.288
62.428 968.27
62.647 967.074
62.832 965.88
62.977 964.683
63.08 963.491
63.143 962.3
63.163 961.122
63.146 959.971
63.107 959.096
63.05 958.222
62.973 957.344
62.836 956.125
62.661 954.869
62.502 953.896
62.221 952.365
61.966 951.134
61.717 950.028
61.453 948.926
61.043 947.293
60.371 944.796
59.846 942.918
59.552 941.892
59.114 940.403
57.783 940.707
56.882 940.924
56.522 941.039
56.908 942.547
57.043 943.044
58.521 949.081
58.976 951.115
59.25 952.374
59.455 953.404
59.646 954.436
59.82 955.468
59.978 956.498
60.114 957.527
60.229 958.552
60.306 959.37
60.367 960.186
60.413 961.002
60.445 961.923
60.456 962.846
60.446 963.774
60.411 964.71
60.369 965.409
60.313 966.119
60.241 966.84
60.173 967.443
60.075 968.25
59.943 969.066
59.712 970.438
59.181 973.277
59.025 974.144
58.892 974.925
58.794 975.56
58.707 976.183
58.623 976.875
58.558 977.561
58.5 978.428
58.474 979.28
58.482 980.13
58.524 980.975
58.58 981.601
58.656 982.224
58.754 982.844
58.873 983.459
59.072 984.303
59.27 985.003
59.494 985.692
59.743 986.369
60.015 987.036
60.235 987.539
60.469 988.036
60.839 988.768
61.218 989.474
61.614 990.172
62.163 991.093
62.561 991.735
63.6 993.361
64.707 995.046
65.908 996.892
66.494 997.811
67.071 998.736
67.525 999.482
67.656 999.851
67.654 1000.18
67.51 1000.55
67.297 1000.79
66.926 1000.99
65.633 1001.58
64.37 1002.22
63.14 1002.93
62.765 1003.09
62.439 1003.11
62.122 1003.03
61.851 1002.85
61.291 1002.33
59.956 1001.13
58.887 1000.19
56.968 998.524
56.152 997.823
55.711 997.436
54.915 996.73
53.992 995.893
53.218 995.158
52.605 994.55
52.072 993.991
51.393 993.24
50.776 992.497
50.217 991.756
49.912 991.322
49.635 990.901
49.367 990.469
48.916 989.678
48.586 989.03
48.283 988.366
48.006 987.689
47.755 987
47.496 986.183
47.271 985.352
47.079 984.507
46.916 983.643
46.809 982.963
46.716 982.271
46.613 981.334
46.53 980.387
46.46 979.435
46.328 977.316
46.255 976.264
46.169 975.228
46.043 974.019
45.883 972.821
45.685 971.632
45.449 970.46
45.173 969.299
44.861 968.162
44.52 967.064
44.236 966.235
43.934 965.411
43.613 964.591
43.141 963.46
42.618 962.304
42.191 961.416
41.49 960.026
40.898 958.917
40.347 957.926
39.784 956.942
38.931 955.492
38.237 954.344
36.55 951.631
35.979 950.73
35.138 949.425
33.947 950.09
33.143 950.553
32.83 950.765
33.626 952.103
33.896 952.541
37.014 957.918
38.024 959.742
38.642 960.872
39.129 961.802
39.602 962.738
40.061 963.68
40.501 964.624
40.922 965.572
41.322 966.524
41.625 967.287
41.914 968.053
42.188 968.823
42.478 969.697
42.749 970.58
43 971.473
43.231 972.381
43.388 973.063
43.534 973.761
43.668 974.474
43.773 975.072
43.905 975.872
44.009 976.692
44.173 978.073
44.324 979.534
44.464 980.947
44.559 981.823
44.652 982.609
44.735 983.247
44.828 983.869
44.944 984.556
45.073 985.233
45.262 986.082
45.478 986.906
45.724 987.719
46.003 988.518
46.233 989.103
46.482 989.68
46.75 990.247
47.037 990.804
47.465 991.557
47.853 992.173
48.263 992.771
48.692 993.351
49.141 993.914
49.494 994.334
49.858 994.745
50.419 995.345
50.982 995.914
51.558 996.472
52.346 997.201
52.907 997.706
54.363 998.972
55.9 1000.28
57.572 1001.71
58.393 1002.43
59.208 1003.15
59.853 1003.74
60.083 1004.06
60.173 1004.37
60.14 1004.77
60.003 1005.06
59.669 1005.38
58.595 1006.31
57.566 1007.29
56.59 1008.31
56.302 1008.54
55.996 1008.65
55.669 1008.66
55.357 1008.57
54.675 1008.23
53.055 1007.46
51.115 1006.56
49.454 1005.8
48.474 1005.35
47.941 1005.11
46.978 1004.65
45.856 1004.11
44.907 1003.62
44.148 1003.21
43.479 1002.83
42.616 1002.3
41.814 1001.76
41.069 1001.21
40.656 1000.87
40.27 1000.55
39.891 1000.21
39.236 999.576
38.737 999.047
38.259 998.496
37.803 997.924
37.367 997.333
36.889 996.622
36.44 995.888
36.017 995.132
35.617 994.35
35.322 993.727
35.038 993.089
34.675 992.219
34.328 991.333
33.994 990.44
33.269 988.444
32.903 987.455
32.529 986.486
32.067 985.361
31.576 984.257
31.052 983.172
30.495 982.113
29.903 981.077
29.283 980.075
28.646 979.116
28.143 978.401
27.621 977.696
27.081 976.999
26.307 976.047
25.481 975.085
24.82 974.353
23.757 973.217
22.876 972.321
22.068 971.524
21.251 970.739
20.024 969.588
19.034 968.682
16.653 966.553
15.85 965.85
14.676 964.835
13.721 965.81
13.08 966.48
12.836 966.766
13.979 967.831
14.361 968.176
18.868 972.456
20.35 973.921
21.263 974.832
21.991 975.587
22.71 976.352
23.414 977.126
24.104 977.907
24.774 978.699
25.426 979.5
25.932 980.147
26.425 980.8
26.904 981.461
27.43 982.218
27.938 982.989
28.431 983.775
28.908 984.582
29.25 985.192
29.588 985.82
29.917 986.467
30.186 987.01
30.538 987.741
30.87 988.498
31.416 989.777
32.843 993.269
33.153 993.995
33.413 994.586
33.677 995.156
33.981 995.782
34.297 996.395
34.716 997.154
35.156 997.885
35.622 998.597
36.114 999.284
36.499 999.781
36.9 1000.26
37.318 1000.73
37.75 1001.19
38.374 1001.79
38.919 1002.27
39.48 1002.73
40.055 1003.16
40.645 1003.58
41.102 1003.88
41.568 1004.17
42.274 1004.59
42.975 1004.98
43.685 1005.35
44.646 1005.83
45.328 1006.15
47.081 1006.96
48.923 1007.78
50.931 1008.68
51.92 1009.14
52.907 1009.61
53.676 1009.98
53.943 1010.16
54.123 1010.39
54.229 1010.66
54.243 1011.07
54.099 1011.43
53.186 1012.85
52.886 1013.35
52.748 1013.59
55.288 1015.17
