0.3
0.7
257
58.075 1023.01
59.005 1022.27
59.909 1021.49
60.787 1020.67
61.638 1019.84
62.46 1018.97
63.253 1018.07
64.015 1017.15
64.746 1016.21
65.445 1015.24
66.112 1014.25
66.745 1013.24
67.343 1012.2
67.907 1011.15
68.436 1010.08
68.928 1008.99
69.383 1007.88
69.802 1006.76
70.183 1005.63
70.526 1004.49
70.83 1003.33
71.096 1002.17
71.323 1001
71.51 999.815
71.657 998.63
71.766 997.44
71.834 996.247
71.862 995.052
71.851 993.858
71.8 992.664
71.708 991.473
71.578 990.285
71.407 989.103
71.197 987.927
70.948 986.758
70.66 985.598
70.333 984.449
69.969 983.312
69.566 982.187
69.126 981.076
68.65 979.981
68.137 978.901
67.588 977.84
67.004 976.797
66.385 975.775
65.733 974.774
65.048 973.796
64.33 972.841
63.581 971.91
62.801 971.005
61.992 970.127
61.153 969.276
60.287 968.453
59.394 967.659
58.474 966.896
57.53 966.165
56.561 965.465
55.57 964.797
54.557 964.164
53.524 963.565
52.471 963
51.4 962.471
50.311 961.978
49.207 961.522
48.089 961.102
46.956 960.721
45.813 960.377
44.657 960.071
43.493 959.805
42.32 959.577
41.14 959.389
39.955 959.24
38.765 959.132
37.572 959.063
36.378 959.034
35.183 959.044
33.99 959.094
32.798 959.185
31.611 959.315
30.428 959.485
29.252 959.693
28.084 959.942
26.924 960.229
25.774 960.554
24.636 960.919
23.511 961.321
22.4 961.759
21.304 962.235
20.225 962.748
19.163 963.296
18.12 963.879
17.098 964.496
16.097 965.148
15.117 965.833
14.162 966.549
13.231 967.298
12.325 968.077
11.446 968.886
10.594 969.724
9.77 970.589
8.977 971.482
8.213 972.401
7.481 973.345
6.781 974.313
6.113 975.303
5.479 976.315
4.878 977.349
4.313 978.401
3.783 979.472
3.289 980.559
2.832 981.664
2.412 982.781
2.03 983.913
1.685 985.057
1.379 986.212
1.112 987.377
0.883 988.549
0.694 989.729
0.545 990.914
0.435 992.103
0.365 993.296
0.335 994.49
0.331 994.798
1.838 994.798
1.856 993.672
1.91 992.576
1.949 992.039
2.047 991.714
2.244 991.48
2.514 991.36
3.226 991.423
5.602 991.669
6.144 991.732
7.461 991.867
7.995 991.931
9.126 992.055
9.798 992.123
10.076 992.239
10.265 992.493
10.315 992.82
10.283 993.344
10.256 993.878
10.246 994.409
10.24 994.798
11.992 994.798
12.011 993.823
12.07 992.85
12.169 991.881
12.306 990.916
12.483 989.958
12.698 989.006
12.951 988.066
13.242 987.135
13.571 986.217
13.935 985.314
14.337 984.426
14.774 983.554
15.247 982.702
15.752 981.869
16.291 981.057
16.863 980.268
17.466 979.502
18.1 978.761
18.763 978.047
19.454 977.359
20.172 976.702
20.917 976.072
21.686 975.474
22.479 974.907
23.295 974.373
24.131 973.872
24.986 973.405
25.861 972.974
26.751 972.578
27.656 972.218
28.577 971.896
29.508 971.611
30.451 971.363
31.403 971.154
32.363 970.984
33.329 970.852
34.298 970.76
35.272 970.706
36.246 970.693
37.221 970.718
38.193 970.784
39.163 970.889
40.126 971.032
41.084 971.215
42.033 971.435
42.973 971.694
43.901 971.991
44.817 972.326
45.718 972.696
46.604 973.103
47.472 973.546
48.322 974.023
49.152 974.534
49.96 975.078
50.746 975.655
51.508 976.263
52.244 976.901
52.955 977.568
53.638 978.264
54.291 978.987
54.916 979.735
55.51 980.508
56.071 981.305
56.6 982.123
57.096 982.963
57.557 983.821
57.984 984.697
58.374 985.591
58.728 986.499
59.045 987.42
59.324 988.354
59.566 989.298
59.769 990.251
59.934 991.212
60.059 992.178
60.146 993.15
60.193 994.123
60.2 995.098
60.168 996.071
60.097 997.044
59.986 998.012
59.837 998.976
59.648 999.931
59.422 1000.88
59.157 1001.82
58.854 1002.74
58.514 1003.66
58.138 1004.56
57.725 1005.44
57.277 1006.3
56.795 1007.15
56.279 1007.98
55.729 1008.78
55.148 1009.57
54.535 1010.32
53.893 1011.06
53.221 1011.76
52.521 1012.44
51.794 1013.09
51.042 1013.71
50.265 1014.3
51.295 1015.72
51.501 1015.61
51.771 1015.58
52.056 1015.7
53.35 1017.32
56.595 1021.5
56.707 1021.75
56.694 1022.01
56.573 1022.25
56.233 1022.51
57.12 1023.73
27
37.419 968.975
36.815 968.953
36.135 968.942
35.867 968.907
35.632 968.771
35.471 968.51
35.377 966.436
35.206 961.151
35.267 960.876
35.43 960.671
35.665 960.556
36.567 960.541
37.647 960.573
38.856 960.65
39.18 960.748
39.431 960.972
39.535 961.215
39.471 961.927
39.226 964.303
39.162 964.845
39.027 966.162
38.963 966.696
38.839 967.827
38.771 968.499
38.655 968.777
38.401 968.966
38.074 969.016
27
31.566 969.165
31.365 968.931
30.949 966.898
29.953 961.705
29.971 961.425
30.099 961.195
30.314 961.045
31.241 960.884
32.274 960.752
33.48 960.639
33.816 960.685
34.079 960.843
34.238 961.091
34.287 961.804
34.417 964.189
34.438 964.735
34.511 966.055
34.532 966.594
34.586 967.73
34.624 968.404
34.553 968.698
34.332 968.923
34.017 969.024
33.362 969.087
32.763 969.159
32.089 969.255
31.819 969.262
28
42.083 969.643
41.442 969.501
40.849 969.384
40.179 969.266
39.919 969.19
39.709 969.019
39.59 968.735
39.821 966.672
40.48 961.426
40.581 961.164
40.776 960.987
41.027 960.91
41.959 961.043
42.872 961.215
43.469 961.342
44.164 961.502
44.469 961.649
44.681 961.91
44.746 962.166
44.572 962.86
43.958 965.168
43.81 965.694
43.47 966.972
43.324 967.49
43.024 968.588
42.852 969.241
42.694 969.498
42.414 969.645
28
27.612 970.189
27.377 969.989
26.648 968.047
24.852 963.073
24.825 962.794
24.918 962.546
25.105 962.365
25.958 962.072
26.887 961.799
27.478 961.643
28.169 961.468
28.508 961.461
28.791 961.575
28.988 961.795
29.149 962.494
29.65 964.829
29.756 965.364
30.035 966.658
30.14 967.185
30.37 968.299
30.513 968.958
30.49 969.261
30.306 969.517
30.011 969.667
29.374 969.831
28.794 969.996
28.143 970.195
27.877 970.246
29
45.944 970.889
45.333 970.646
44.766 970.44
44.123 970.219
43.878 970.103
43.698 969.901
43.625 969.602
44.175 967.602
44.726 965.707
45.13 964.297
45.646 962.522
45.788 962.28
46.009 962.136
46.268 962.098
47.167 962.376
48.147 962.728
49.274 963.173
49.552 963.367
49.714 963.627
49.745 963.92
49.463 964.579
48.496 966.762
48.268 967.258
47.732 968.468
47.507 968.957
47.039 969.995
46.767 970.612
46.57 970.842
46.271 970.943
27
23.867 971.818
23.604 971.658
22.579 969.855
20.027 965.223
19.957 964.952
20.01 964.693
20.167 964.484
20.964 964.062
21.94 963.6
23.052 963.118
23.386 963.059
23.684 963.127
23.913 963.313
24.18 963.978
25.039 966.206
25.23 966.718
25.705 967.952
25.893 968.457
26.296 969.521
26.54 970.15
26.563 970.452
26.423 970.735
26.154 970.928
25.551 971.19
25.004 971.444
24.392 971.742
24.137 971.833
28
49.563 972.724
48.998 972.388
48.47 972.097
47.869 971.778
47.645 971.624
47.499 971.397
47.474 971.09
48.33 969.2
50.578 964.414
50.755 964.197
50.996 964.088
51.258 964.092
52.101 964.508
53.016 965.008
53.618 965.36
54.059 965.624
54.303 965.859
54.423 966.141
54.407 966.435
54.026 967.042
52.729 969.047
52.426 969.502
51.707 970.612
51.408 971.06
50.785 972.011
50.419 972.579
50.189 972.775
49.878 972.828
27
20.137 973.897
18.844 972.276
15.599 968.101
15.487 967.844
15.499 967.58
15.621 967.349
16.374 966.785
17.234 966.198
18.257 965.549
18.578 965.438
18.883 965.459
19.138 965.607
19.506 966.222
20.703 968.288
20.971 968.764
21.633 969.908
21.898 970.378
22.462 971.366
22.802 971.948
22.872 972.243
22.778 972.544
22.542 972.778
21.987 973.13
21.487 973.467
20.929 973.857
20.692 973.987
20.423 974.014
27
52.85 975.103
52.344 974.683
51.869 974.311
51.326 973.902
51.129 973.716
51.019 973.468
51.043 973.161
52.184 971.429
55.153 967.053
55.362 966.867
55.617 966.797
55.875 966.842
56.644 967.384
57.468 968.021
58.401 968.794
58.606 969.063
58.676 969.393
58.618 969.649
58.147 970.189
56.552 971.966
56.182 972.368
55.299 973.352
54.934 973.748
54.169 974.59
53.719 975.093
53.461 975.251
53.145 975.255
27
17.065 976.651
15.533 975.253
11.675 971.636
11.523 971.4
11.495 971.138
11.579 970.89
12.236 970.216
12.91 969.577
13.365 969.169
13.902 968.7
14.2 968.54
14.505 968.513
14.781 968.619
15.24 969.169
16.746 971.023
17.085 971.451
17.918 972.477
18.253 972.9
19.391 974.31
19.506 974.589
19.461 974.902
19.264 975.169
18.771 975.603
18.33 976.015
17.841 976.487
17.626 976.653
17.364 976.722
26
55.992 978.162
55.725 977.965
55.291 977.472
54.879 977.031
54.407 976.542
54.241 976.327
54.172 976.065
54.244 975.766
55.642 974.234
59.258 970.376
59.494 970.224
59.757 970.196
60.004 970.28
60.679 970.936
61.394 971.694
62.194 972.603
62.355 972.901
62.372 973.237
62.275 973.482
61.726 973.941
59.872 975.447
59.444 975.786
58.417 976.619
57.994 976.954
56.584 978.092
56.305 978.207
28
14.46 979.852
12.728 978.711
8.352 975.741
8.166 975.533
8.096 975.277
8.141 975.02
8.659 974.282
9.25 973.515
9.636 973.041
10.093 972.493
10.362 972.289
10.66 972.214
10.948 972.276
11.488 972.747
13.265 974.342
13.667 974.712
14.651 975.596
15.047 975.961
15.889 976.726
16.392 977.176
16.55 977.433
16.554 977.749
16.402 978.044
15.982 978.55
15.611 979.026
15.201 979.569
15.015 979.766
14.767 979.875
27
58.35 981.479
58.116 981.243
57.764 980.688
57.428 980.188
57.038 979.63
56.907 979.393
56.88 979.124
56.998 978.838
58.618 977.544
62.794 974.3
63.051 974.188
63.314 974.2
63.545 974.322
64.109 975.076
64.697 975.935
65.345 976.958
65.457 977.279
65.436 977.584
65.288 977.839
64.673 978.207
62.606 979.404
62.13 979.672
60.986 980.334
60.516 980.599
59.528 981.163
58.946 981.503
58.651 981.573
27
10.499 982.564
5.713 980.316
5.496 980.139
5.387 979.898
5.391 979.637
5.806 978.792
6.307 977.879
6.924 976.836
7.158 976.591
7.44 976.472
7.735 976.488
8.341 976.868
10.346 978.166
10.801 978.469
11.911 979.187
12.359 979.486
13.31 980.109
13.878 980.475
14.074 980.705
14.127 981.016
14.023 981.331
13.687 981.897
13.396 982.424
13.077 983.025
12.923 983.249
12.696 983.396
12.389 983.42
27
60.159 985.124
59.966 984.855
59.705 984.252
59.45 983.705
59.152 983.093
59.061 982.838
59.076 982.568
59.237 982.305
61.04 981.28
65.672 978.728
65.943 978.658
66.201 978.711
66.411 978.868
66.85 979.7
67.294 980.641
67.776 981.753
67.835 982.087
67.768 982.385
67.581 982.614
66.916 982.881
64.688 983.74
64.176 983.931
62.942 984.406
62.437 984.594
61.373 984.997
60.744 985.241
60.442 985.264
28
8.901 986.72
3.821 985.248
3.579 985.106
3.435 984.885
3.397 984.627
3.676 983.729
3.987 982.852
4.207 982.282
4.472 981.621
4.666 981.343
4.926 981.18
5.219 981.15
5.878 981.431
8.061 982.399
8.557 982.627
9.767 983.162
10.256 983.387
11.294 983.855
11.911 984.127
12.141 984.324
12.243 984.624
12.188 984.95
11.945 985.561
11.739 986.128
11.518 986.771
11.402 987.016
11.2 987.197
10.901 987.269
27
61.634 989.19
61.377 989.007
61.227 988.711
61.063 988.075
60.898 987.495
60.699 986.844
60.649 986.578
60.706 986.313
60.905 986.078
62.848 985.349
67.821 983.553
68.101 983.526
68.348 983.619
68.529 983.806
68.833 984.697
69.125 985.696
69.426 986.87
69.433 987.209
69.319 987.492
69.1 987.689
68.401 987.85
66.065 988.351
65.53 988.457
64.237 988.735
63.709 988.84
62.595 989.071
61.937 989.214
28
7.971 991.073
2.725 990.414
2.463 990.313
2.286 990.118
2.209 989.867
2.336 988.974
2.514 988.022
2.641 987.425
2.801 986.73
2.948 986.425
3.209 986.213
3.465 986.149
4.159 986.323
6.467 986.936
6.993 987.084
8.271 987.424
8.789 987.57
9.887 987.87
10.54 988.042
10.797 988.201
10.944 988.481
10.942 988.812
10.8 989.452
10.683 990.045
10.565 990.715
10.489 990.975
10.318 991.186
10.034 991.304
27
62.197 993.254
61.971 993.033
61.87 992.717
61.808 992.063
61.735 991.464
61.639 990.79
61.633 990.52
61.73 990.267
61.963 990.066
63.996 989.65
69.19 988.654
69.47 988.672
69.7 988.8
69.85 989.015
70.009 989.941
70.142 990.975
70.256 992.181
70.21 992.517
70.026 992.8
69.804 992.939
69.09 992.988
66.705 993.118
66.159 993.139
64.839 993.212
64.301 993.233
63.164 993.287
62.49 993.325
27
68.967 998.172
66.591 997.927
66.049 997.863
64.733 997.728
64.199 997.664
63.068 997.54
62.396 997.472
62.117 997.356
61.928 997.102
61.879 996.775
61.919 996.12
61.941 995.516
61.952 994.836
61.987 994.568
62.123 994.333
62.385 994.172
64.458 994.078
69.744 993.907
70.018 993.968
70.223 994.131
70.339 994.366
70.352 995.307
70.321 996.348
70.245 997.557
70.147 997.881
69.922 998.132
69.679 998.236
28
68.035 1003.27
65.727 1002.66
65.201 1002.51
63.922 1002.17
63.404 1002.02
62.306 1001.73
61.653 1001.55
61.397 1001.39
61.249 1001.12
61.251 1000.78
61.394 1000.14
61.51 999.55
61.628 998.88
61.705 998.62
61.875 998.41
62.16 998.291
64.222 998.522
69.468 999.181
69.73 999.282
69.908 999.477
69.985 999.728
69.857 1000.62
69.657 1001.68
69.508 1002.36
69.392 1002.87
69.245 1003.17
68.984 1003.38
68.728 1003.45
30
66.316 1008.16
64.132 1007.2
63.636 1006.97
62.427 1006.43
61.937 1006.21
60.9 1005.74
60.282 1005.47
60.053 1005.27
59.951 1004.97
60.005 1004.64
60.248 1004.03
60.454 1003.47
60.675 1002.82
60.791 1002.58
60.993 1002.4
61.292 1002.33
63.293 1002.88
65.187 1003.43
66.597 1003.83
68.372 1004.35
68.614 1004.49
68.759 1004.71
68.796 1004.97
68.517 1005.87
68.167 1006.85
67.913 1007.5
67.721 1007.98
67.527 1008.25
67.268 1008.41
66.974 1008.45
27
64.459 1013.11
63.852 1012.73
61.848 1011.43
61.393 1011.13
60.282 1010.41
59.834 1010.11
58.883 1009.49
58.315 1009.12
58.119 1008.89
58.066 1008.58
58.171 1008.26
58.506 1007.7
58.798 1007.17
59.117 1006.57
59.27 1006.35
59.497 1006.2
59.805 1006.17
61.694 1007.03
66.48 1009.28
66.697 1009.46
66.807 1009.7
66.802 1009.96
66.387 1010.8
65.887 1011.72
65.27 1012.76
65.035 1013
64.754 1013.12
28
61.246 1017.32
60.706 1016.85
58.929 1015.25
58.526 1014.88
57.543 1014
57.147 1013.63
56.305 1012.87
55.802 1012.42
55.643 1012.16
55.639 1011.85
55.792 1011.55
56.212 1011.04
56.583 1010.57
56.992 1010.03
57.178 1009.83
57.426 1009.72
57.733 1009.74
59.465 1010.88
63.841 1013.85
64.027 1014.06
64.098 1014.32
64.053 1014.58
63.534 1015.31
62.943 1016.08
62.558 1016.55
62.101 1017.1
61.832 1017.31
61.502 1017.38
28
57.413 1020.98
56.953 1020.43
55.447 1018.57
55.108 1018.14
54.275 1017.12
53.94 1016.7
53.229 1015.81
52.803 1015.28
52.687 1015.01
52.733 1014.69
52.929 1014.43
53.422 1013.99
53.863 1013.58
54.353 1013.11
54.567 1012.94
54.829 1012.87
55.128 1012.95
56.66 1014.34
60.518 1017.96
60.67 1018.2
60.699 1018.46
60.614 1018.71
59.958 1019.38
59.283 1020.02
58.828 1020.43
58.291 1020.89
57.993 1021.06
57.657 1021.07
