0.3
0.7
172
65.86 986.701
66.897 986.656
67.932 986.573
68.962 986.453
69.987 986.295
71.006 986.099
72.018 985.866
73.02 985.597
74.012 985.291
74.992 984.95
75.958 984.572
76.91 984.16
77.847 983.713
78.766 983.232
79.668 982.718
80.55 982.172
81.412 981.594
82.252 980.984
83.068 980.344
83.861 979.675
84.629 978.977
85.371 978.251
86.086 977.499
86.774 976.722
87.432 975.919
88.061 975.095
88.659 974.246
89.225 973.377
89.759 972.487
90.261 971.579
90.729 970.653
91.163 969.71
91.563 968.753
91.927 967.781
92.255 966.797
92.547 965.801
92.803 964.795
93.022 963.78
93.203 962.759
93.347 961.732
93.454 960.699
93.522 959.664
93.553 958.627
93.546 957.591
93.501 956.554
93.418 955.519
93.298 954.489
93.139 953.464
92.944 952.445
92.711 951.433
92.442 950.431
92.136 949.439
91.794 948.459
91.417 947.493
91.005 946.541
90.558 945.604
90.077 944.685
89.563 943.783
89.017 942.901
88.438 942.039
87.829 941.199
87.189 940.383
86.52 939.59
85.822 938.822
85.096 938.08
84.344 937.364
83.567 936.677
82.764 936.019
81.94 935.39
81.091 934.792
80.222 934.226
79.332 933.692
78.424 933.19
77.498 932.722
76.555 932.288
75.598 931.888
74.626 931.524
73.642 931.196
72.646 930.904
71.64 930.648
70.625 930.429
69.604 930.248
68.577 930.104
67.544 929.997
66.509 929.929
65.472 929.898
64.436 929.905
63.399 929.95
62.364 930.033
61.334 930.153
60.309 930.311
59.289 930.507
58.278 930.74
57.276 931.009
56.284 931.315
55.304 931.656
54.338 932.034
53.386 932.446
52.449 932.893
51.529 933.374
50.628 933.888
49.746 934.434
48.884 935.012
48.044 935.622
47.228 936.262
46.435 936.931
45.667 937.629
44.925 938.355
44.209 939.107
43.522 939.884
42.864 940.687
42.235 941.511
41.637 942.36
41.071 943.229
40.537 944.119
40.035 945.027
39.567 945.953
39.133 946.896
38.733 947.853
38.369 948.825
38.041 949.809
37.749 950.805
37.493 951.811
37.274 952.826
37.093 953.847
36.949 954.874
36.842 955.907
36.774 956.942
36.743 957.979
36.75 959.015
36.795 960.052
36.878 961.087
36.998 962.117
37.156 963.142
37.352 964.161
37.584 965.173
37.854 966.175
38.16 967.167
38.501 968.147
38.879 969.113
39.291 970.065
39.738 971.002
40.219 971.921
40.733 972.823
41.279 973.705
41.857 974.567
42.467 975.407
43.107 976.223
43.776 977.016
44.474 977.784
45.2 978.526
45.952 979.242
46.729 979.929
47.531 980.587
48.356 981.216
49.204 981.814
50.074 982.38
50.963 982.914
51.872 983.416
52.798 983.884
53.741 984.318
54.698 984.718
55.67 985.082
56.654 985.41
57.65 985.702
58.656 985.958
59.67 986.177
60.692 986.358
61.719 986.502
62.751 986.609
63.787 986.677
64.824 986.708
162
63.632 984.603
62.614 984.524
61.599 984.406
60.589 984.249
59.587 984.053
58.592 983.818
57.608 983.544
56.635 983.233
55.675 982.885
54.729 982.498
53.799 982.077
52.885 981.618
51.991 981.125
51.116 980.598
50.262 980.037
49.43 979.444
48.622 978.818
47.839 978.161
47.082 977.476
46.353 976.761
45.651 976.018
44.978 975.248
44.337 974.453
43.727 973.634
43.148 972.792
42.603 971.928
42.092 971.044
41.615 970.141
41.174 969.219
40.768 968.281
40.4 967.328
40.068 966.361
39.775 965.383
39.52 964.394
39.303 963.395
39.124 962.389
38.986 961.377
38.887 960.36
38.827 959.341
38.806 958.319
38.823 957.298
38.882 956.278
38.98 955.26
39.118 954.249
39.295 953.242
39.511 952.244
39.765 951.254
40.057 950.275
40.388 949.308
40.755 948.355
41.159 947.417
41.599 946.494
42.075 945.59
42.585 944.706
43.129 943.841
43.706 942.999
44.316 942.179
44.957 941.383
45.629 940.613
46.329 939.869
47.059 939.153
47.814 938.466
48.597 937.81
49.404 937.183
50.234 936.588
51.087 936.027
51.962 935.498
52.856 935.003
53.769 934.545
54.699 934.122
55.644 933.734
56.604 933.385
57.577 933.072
58.561 932.797
59.555 932.561
60.557 932.364
61.566 932.206
62.582 932.086
63.6 932.006
64.621 931.966
65.643 931.964
66.663 932.003
67.682 932.082
68.697 932.2
69.707 932.357
70.709 932.553
71.704 932.788
72.688 933.062
73.66 933.373
74.621 933.721
75.567 934.108
76.497 934.529
77.411 934.988
78.305 935.481
79.18 936.008
80.034 936.569
80.866 937.162
81.674 937.788
82.457 938.445
83.213 939.13
83.943 939.845
84.645 940.588
85.317 941.358
85.959 942.153
86.569 942.972
87.148 943.814
87.693 944.678
88.204 945.562
88.681 946.465
89.122 947.387
89.528 948.325
89.896 949.278
90.228 950.245
90.52 951.223
90.776 952.212
90.993 953.211
91.171 954.217
91.309 955.229
91.409 956.246
91.469 957.265
91.49 958.287
91.473 959.308
91.414 960.328
91.316 961.346
91.178 962.357
91.001 963.364
90.785 964.362
90.531 965.352
90.239 966.331
89.908 967.298
89.541 968.251
89.136 969.189
88.697 970.112
88.221 971.016
87.711 971.9
87.167 972.765
86.589 973.607
85.98 974.427
85.339 975.223
84.667 975.993
83.967 976.737
83.237 977.453
82.482 978.14
81.699 978.796
80.892 979.423
80.061 980.018
79.208 980.579
78.333 981.108
77.439 981.603
76.527 982.061
75.597 982.484
74.651 982.872
73.691 983.221
72.719 983.534
71.735 983.809
70.741 984.045
69.739 984.242
68.729 984.4
67.714 984.52
66.696 984.6
65.675 984.64
64.653 984.642
