0.3
0.7
1031
56.361 1016.51
57.09 1015.22
57.747 1014.2
58.451 1013.22
59.201 1012.27
59.996 1011.36
60.835 1010.48
61.714 1009.65
62.633 1008.86
63.588 1008.12
64.578 1007.43
65.601 1006.78
66.653 1006.18
67.733 1005.64
68.838 1005.14
69.966 1004.71
71.114 1004.32
72.278 1003.99
73.457 1003.72
74.648 1003.51
75.848 1003.35
77.054 1003.25
78.263 1003.21
79.473 1003.23
80.681 1003.3
81.884 1003.44
83.078 1003.63
84.262 1003.88
85.433 1004.19
86.587 1004.55
87.723 1004.97
88.837 1005.44
89.927 1005.97
90.991 1006.54
92.025 1007.17
93.028 1007.85
93.997 1008.57
94.93 1009.34
95.825 1010.16
96.679 1011.01
97.491 1011.91
98.259 1012.85
98.308 1012.9
100.241 1010.98
100.448 1010.78
99.711 1009.9
99.461 1009.53
99.386 1009.16
99.445 1008.82
99.774 1008.28
100.451 1007.22
100.948 1006.41
101.436 1005.61
101.851 1004.91
102.598 1003.63
103.292 1002.4
104.621 999.999
105.137 999.077
105.68 998.095
106.077 997.406
106.574 996.554
107.038 995.785
107.702 994.734
108.305 993.842
108.638 993.378
109.017 992.869
109.42 992.356
109.851 991.836
110.484 991.138
111.173 990.428
111.875 989.764
112.531 989.192
113.161 988.687
113.799 988.212
114.448 987.765
115.123 987.329
115.816 986.913
116.517 986.515
117.113 986.19
117.647 985.91
118.323 985.568
119.291 985.087
119.908 984.765
120.403 984.521
121.115 984.144
122.055 983.639
122.986 983.11
123.869 982.578
124.705 982.038
125.486 981.502
126.409 980.827
127.092 980.297
127.741 979.769
128.398 979.205
129.111 978.56
129.781 977.921
130.391 977.306
130.905 976.773
131.414 976.226
132.087 975.472
132.75 974.698
133.343 973.981
133.928 973.25
134.516 972.497
135.085 971.757
135.397 971.34
137.005 969.225
139.52 965.999
140.377 964.866
140.724 964.386
141.076 963.877
141.186 963.716
140.207 962.777
139.373 962.002
138.983 961.648
138.423 961.148
138.295 961.036
138.037 961.561
137.754 962.093
137.447 962.626
137.115 963.162
136.765 963.698
136.409 964.211
136.04 964.731
135.705 965.189
135.01 966.116
133.946 967.49
132.454 969.366
131.647 970.346
131.149 970.937
130.644 971.522
130.07 972.168
129.472 972.822
128.22 974.117
127.753 974.58
127.341 974.979
126.416 975.833
125.533 976.603
124.638 977.342
124.102 977.754
123.02 978.573
121.921 979.357
120.964 979.999
120.062 980.577
119.159 981.131
118.255 981.667
117.73 981.959
117.074 982.354
116.408 982.721
115.283 983.377
114.52 983.834
114.054 984.123
113.146 984.712
112.632 985.066
112.134 985.424
111.517 985.894
110.914 986.383
110.323 986.897
109.744 987.437
109.184 987.998
108.636 988.585
108.104 989.197
107.569 989.859
107.086 990.499
106.621 991.153
106.172 991.822
105.855 992.317
105.545 992.816
104.988 993.761
104.583 994.477
104.212 995.154
103.764 995.99
103.034 997.383
102.596 998.245
101.498 1000.36
100.992 1001.32
100.398 1002.42
99.889 1003.34
99.175 1004.57
98.244 1006.12
97.95 1006.57
97.685 1006.79
97.298 1006.93
96.924 1006.92
96.567 1006.79
95.527 1005.97
94.439 1005.18
93.89 1004.81
93.432 1004.49
93.213 1004.21
93.113 1003.84
93.154 1003.5
93.625 1001.88
93.875 1000.98
94.117 1000.07
94.317 999.278
94.673 997.835
94.994 996.466
96.072 991.66
96.258 990.887
96.494 989.929
96.724 989.06
97.065 987.865
97.393 986.84
97.58 986.3
97.801 985.705
98.044 985.099
98.311 984.479
98.721 983.632
99.181 982.756
99.668 981.92
100.137 981.187
100.599 980.525
101.078 979.89
101.574 979.277
102.1 978.671
102.647 978.076
103.208 977.497
103.688 977.017
104.121 976.599
105.467 975.344
105.968 974.861
106.375 974.489
106.951 973.926
107.71 973.177
108.455 972.407
109.151 971.646
109.802 970.894
110.401 970.16
111.096 969.251
111.602 968.553
112.076 967.861
112.547 967.135
113.05 966.314
113.512 965.514
113.926 964.751
114.268 964.095
114.602 963.426
115.035 962.513
115.454 961.585
115.82 960.73
116.175 959.863
116.528 958.974
116.865 958.104
117.047 957.617
118.187 954.642
119.498 951.33
120.001 950.003
120.2 949.444
120.394 948.856
120.455 948.67
119.25 948.046
118.232 947.537
117.757 947.306
117.079 946.984
116.925 946.913
116.825 947.49
116.703 948.081
116.559 948.678
116.392 949.285
116.207 949.899
116.01 950.491
115.802 951.094
115.411 952.166
115.204 952.712
114.572 954.331
113.668 956.551
113.17 957.72
112.858 958.427
112.538 959.131
112.17 959.912
111.779 960.707
110.944 962.302
110.626 962.878
110.344 963.377
109.695 964.457
109.065 965.445
108.415 966.406
108.016 966.952
107.207 968.044
106.374 969.106
105.639 969.991
104.935 970.799
104.225 971.585
103.509 972.354
103.086 972.782
102.57 973.347
102.034 973.887
101.139 974.832
100.535 975.487
100.171 975.894
99.466 976.715
99.072 977.2
98.695 977.684
98.236 978.308
97.794 978.949
97.372 979.607
96.969 980.288
96.589 980.985
96.229 981.703
95.891 982.44
95.565 983.225
95.28 983.975
95.019 984.734
94.777 985.502
94.612 986.067
94.455 986.632
94.185 987.697
93.998 988.498
93.833 989.252
93.639 990.179
93.331 991.722
93.155 992.673
92.805 994.487
92.483 996.076
92.222 997.297
91.992 998.319
91.653 999.71
91.198 1001.45
91.043 1001.97
90.85 1002.25
90.518 1002.5
90.157 1002.6
89.776 1002.57
88.508 1002.06
87.242 1001.61
86.636 1001.42
86.122 1001.25
85.834 1001.04
85.66 1000.78
85.578 1000.49
85.572 998.691
85.557 997.749
85.532 996.808
85.502 995.996
85.437 994.511
85.36 993.107
85.178 990.367
85.114 989.312
85.04 988.192
85 987.398
84.958 986.412
84.933 985.514
84.925 984.271
84.95 983.195
84.978 982.625
85.022 981.991
85.083 981.342
85.165 980.672
85.32 979.743
85.515 978.772
85.747 977.834
85.989 976.998
86.246 976.233
86.526 975.488
86.831 974.76
87.164 974.032
87.521 973.306
87.897 972.593
88.222 971.996
88.52 971.473
88.904 970.82
89.457 969.89
89.802 969.286
90.088 968.814
91 967.179
91.497 966.23
91.951 965.305
92.364 964.4
92.731 963.526
93.142 962.46
93.431 961.645
93.69 960.848
93.938 960.019
94.189 959.09
94.408 958.192
94.59 957.343
94.733 956.618
94.865 955.882
95.024 954.883
95.164 953.875
95.274 952.951
95.37 952.019
95.458 951.067
95.537 950.137
95.574 949.619
95.784 946.969
96.155 942.896
96.263 941.48
96.297 940.889
96.318 940.269
96.323 940.074
94.991 939.815
93.871 939.614
93.351 939.526
92.61 939.409
92.442 939.384
92.509 939.964
92.558 940.566
92.588 941.179
92.599 941.81
92.592 942.45
92.572 943.074
92.542 943.71
92.469 944.85
92.425 945.432
92.274 947.163
92.031 949.548
91.883 950.81
91.783 951.577
91.674 952.341
91.542 953.195
91.391 954.069
91.039 955.834
90.896 956.475
90.765 957.035
90.447 958.254
90.121 959.379
89.768 960.484
89.539 961.121
89.071 962.396
88.571 963.648
88.115 964.705
87.667 965.68
87.207 966.633
86.737 967.573
86.452 968.103
86.114 968.791
85.753 969.459
85.162 970.618
84.766 971.417
84.532 971.911
84.086 972.897
83.844 973.472
83.619 974.043
83.355 974.772
83.111 975.51
82.892 976.262
82.697 977.029
82.528 977.804
82.385 978.595
82.27 979.396
82.177 980.243
82.115 981.041
82.079 981.844
82.063 982.649
82.064 983.237
82.072 983.824
82.113 984.92
82.16 985.742
82.214 986.513
82.289 987.457
82.428 989.024
82.526 989.986
82.748 992.362
82.84 993.44
82.934 994.686
82.999 995.731
83.068 997.161
83.123 998.963
83.119 999.501
83.015 999.828
82.765 1000.16
82.446 1000.35
82.072 1000.43
80.671 1000.3
79.33 1000.23
78.72 1000.21
78.195 1000.2
77.86 1000.08
77.62 999.881
77.457 999.616
76.946 997.897
76.666 996.997
76.377 996.101
76.122 995.33
75.64 993.924
75.17 992.599
74.223 990.021
73.866 989.027
73.478 987.973
72.897 986.289
72.621 985.433
72.263 984.245
71.984 983.205
71.849 982.649
71.714 982.029
71.59 981.388
71.479 980.723
71.366 979.787
71.279 978.801
71.238 977.835
71.235 976.965
71.266 976.158
71.325 975.365
71.412 974.581
71.526 973.788
71.664 972.991
71.823 972.2
71.968 971.537
72.106 970.951
72.291 970.216
72.56 969.168
72.721 968.491
72.861 967.958
73.042 967.173
73.276 966.132
73.486 965.082
73.661 964.065
73.802 963.081
73.908 962.139
74.002 961
74.05 960.138
74.074 959.299
74.078 958.435
74.057 957.471
74.014 956.549
73.95 955.685
73.883 954.947
73.802 954.204
73.673 953.201
73.524 952.194
73.369 951.276
73.198 950.355
73.015 949.417
72.828 948.503
72.718 947.995
71.928 944.172
71.382 941.38
71.087 939.992
70.952 939.414
70.798 938.815
70.749 938.626
69.954 938.697
69.397 938.752
68.265 938.874
67.742 938.937
66.997 939.032
66.828 939.056
67.057 939.596
67.273 940.158
67.475 940.739
67.663 941.339
67.838 941.957
67.994 942.56
68.144 943.179
68.271 943.731
68.517 944.865
68.86 946.568
69.299 948.927
69.512 950.177
69.632 950.941
69.743 951.706
69.856 952.562
69.958 953.442
70.118 955.235
70.161 955.891
70.193 956.465
70.232 957.723
70.236 958.896
70.208 960.055
70.168 960.731
70.078 962.086
69.951 963.429
69.811 964.573
69.656 965.633
69.483 966.678
69.297 967.711
69.173 968.3
69.043 969.055
68.885 969.797
68.645 971.077
68.489 971.954
68.403 972.494
68.254 973.565
68.184 974.186
68.128 974.8
68.08 975.572
68.055 976.349
68.056 977.131
68.085 977.923
68.141 978.714
68.227 979.512
68.342 980.315
68.491 981.152
68.657 981.936
68.848 982.716
69.059 983.494
69.226 984.057
69.4 984.617
69.748 985.659
70.024 986.433
70.293 987.157
70.632 988.043
71.206 989.507
71.571 990.402
72.452 992.619
72.846 993.629
73.287 994.797
73.645 995.782
74.113 997.133
74.673 998.848
74.82 999.365
74.813 999.709
74.713 1000.01
74.469 1000.33
74.145 1000.53
72.657 1000.83
71.351 1001.14
70.584 1001.35
70.145 1001.43
69.772 1001.34
69.49 1001.15
69.131 1000.62
68.447 999.565
67.924 998.781
67.395 998.003
66.932 997.335
66.073 996.121
65.249 994.982
63.614 992.775
62.991 991.922
62.322 991.02
61.293 989.568
60.786 988.825
60.105 987.786
59.545 986.866
59.26 986.371
58.955 985.814
58.656 985.234
58.362 984.627
57.989 983.761
57.628 982.839
57.316 981.924
57.069 981.09
56.871 980.307
56.705 979.53
56.567 978.753
56.452 977.96
56.361 977.156
56.291 976.353
56.243 975.676
56.21 975.074
56.18 974.317
56.143 973.235
56.107 972.541
56.092 971.989
55.976 970.121
55.881 969.054
55.764 968.029
55.62 967.045
55.457 966.112
55.226 964.992
55.028 964.151
54.816 963.34
54.577 962.509
54.287 961.591
53.984 960.718
53.679 959.907
53.407 959.218
53.12 958.528
52.713 957.602
52.286 956.678
51.879 955.841
51.456 955.005
51.015 954.156
48.829 950.066
47.184 946.905
46.51 945.656
46.219 945.14
45.901 944.608
45.8 944.442
45.059 944.733
44.539 944.943
43.488 945.379
42.316 945.888
42.161 945.958
42.532 946.412
42.898 946.89
43.255 947.39
43.605 947.915
43.946 948.456
44.267 948.994
44.585 949.545
44.863 950.039
45.418 951.057
46.227 952.595
47.312 954.732
47.869 955.873
48.199 956.572
48.521 957.274
48.871 958.064
49.216 958.88
49.875 960.555
50.102 961.172
50.294 961.714
50.686 962.911
51.02 964.034
51.32 965.155
51.472 965.814
51.768 967.139
52.024 968.464
52.211 969.6
52.361 970.661
52.491 971.713
52.603 972.757
52.65 973.356
52.737 974.118
52.795 974.875
52.924 976.17
53.023 977.056
53.093 977.598
53.165 978.105
53.251 978.668
53.359 979.283
53.478 979.887
53.65 980.643
53.844 981.394
54.065 982.146
54.316 982.897
54.594 983.639
54.9 984.382
55.236 985.119
55.616 985.881
55.996 986.586
56.399 987.281
56.821 987.967
57.139 988.462
57.464 988.949
58.092 989.85
58.576 990.515
59.037 991.135
59.612 991.889
60.575 993.132
61.178 993.888
62.649 995.767
63.31 996.625
64.062 997.621
64.682 998.465
65.513 999.63
66.533 1001.12
66.82 1001.57
66.91 1001.9
66.876 1002.32
66.714 1002.65
66.443 1002.92
65.12 1003.61
63.955 1004.27
63.311 1004.67
62.915 1004.87
62.604 1004.9
62.302 1004.83
62.039 1004.66
60.76 1003.56
60.038 1002.96
59.312 1002.36
58.68 1001.85
57.514 1000.92
56.402 1000.06
54.212 998.407
53.373 997.764
52.478 997.087
51.852 996.597
51.08 995.983
50.384 995.414
49.439 994.608
48.642 993.884
48.229 993.489
47.78 993.04
47.329 992.568
46.877 992.068
46.276 991.343
45.67 990.559
45.113 989.77
44.638 989.039
44.228 988.344
43.85 987.644
43.499 986.938
43.166 986.208
42.851 985.463
42.557 984.712
42.321 984.076
42.12 983.508
41.878 982.791
41.537 981.763
41.308 981.107
41.137 980.582
40.865 979.824
40.5 978.823
40.109 977.825
39.707 976.876
39.291 975.972
38.872 975.122
38.335 974.112
37.908 973.361
37.476 972.642
37.013 971.913
36.475 971.114
35.939 970.361
35.417 969.669
34.963 969.085
34.493 968.503
33.842 967.729
33.172 966.964
32.546 966.275
31.904 965.591
31.242 964.901
28.359 961.972
25.524 959.024
24.526 958.015
24.1 957.602
23.645 957.182
23.502 957.049
22.433 957.886
21.547 958.601
21.141 958.937
20.566 959.42
20.437 959.53
20.921 959.861
21.408 960.217
21.891 960.596
22.374 961
22.854 961.424
23.312 961.85
23.774 962.289
24.18 962.685
24.998 963.505
25.572 964.094
26.207 964.753
27.851 966.497
28.707 967.436
29.221 968.013
29.728 968.596
30.286 969.255
30.848 969.941
31.951 971.364
32.343 971.892
32.68 972.357
33.393 973.394
34.03 974.378
34.634 975.369
34.965 975.958
35.622 977.146
36.241 978.345
36.741 979.383
37.184 980.359
37.604 981.331
38.006 982.301
38.22 982.863
38.519 983.57
38.788 984.279
39.277 985.487
39.62 986.307
39.84 986.81
40.293 987.792
40.571 988.353
40.854 988.896
41.232 989.573
41.63 990.24
42.054 990.898
42.507 991.548
42.982 992.183
43.486 992.808
44.016 993.422
44.594 994.045
45.159 994.614
45.74 995.168
46.339 995.707
46.783 996.092
47.233 996.468
48.089 997.155
48.74 997.658
49.358 998.122
50.121 998.684
51.396 999.605
52.187 1000.16
54.128 1001.55
55.004 1002.19
56.007 1002.93
56.84 1003.57
57.965 1004.45
59.362 1005.59
59.766 1005.95
59.945 1006.24
60.029 1006.64
59.968 1007.01
59.783 1007.35
58.677 1008.4
57.749 1009.38
57.27 1009.91
56.95 1010.21
56.587 1010.34
56.247 1010.33
55.659 1010.08
54.512 1009.56
53.648 1009.18
52.782 1008.81
52.032 1008.5
50.653 1007.95
49.344 1007.43
46.776 1006.46
45.79 1006.08
44.741 1005.68
43.088 1005.02
42.26 1004.67
41.126 1004.16
40.158 1003.69
39.65 1003.43
39.093 1003.12
38.528 1002.8
37.952 1002.44
37.172 1001.92
36.37 1001.34
35.612 1000.74
34.953 1000.17
34.363 999.616
33.803 999.052
33.268 998.473
32.742 997.867
32.231 997.241
31.738 996.603
31.329 996.059
30.976 995.571
29.928 994.06
29.521 993.496
29.211 993.04
28.736 992.389
28.102 991.532
27.446 990.685
26.793 989.887
26.141 989.136
25.499 988.439
24.698 987.622
24.077 987.021
23.461 986.453
22.81 985.884
22.069 985.269
21.342 984.698
20.646 984.18
20.046 983.748
19.432 983.322
18.589 982.763
17.73 982.217
16.935 981.733
16.128 981.258
15.299 980.782
14.486 980.325
14.03 980.075
11.706 978.784
8.155 976.754
6.913 976.068
6.388 975.791
5.833 975.515
5.658 975.429
4.869 976.533
4.22 977.469
3.925 977.905
3.51 978.53
3.417 978.673
4.541 979.058
5.112 979.286
5.69 979.538
6.27 979.809
6.829 980.088
7.395 980.38
7.896 980.645
8.912 981.202
10.425 982.058
12.493 983.269
13.579 983.928
14.235 984.337
14.885 984.754
15.606 985.23
16.338 985.729
17.799 986.783
18.323 987.179
18.777 987.53
19.754 988.326
20.642 989.09
21.5 989.87
21.985 990.344
22.95 991.299
23.882 992.275
24.653 993.129
25.353 993.94
26.03 994.754
26.69 995.572
27.053 996.05
27.539 996.644
27.997 997.252
28.806 998.271
29.367 998.963
29.719 999.381
30.431 1000.2
30.855 1000.65
31.28 1001.1
31.833 1001.64
32.404 1002.17
32.996 1002.68
33.613 1003.18
34.248 1003.65
34.907 1004.11
35.589 1004.55
36.32 1004.98
37.021 1005.37
37.736 1005.74
38.462 1006.09
38.997 1006.33
39.534 1006.57
40.549 1006.98
41.315 1007.28
42.038 1007.55
42.93 1007.88
44.412 1008.4
45.328 1008.71
47.581 1009.5
48.601 1009.86
49.773 1010.29
50.752 1010.67
52.08 1011.2
53.732 1011.9
54.232 1012.13
54.519 1012.41
54.68 1012.72
54.729 1013.02
54.692 1013.32
54.461 1013.78
53.857 1014.83
53.572 1015.36
55.77 1016.74
56.125 1016.96
