0.3
0.7
115
76.601 997.408
76.869 997.352
76.455 995.472
75.293 990.401
75.014 989.083
74.823 988.092
74.655 987.101
74.508 986.033
74.403 984.968
74.347 983.798
74.363 982.559
74.408 981.903
74.482 981.251
74.576 980.593
74.695 979.944
74.839 979.304
75.118 978.307
75.464 977.299
75.644 976.813
76.007 975.971
76.556 974.832
77.064 973.9
77.474 973.199
77.901 972.509
78.793 971.157
79.51 970.125
80.834 968.271
81.687 967.062
82.106 966.453
82.727 965.519
83.33 964.566
83.804 963.769
84.253 962.97
84.858 961.803
85.413 960.619
85.915 959.42
86.325 958.31
86.535 957.719
86.933 956.434
87.301 955.03
87.607 953.635
87.881 952.075
88.095 950.43
88.206 949.234
88.298 947.713
88.328 946.346
88.313 945.057
88.273 944.169
88.224 943.305
88.15 942.402
88.088 941.804
88.023 941.231
87.923 940.5
87.729 939.317
87.625 938.726
87.089 938.829
86.82 938.881
86.915 939.424
87.093 940.487
87.247 941.709
87.333 942.476
87.434 943.736
87.503 945.5
87.506 946.141
87.5 946.873
87.485 947.483
87.46 948.087
87.412 948.879
87.281 950.34
87.093 951.777
86.874 953.074
86.621 954.307
86.504 954.838
86.373 955.35
86.195 956.025
85.984 956.73
85.758 957.46
85.272 958.822
84.831 959.904
84.293 961.09
83.625 962.41
83.175 963.219
82.703 964.018
82.157 964.892
81.539 965.829
81.071 966.513
80.279 967.638
78.971 969.467
78.258 970.485
77.373 971.81
76.856 972.631
76.44 973.334
75.922 974.272
75.451 975.215
74.928 976.396
74.696 977.014
74.416 977.795
74.217 978.445
74.042 979.108
73.866 979.9
73.726 980.697
73.624 981.499
73.566 982.189
73.539 982.703
73.525 983.205
73.527 983.814
73.586 985.03
73.647 985.665
73.786 986.808
73.956 987.89
74.149 988.933
74.415 990.217
75.797 996.282
75.998 997.21
76.075 997.52
116
67.978 999.194
68.218 999.064
67.291 997.376
64.748 992.839
64.109 991.653
63.646 990.755
63.206 989.852
62.764 988.868
62.364 987.876
61.98 986.77
61.649 985.576
61.506 984.935
61.392 984.288
61.296 983.631
61.228 982.974
61.185 982.319
61.172 981.284
61.221 980.22
61.257 979.702
61.368 978.792
61.573 977.544
61.799 976.507
61.995 975.719
62.209 974.937
62.685 973.388
63.082 972.196
63.83 970.045
64.308 968.644
64.538 967.941
64.871 966.87
65.18 965.786
65.411 964.888
65.616 963.995
65.869 962.703
66.067 961.412
66.212 960.12
66.293 958.938
66.327 958.312
66.346 956.969
66.324 956.059
66.305 955.517
66.205 954.092
66.028 952.519
65.772 950.88
65.54 949.701
65.198 948.215
64.843 946.896
64.466 945.663
64.178 944.822
63.887 944.006
63.562 943.162
63.334 942.605
63.109 942.074
62.808 941.401
62.288 940.32
62.022 939.782
61.536 940.032
61.293 940.158
61.538 940.652
62.008 941.622
62.499 942.751
62.798 943.463
63.25 944.644
63.813 946.316
63.996 946.931
64.196 947.635
64.353 948.225
64.5 948.811
64.678 949.584
64.964 951.023
65.188 952.456
65.342 953.761
65.447 955.015
65.486 955.558
65.524 956.784
65.52 957.519
65.508 958.283
65.426 959.727
65.309 960.889
65.126 962.179
64.856 963.634
64.653 964.537
64.425 965.437
64.147 966.429
63.82 967.502
63.563 968.29
63.119 969.593
62.38 971.717
61.982 972.894
61.505 974.415
61.242 975.348
61.04 976.14
60.807 977.185
60.621 978.224
60.452 979.503
60.404 980.162
60.355 980.99
60.348 981.671
60.366 982.355
60.42 983.165
60.511 983.969
60.638 984.767
60.776 985.446
60.894 985.946
61.024 986.432
61.198 987.016
61.597 988.166
61.835 988.757
62.29 989.815
62.758 990.806
63.236 991.752
63.854 992.91
65.339 995.572
66.888 998.34
67.343 999.173
67.504 999.449
116
85.784 996.225
86.097 991.033
86.201 989.69
86.297 988.685
86.415 987.687
86.575 986.62
86.775 985.569
87.05 984.431
87.415 983.248
87.643 982.631
87.897 982.026
88.172 981.421
88.469 980.831
88.788 980.257
89.336 979.379
89.952 978.51
90.262 978.095
90.848 977.389
91.696 976.45
92.446 975.699
93.037 975.142
93.64 974.601
94.877 973.554
95.856 972.766
97.649 971.361
98.808 970.441
99.382 969.974
100.241 969.254
101.087 968.509
101.767 967.878
102.422 967.237
103.332 966.288
104.198 965.308
105.018 964.3
105.725 963.35
106.092 962.842
106.835 961.721
107.308 960.944
107.585 960.478
108.271 959.225
108.973 957.806
109.642 956.288
110.085 955.172
110.602 953.737
111.016 952.435
111.365 951.194
111.579 950.331
111.774 949.487
111.957 948.6
112.066 948.009
112.164 947.441
112.274 946.712
112.422 945.521
112.489 944.926
111.945 944.873
111.673 944.847
111.613 945.395
111.482 946.465
111.286 947.68
111.153 948.442
110.893 949.679
110.463 951.39
110.287 952.006
110.073 952.706
109.887 953.288
109.693 953.861
109.424 954.607
108.886 955.972
108.301 957.299
107.725 958.481
107.136 959.593
106.874 960.07
106.243 961.121
105.841 961.738
105.419 962.375
104.569 963.544
103.842 964.458
102.991 965.445
101.978 966.523
101.319 967.172
100.64 967.807
99.87 968.49
99.014 969.217
98.372 969.741
97.295 970.597
95.524 971.983
94.554 972.759
93.33 973.782
92.604 974.424
92.006 974.98
91.245 975.735
90.527 976.507
89.694 977.492
89.296 978.02
88.807 978.69
88.434 979.259
88.079 979.845
87.687 980.556
87.328 981.281
87.004 982.021
86.754 982.667
86.583 983.152
86.428 983.63
86.259 984.215
85.973 985.398
85.854 986.025
85.665 987.161
85.524 988.247
85.415 989.302
85.308 990.61
85.117 993.652
84.924 996.818
84.856 997.765
84.842 998.084
85.379 998.125
85.651 998.146
116
60.206 1003.34
60.4 1003.14
59.035 1001.79
55.317 998.148
54.37 997.191
53.673 996.46
52.996 995.717
52.295 994.898
51.631 994.059
50.951 993.105
50.297 992.054
49.98 991.478
49.688 990.889
49.411 990.286
49.16 989.675
48.935 989.058
48.631 988.069
48.378 987.034
48.266 986.528
48.117 985.623
47.963 984.367
47.886 983.309
47.852 982.498
47.838 981.687
47.857 980.067
47.903 978.811
48.014 976.536
48.078 975.058
48.101 974.318
48.119 973.197
48.11 972.07
48.078 971.143
48.024 970.228
47.902 968.918
47.728 967.623
47.503 966.342
47.248 965.186
47.106 964.575
46.744 963.281
46.467 962.415
46.296 961.9
45.799 960.561
45.186 959.101
44.477 957.601
43.924 956.535
43.177 955.206
42.465 954.04
41.755 952.963
41.243 952.237
40.733 951.537
40.183 950.818
39.807 950.348
39.442 949.902
38.963 949.341
38.16 948.45
37.754 948.009
37.358 948.386
37.16 948.574
37.534 948.979
38.258 949.778
39.048 950.723
39.536 951.322
40.302 952.328
41.313 953.774
41.662 954.311
42.052 954.931
42.369 955.452
42.675 955.974
43.064 956.666
43.743 957.966
44.363 959.276
44.878 960.486
45.332 961.66
45.522 962.17
45.904 963.335
46.106 964.042
46.311 964.778
46.639 966.187
46.853 967.335
47.042 968.625
47.193 970.096
47.252 971.019
47.287 971.948
47.3 972.978
47.287 974.1
47.264 974.928
47.205 976.303
47.094 978.55
47.044 979.791
47.016 981.384
47.025 982.354
47.055 983.171
47.127 984.239
47.239 985.288
47.438 986.563
47.576 987.209
47.764 988.017
47.949 988.672
48.159 989.324
48.439 990.086
48.752 990.832
49.1 991.562
49.423 992.174
49.678 992.621
49.939 993.05
50.27 993.561
50.977 994.553
51.372 995.053
52.107 995.94
52.836 996.758
53.561 997.531
54.48 998.468
56.654 1000.61
58.92 1002.82
59.592 1003.5
59.824 1003.71
117
94.522 999.577
96.286 994.684
96.764 993.424
97.139 992.486
97.534 991.562
97.987 990.584
98.475 989.632
99.06 988.617
99.744 987.585
100.136 987.057
100.551 986.547
100.985 986.045
101.436 985.563
101.903 985.101
102.677 984.414
103.513 983.754
103.928 983.442
104.689 982.931
105.767 982.268
106.697 981.759
107.421 981.391
108.153 981.042
109.634 980.387
110.796 979.906
112.912 979.062
114.283 978.507
114.965 978.221
115.993 977.77
117.014 977.295
117.844 976.881
118.654 976.45
119.794 975.796
120.901 975.1
121.972 974.363
122.917 973.651
123.414 973.268
124.442 972.401
125.114 971.789
125.511 971.42
126.523 970.411
127.596 969.247
128.666 967.979
129.406 967.033
130.306 965.802
131.07 964.669
131.755 963.577
132.202 962.809
132.627 962.054
133.053 961.255
133.324 960.718
133.578 960.201
133.889 959.533
134.366 958.432
134.599 957.879
134.091 957.676
133.838 957.574
133.625 958.082
133.199 959.073
132.668 960.184
132.326 960.877
131.728 961.991
130.833 963.511
130.49 964.053
130.088 964.664
129.745 965.169
129.398 965.664
128.93 966.305
128.029 967.463
127.095 968.571
126.209 969.542
125.33 970.443
124.944 970.828
124.558 971.187
124.043 971.659
123.484 972.137
122.899 972.629
121.754 973.512
120.799 974.185
119.704 974.892
118.429 975.64
117.613 976.077
116.784 976.495
115.853 976.935
114.826 977.39
114.062 977.712
112.788 978.23
110.698 979.062
109.548 979.532
108.086 980.168
107.209 980.58
106.478 980.946
105.536 981.455
104.629 981.993
103.552 982.704
103.022 983.098
102.364 983.604
101.845 984.044
101.34 984.507
100.763 985.078
100.214 985.673
99.695 986.291
99.273 986.841
98.972 987.258
98.69 987.673
98.362 988.187
97.754 989.242
97.464 989.81
96.962 990.847
96.52 991.849
96.119 992.83
95.648 994.055
94.607 996.92
93.53 999.903
93.198 1000.79
93.096 1001.1
93.598 1001.29
93.854 1001.38
115
53.917 1009.5
54.049 1009.26
52.356 1008.34
47.764 1005.9
46.585 1005.25
45.711 1004.74
44.852 1004.22
43.948 1003.63
43.075 1003.01
42.154 1002.29
41.23 1001.47
40.763 1001
40.318 1000.52
39.882 1000.02
39.47 999.504
39.079 998.976
38.509 998.113
37.975 997.191
37.725 996.736
37.327 995.91
36.825 994.749
36.453 993.755
36.192 992.986
35.949 992.213
35.512 990.653
35.202 989.435
34.668 987.22
34.314 985.785
34.126 985.068
33.828 983.987
33.502 982.908
33.211 982.028
32.9 981.166
32.415 979.943
31.883 978.749
31.306 977.584
30.736 976.546
30.427 976
29.715 974.86
29.205 974.108
28.896 973.662
28.042 972.517
27.042 971.289
25.94 970.05
25.108 969.182
24.018 968.116
23.005 967.199
22.022 966.366
21.325 965.813
20.639 965.285
19.909 964.75
19.416 964.406
18.94 964.08
18.322 963.676
17.3 963.048
16.786 962.74
16.513 963.213
16.376 963.45
16.849 963.733
17.769 964.295
18.793 964.979
19.43 965.416
20.447 966.166
21.825 967.268
22.312 967.685
22.86 968.169
23.312 968.581
23.752 968.995
24.32 969.55
25.338 970.606
26.301 971.69
27.137 972.704
27.903 973.702
28.229 974.139
28.924 975.149
29.722 976.419
30.433 977.679
30.962 978.719
31.506 979.903
32.066 981.273
32.383 982.142
32.678 983.023
32.98 984.007
33.285 985.088
33.494 985.89
33.826 987.225
34.352 989.411
34.654 990.616
35.076 992.155
35.358 993.081
35.617 993.857
35.986 994.862
36.391 995.836
36.94 997.003
37.255 997.585
37.662 998.307
38.024 998.884
38.41 999.45
38.893 1000.1
39.405 1000.73
39.942 1001.33
40.426 1001.83
40.796 1002.18
41.167 1002.52
41.629 1002.92
42.586 1003.67
43.106 1004.04
44.062 1004.68
44.991 1005.26
45.905 1005.8
47.051 1006.44
49.739 1007.88
52.539 1009.37
53.372 1009.83
53.657 1009.97
115
101.963 1005.25
105.034 1001.06
105.847 999.982
106.471 999.189
107.11 998.413
107.821 997.602
108.558 996.826
109.405 996.018
110.352 995.22
110.877 994.824
111.418 994.451
111.976 994.092
112.545 993.757
113.123 993.446
114.059 993.003
115.047 992.606
115.533 992.424
116.407 992.147
117.628 991.816
118.664 991.589
119.463 991.44
120.264 991.311
121.869 991.099
123.119 990.965
125.387 990.753
126.859 990.606
127.595 990.523
128.707 990.381
129.822 990.212
130.734 990.049
131.632 989.864
132.911 989.558
134.169 989.201
135.404 988.796
136.512 988.38
137.097 988.151
138.327 987.609
139.144 987.211
139.629 986.969
140.884 986.286
142.242 985.471
143.625 984.557
144.602 983.857
145.812 982.929
146.864 982.058
147.829 981.202
148.476 980.591
149.096 979.987
149.729 979.341
150.141 978.902
150.53 978.477
151.017 977.924
151.785 977.002
152.164 976.537
151.734 976.199
151.519 976.029
151.172 976.457
150.484 977.288
149.661 978.204
149.138 978.772
148.251 979.673
146.964 980.88
146.482 981.302
145.924 981.776
145.452 982.164
144.98 982.541
144.351 983.024
143.16 983.882
141.951 984.681
140.827 985.364
139.73 985.98
139.252 986.241
138.153 986.785
136.782 987.393
135.435 987.918
134.329 988.294
133.08 988.664
131.644 989.023
130.739 989.213
129.825 989.38
128.807 989.539
127.695 989.687
126.871 989.781
125.502 989.918
123.263 990.128
122.028 990.255
120.446 990.454
119.488 990.601
118.684 990.747
117.636 990.97
116.614 991.231
115.38 991.609
114.76 991.838
113.986 992.138
113.365 992.414
112.749 992.715
112.036 993.101
111.341 993.518
110.669 993.965
110.109 994.373
109.702 994.688
109.315 995.008
108.856 995.408
107.975 996.249
107.536 996.712
106.763 997.565
106.057 998.402
105.395 999.23
104.599 1000.27
102.793 1002.73
100.919 1005.29
100.35 1006.05
100.167 1006.31
100.595 1006.63
100.813 1006.8
92
66.921 1023.07
67.166 1022.56
67.631 1021.73
68.13 1020.97
68.683 1020.24
69.287 1019.56
69.938 1018.92
70.634 1018.33
71.37 1017.79
72.143 1017.3
72.949 1016.88
73.784 1016.51
74.643 1016.2
75.522 1015.95
76.416 1015.77
77.321 1015.65
78.232 1015.6
79.144 1015.61
80.053 1015.69
80.955 1015.84
81.843 1016.05
82.714 1016.32
83.563 1016.65
84.386 1017.05
85.179 1017.5
85.937 1018.01
86.657 1018.57
87.334 1019.18
87.966 1019.84
88.549 1020.54
89.079 1021.28
89.429 1021.83
89.545 1022.03
101.796 1009.86
102.006 1009.65
101.2 1008.7
100.197 1007.59
99.826 1007.2
98.851 1006.26
97.731 1005.27
96.564 1004.35
95.527 1003.6
95.012 1003.26
94.097 1002.67
93.541 1002.34
92.909 1001.99
92.446 1001.74
91.602 1001.31
91.11 1001.08
90.118 1000.64
88.729 1000.1
87.315 999.624
86.467 999.374
85.314 999.08
84.491 998.906
82.958 998.633
81.479 998.449
79.992 998.338
78.502 998.302
77.191 998.327
76.659 998.353
75.531 998.448
74.046 998.634
73.246 998.765
72.181 998.968
70.732 999.318
69.301 999.74
68.81 999.906
68.041 1000.18
66.792 1000.68
66.144 1000.96
65.485 1001.27
64.801 1001.61
63.843 1002.12
62.561 1002.88
61.319 1003.7
60.309 1004.44
59.798 1004.84
58.964 1005.53
58.364 1006.06
57.857 1006.53
57.211 1007.16
56.802 1007.58
55.8 1008.69
54.855 1009.84
53.977 1011.02
53.142 1012.28
52.69 1013.01
52.378 1013.56
52.116 1014.01
51.905 1014.4
66.682 1023.63
19
78.095 1010.82
77.675 1010.64
77.263 1010.28
76.999 1009.8
76.917 1009.25
76.973 1008.89
77.147 1008.47
77.51 1008.06
77.992 1007.79
78.535 1007.71
79.073 1007.82
79.542 1008.1
79.885 1008.53
80.06 1009.05
80.047 1009.6
79.848 1010.11
79.485 1010.52
79.003 1010.79
78.46 1010.87
20
64.794 1016.41
64.361 1016.27
63.918 1015.95
63.614 1015.49
63.485 1014.96
63.491 1014.68
63.579 1014.32
63.789 1013.92
64.186 1013.54
64.689 1013.32
65.237 1013.28
65.764 1013.44
66.206 1013.76
66.511 1014.22
66.64 1014.75
66.616 1015.12
66.479 1015.56
66.154 1016
65.696 1016.3
65.163 1016.43
19
91.664 1016.41
91.231 1016.27
90.788 1015.95
90.484 1015.49
90.355 1014.96
90.415 1014.41
90.659 1013.92
91.056 1013.54
91.559 1013.32
92.107 1013.28
92.634 1013.44
93.076 1013.76
93.381 1014.22
93.51 1014.75
93.486 1015.12
93.349 1015.56
93.024 1016
92.567 1016.3
92.033 1016.43
