0.3
0.7
190
66.753 991.991
67.88 991.918
69.005 991.808
70.126 991.661
71.241 991.475
72.348 991.252
73.448 990.993
74.539 990.696
75.619 990.364
76.687 989.995
77.743 989.59
78.784 989.151
79.81 988.677
80.819 988.168
81.502 987.797
82.481 987.233
83.441 986.637
84.38 986.008
85.297 985.349
86.192 984.659
87.063 983.939
87.911 983.19
88.732 982.414
89.526 981.611
90.293 980.781
91.033 979.926
91.742 979.046
92.423 978.144
93.072 977.219
93.69 976.273
94.276 975.307
94.829 974.321
95.35 973.317
95.836 972.298
96.288 971.26
96.704 970.209
97.085 969.145
97.431 968.069
97.643 967.322
97.928 966.229
98.175 965.126
98.385 964.016
98.559 962.899
98.694 961.777
98.792 960.652
98.852 959.522
98.874 958.393
98.858 957.263
98.805 956.134
98.713 955.007
98.584 953.885
98.417 952.767
98.213 951.656
97.972 950.551
97.694 949.456
97.379 948.371
97.029 947.296
96.642 946.234
96.22 945.186
95.763 944.152
95.272 943.134
94.899 942.419
94.365 941.457
93.784 940.487
93.171 939.538
92.527 938.609
91.852 937.703
91.147 936.82
90.413 935.961
89.651 935.127
88.86 934.319
88.043 933.538
87.201 932.784
86.334 932.06
85.443 931.365
84.529 930.7
83.593 930.066
82.637 929.464
81.661 928.894
80.666 928.357
79.655 927.854
78.626 927.385
77.581 926.951
76.523 926.552
75.454 926.189
74.711 925.964
73.622 925.661
72.523 925.395
71.417 925.166
70.303 924.974
69.184 924.82
68.059 924.704
66.932 924.625
65.803 924.583
64.673 924.58
63.543 924.615
62.416 924.688
61.291 924.798
60.17 924.945
59.055 925.131
57.947 925.354
56.848 925.613
55.756 925.91
54.676 926.242
53.609 926.611
52.553 927.016
51.512 927.455
50.486 927.929
49.477 928.438
48.794 928.809
47.815 929.373
46.855 929.969
45.916 930.598
44.999 931.257
44.104 931.947
43.232 932.667
42.385 933.416
41.564 934.192
40.77 934.995
40.002 935.825
39.263 936.68
38.553 937.56
37.873 938.462
37.224 939.387
36.606 940.333
36.02 941.299
35.467 942.285
34.946 943.289
34.46 944.308
34.008 945.346
33.592 946.397
33.211 947.461
32.865 948.537
32.652 949.284
32.368 950.377
32.121 951.48
31.911 952.59
31.737 953.707
31.602 954.829
31.504 955.954
31.444 957.084
31.422 958.213
31.438 959.343
31.491 960.472
31.583 961.599
31.712 962.721
31.879 963.839
32.083 964.95
32.324 966.055
32.602 967.15
32.917 968.235
33.267 969.31
33.654 970.372
34.076 971.42
34.532 972.454
35.024 973.472
35.55 974.472
35.931 975.149
36.512 976.119
37.125 977.068
37.769 977.997
38.444 978.903
39.149 979.786
39.883 980.645
40.645 981.479
41.435 982.287
42.252 983.068
43.095 983.822
43.962 984.546
44.853 985.241
45.767 985.906
46.703 986.54
47.659 987.142
48.635 987.712
49.63 988.249
50.641 988.752
51.67 989.221
52.715 989.655
53.773 990.054
54.842 990.417
55.585 990.642
56.674 990.945
57.772 991.211
58.879 991.44
59.993 991.632
61.112 991.786
62.237 991.902
63.363 991.981
64.493 992.023
65.623 992.026
167
64.197 984.632
63.517 984.602
62.511 984.52
61.509 984.399
60.512 984.241
59.521 984.044
58.539 983.809
57.567 983.538
56.606 983.229
55.657 982.883
54.723 982.501
53.803 982.084
52.9 981.631
52.016 981.146
51.15 980.625
50.306 980.072
49.483 979.488
48.682 978.872
47.907 978.226
47.156 977.551
46.432 976.847
45.736 976.116
45.067 975.359
44.429 974.577
43.821 973.772
43.244 972.943
42.7 972.092
42.188 971.223
41.558 970.041
41.125 969.128
40.728 968.2
40.367 967.257
40.042 966.301
39.754 965.333
39.504 964.355
39.291 963.368
39.115 962.374
38.979 961.373
38.881 960.369
38.821 959.361
38.8 958.351
38.817 957.342
38.874 956.334
38.969 955.329
39.102 954.328
39.273 953.333
39.483 952.346
39.731 951.367
40.015 950.398
40.337 949.441
40.695 948.497
41.088 947.567
41.517 946.654
41.981 945.757
42.48 944.879
42.823 944.316
43.188 943.742
43.762 942.911
44.367 942.104
45.003 941.319
45.669 940.56
46.363 939.827
47.085 939.12
47.833 938.442
48.607 937.794
49.404 937.175
50.225 936.587
51.068 936.032
51.932 935.509
52.815 935.019
53.716 934.564
54.634 934.144
55.567 933.759
56.515 933.41
57.475 933.098
58.446 932.823
59.427 932.585
60.417 932.385
61.413 932.223
62.415 932.099
63.421 932.014
64.43 931.967
65.439 931.959
66.099 931.974
66.778 932.004
67.785 932.086
68.787 932.207
69.784 932.365
70.775 932.562
71.757 932.797
72.729 933.068
73.69 933.377
74.639 933.723
75.573 934.105
76.493 934.522
77.396 934.975
78.28 935.46
79.145 935.981
79.99 936.534
80.813 937.118
81.613 937.734
82.389 938.38
83.139 939.055
83.864 939.759
84.56 940.49
85.228 941.247
85.867 942.029
86.475 942.834
87.052 943.663
87.596 944.514
88.108 945.383
88.424 945.962
88.738 946.565
89.171 947.478
89.568 948.406
89.929 949.349
90.254 950.305
90.541 951.273
90.792 952.251
91.005 953.238
91.18 954.232
91.317 955.233
91.415 956.237
91.475 957.245
91.496 958.255
91.479 959.264
91.422 960.272
91.327 961.277
91.194 962.278
91.023 963.273
90.813 964.26
90.565 965.239
90.281 966.208
89.959 967.165
89.601 968.109
89.207 969.039
88.778 969.952
88.314 970.849
87.816 971.727
87.473 972.29
87.108 972.864
86.534 973.695
85.929 974.502
85.293 975.287
84.627 976.046
83.933 976.779
83.211 977.486
82.463 978.164
81.689 978.812
80.891 979.431
80.07 980.019
79.227 980.574
78.364 981.097
77.481 981.587
76.58 982.042
75.662 982.462
74.728 982.847
73.781 983.196
72.821 983.508
71.85 983.783
70.869 984.021
69.879 984.221
68.882 984.383
67.881 984.507
66.875 984.592
65.866 984.639
64.857 984.647
351
66.893 1018.77
68.358 1018.71
69.82 1018.62
71.28 1018.49
72.736 1018.32
74.189 1018.12
75.635 1017.88
77.076 1017.61
78.509 1017.31
78.933 1017.21
79.864 1011.49
80.038 1010.86
80.345 1010.28
80.769 1009.78
81.291 1009.39
81.886 1009.12
82.675 1008.85
83.79 1008.45
84.896 1008.02
85.991 1007.57
86.622 1007.33
87.264 1007.2
87.918 1007.22
88.551 1007.38
89.135 1007.68
90.728 1008.95
93.893 1011.54
94.796 1011.04
96.064 1010.3
97.315 1009.54
98.547 1008.74
99.76 1007.92
100.951 1007.07
102.122 1006.18
103.272 1005.27
104.398 1004.34
104.73 1004.06
102.893 998.555
102.755 997.916
102.758 997.263
102.903 996.625
103.183 996.034
103.583 995.518
104.157 994.913
104.958 994.04
105.739 993.15
106.501 992.242
106.944 991.73
107.456 991.323
108.043 991.037
108.679 990.884
109.332 990.873
111.337 991.264
115.34 992.082
115.906 991.219
116.689 989.979
117.441 988.721
118.162 987.445
118.853 986.152
119.512 984.842
120.139 983.517
120.734 982.178
121.296 980.824
121.46 980.422
117.276 976.403
116.856 975.902
116.556 975.322
116.388 974.69
116.361 974.037
116.476 973.393
116.702 972.59
117.005 971.446
117.284 970.294
117.536 969.137
117.691 968.477
117.955 967.879
118.342 967.353
118.834 966.923
119.407 966.609
121.365 966.024
125.289 964.887
125.388 963.86
125.505 962.399
125.587 960.935
125.633 959.47
125.643 958.004
125.618 956.538
125.558 955.073
125.462 953.611
125.331 952.151
125.289 951.719
119.716 950.105
119.112 949.856
118.576 949.482
118.134 949.001
117.806 948.435
117.609 947.812
117.437 946.996
117.173 945.841
116.885 944.693
116.571 943.55
116.401 942.894
116.356 942.242
116.454 941.596
116.69 940.986
117.052 940.442
118.513 939.014
121.46 936.184
121.056 935.192
120.457 933.794
119.824 932.411
119.155 931.045
118.453 929.696
117.76 928.441
117.057 927.234
116.326 926.043
115.567 924.87
115.34 924.524
109.656 925.685
109.005 925.745
108.357 925.663
107.742 925.442
107.189 925.094
106.725 924.634
106.193 923.991
105.423 923.091
104.633 922.208
103.824 921.343
103.369 920.841
103.027 920.284
102.813 919.666
102.739 919.017
102.807 918.367
103.436 916.423
104.73 912.548
103.942 911.883
102.805 910.956
101.647 910.057
100.468 909.188
99.267 908.347
98.047 907.534
96.807 906.752
95.549 906
94.272 905.279
93.893 905.068
89.399 908.737
88.851 909.093
88.239 909.321
87.592 909.412
86.94 909.36
86.315 909.169
85.546 908.847
84.445 908.408
83.336 907.993
82.218 907.602
81.581 907.37
81.02 907.036
80.544 906.588
80.176 906.047
79.934 905.44
79.589 903.427
78.933 899.394
77.926 899.172
76.489 898.879
75.046 898.622
73.596 898.4
72.143 898.212
70.685 898.061
69.224 897.944
67.76 897.863
66.295 897.817
65.861 897.807
63.587 903.144
63.267 903.714
62.831 904.201
62.3 904.582
61.699 904.839
61.057 904.96
60.226 905.033
59.048 905.155
57.873 905.303
56.701 905.477
56.029 905.567
55.376 905.532
54.747 905.357
54.17 905.049
53.674 904.624
52.432 903.002
49.978 899.736
48.982 900.007
47.574 900.415
46.177 900.858
44.79 901.335
43.417 901.845
42.055 902.388
40.707 902.964
39.373 903.572
38.055 904.213
37.666 904.405
38.132 910.188
38.114 910.841
37.954 911.475
37.661 912.059
37.248 912.566
36.735 912.971
36.034 913.422
35.047 914.077
34.075 914.755
33.119 915.453
32.566 915.845
31.972 916.118
31.333 916.255
30.679 916.251
30.042 916.105
28.189 915.246
24.498 913.494
23.742 914.197
22.686 915.213
21.654 916.254
20.648 917.32
19.668 918.411
18.715 919.524
17.789 920.661
16.89 921.819
16.021 922.999
15.766 923.35
18.867 928.254
19.154 928.841
19.307 929.476
19.319 930.13
19.189 930.77
18.923 931.368
18.511 932.093
17.942 933.132
17.397 934.183
16.874 935.246
16.567 935.85
16.167 936.367
15.665 936.786
15.085 937.086
14.453 937.253
12.412 937.352
8.33 937.518
7.988 938.492
7.524 939.882
7.095 941.283
6.7 942.695
6.339 944.116
6.013 945.545
5.72 946.981
5.464 948.424
5.242 949.874
5.179 950.303
10.203 953.204
10.73 953.59
11.161 954.082
11.475 954.655
11.658 955.282
11.7 955.935
11.673 956.768
11.652 957.952
11.657 959.137
11.688 960.321
11.697 960.999
11.584 961.642
11.334 962.246
10.959 962.782
10.477 963.223
8.717 964.26
5.179 966.303
5.328 967.325
5.564 968.771
5.836 970.211
6.141 971.645
6.482 973.071
6.857 974.488
7.266 975.895
7.71 977.292
8.186 978.679
8.33 979.088
14.127 979.322
14.773 979.419
15.383 979.654
15.928 980.016
16.381 980.486
16.722 981.044
17.085 981.795
17.616 982.854
18.172 983.9
18.75 984.933
19.072 985.53
19.271 986.152
19.331 986.803
19.248 987.452
19.026 988.067
17.95 989.803
15.766 993.256
16.372 994.091
17.254 995.262
18.163 996.412
19.1 997.538
20.064 998.643
21.055 999.723
22.072 1000.78
23.113 1001.81
24.18 1002.82
24.498 1003.11
29.739 1000.62
30.357 1000.41
31.006 1000.34
31.656 1000.4
32.276 1000.61
32.837 1000.94
33.507 1001.44
34.47 1002.13
35.448 1002.8
36.44 1003.45
37.003 1003.82
37.468 1004.28
37.823 1004.83
38.051 1005.44
38.141 1006.09
37.995 1008.13
37.666 1012.2
38.591 1012.66
39.916 1013.29
41.255 1013.88
42.609 1014.44
43.975 1014.97
45.355 1015.47
46.745 1015.93
48.147 1016.36
49.559 1016.76
49.978 1016.87
53.463 1012.23
53.91 1011.76
54.45 1011.39
55.057 1011.14
55.702 1011.04
56.354 1011.08
57.178 1011.2
58.351 1011.37
59.528 1011.5
60.708 1011.62
61.381 1011.69
62.007 1011.88
62.576 1012.2
63.062 1012.64
63.443 1013.17
64.259 1015.04
65.861 1018.8
20
71.598 903.856
71.138 903.673
70.758 903.357
70.494 902.939
70.372 902.46
70.404 901.966
70.587 901.506
70.903 901.126
71.321 900.862
71.801 900.74
72.294 900.772
72.754 900.955
73.134 901.271
73.398 901.689
73.52 902.169
73.488 902.662
73.305 903.122
72.989 903.502
72.571 903.767
72.091 903.889
20
44.581 907.044
44.152 906.796
43.822 906.428
43.621 905.976
43.569 905.484
43.672 905.001
43.92 904.572
44.288 904.242
44.74 904.041
45.232 903.989
45.715 904.092
46.144 904.34
46.474 904.708
46.675 905.16
46.727 905.652
46.624 906.136
46.376 906.564
46.008 906.895
45.556 907.095
45.064 907.147
220
63.154 1007.32
61.675 1007.24
60.282 1007.12
58.892 1006.96
57.506 1006.76
56.127 1006.52
54.756 1006.25
53.393 1005.93
52.012 1005.57
50.681 1005.18
49.349 1004.75
48.056 1004.28
46.776 1003.79
45.433 1003.22
44.217 1002.67
42.913 1002.03
41.675 1001.38
40.456 1000.69
39.257 999.97
38.08 999.214
36.924 998.426
35.791 997.604
34.682 996.751
33.567 995.843
32.511 994.927
31.481 993.983
30.495 993.025
29.572 992.078
28.564 990.985
27.731 990.026
26.747 988.831
25.894 987.724
25.073 986.596
24.283 985.443
23.528 984.268
22.805 983.073
22.117 981.858
21.447 980.59
20.826 979.331
20.243 978.053
19.7 976.769
19.198 975.482
18.722 974.152
18.286 972.808
17.916 971.553
17.537 970.121
17.219 968.759
16.941 967.388
16.701 966.009
16.501 964.625
16.341 963.235
16.219 961.84
16.137 960.416
16.097 959.03
16.097 957.629
16.134 956.257
16.211 954.886
16.334 953.435
16.488 952.087
16.69 950.669
16.927 949.291
17.204 947.919
17.519 946.556
17.874 945.202
18.267 943.859
18.698 942.528
19.167 941.209
19.687 939.868
20.231 938.58
20.81 937.31
21.416 936.075
22.032 934.905
22.761 933.609
23.447 932.467
24.256 931.205
25.045 930.05
25.866 928.917
26.721 927.809
27.606 926.725
28.522 925.668
29.468 924.636
30.443 923.633
31.454 922.649
32.489 921.699
33.541 920.785
34.57 919.943
35.741 919.037
36.801 918.267
37.902 917.511
39.195 916.675
40.393 915.951
41.611 915.262
42.848 914.608
44.103 913.99
45.375 913.408
46.664 912.863
47.991 912.345
49.3 911.877
50.632 911.444
51.947 911.056
53.276 910.706
54.694 910.374
56.055 910.097
57.323 909.877
58.819 909.657
60.208 909.497
61.602 909.376
63 909.294
64.398 909.253
65.797 909.252
67.196 909.291
68.633 909.371
70.025 909.49
71.412 909.648
72.773 909.843
74.076 910.067
75.535 910.36
76.862 910.666
78.284 911.038
79.626 911.432
80.956 911.864
82.274 912.334
83.579 912.84
84.868 913.385
86.141 913.966
87.397 914.582
88.644 915.24
89.868 915.931
91.063 916.65
92.181 917.369
93.404 918.202
94.447 918.959
95.559 919.812
96.719 920.756
97.777 921.672
98.808 922.618
99.813 923.592
100.789 924.595
101.735 925.625
102.653 926.681
103.557 927.785
104.404 928.884
105.227 930.016
106.002 931.148
106.747 932.303
107.501 933.55
108.113 934.633
108.785 935.894
109.467 937.271
110.048 938.542
110.592 939.828
111.099 941.128
111.57 942.443
112.002 943.771
112.397 945.11
112.762 946.496
113.079 947.858
113.357 949.225
113.592 950.581
113.79 951.945
113.955 953.366
114.075 954.747
114.159 956.19
114.199 957.588
114.199 958.988
114.16 960.387
114.081 961.783
113.961 963.177
113.802 964.567
113.604 965.953
113.364 967.342
113.085 968.72
112.771 970.077
112.433 971.364
112.018 972.784
111.621 974.009
111.148 975.346
110.613 976.727
110.069 978.016
109.489 979.289
108.872 980.545
108.22 981.783
107.533 983.001
106.811 984.201
106.04 985.401
105.258 986.546
104.435 987.68
103.598 988.767
102.73 989.832
101.778 990.933
100.921 991.869
99.864 992.962
98.862 993.938
97.832 994.885
96.776 995.802
95.692 996.689
94.585 997.545
93.454 998.368
92.3 999.158
91.09 999.938
89.894 1000.66
88.679 1001.35
87.462 1001.99
86.227 1002.6
84.904 1003.21
83.65 1003.74
82.303 1004.26
80.985 1004.73
79.654 1005.16
78.313 1005.56
76.959 1005.92
75.596 1006.23
74.225 1006.51
72.847 1006.75
71.45 1006.95
70.055 1007.11
68.665 1007.23
67.338 1007.31
65.858 1007.35
64.525 1007.36
20
96.584 913.348
96.162 913.09
95.84 912.715
95.65 912.258
95.61 911.765
95.725 911.284
95.983 910.862
96.359 910.54
96.815 910.35
97.308 910.31
97.79 910.425
98.212 910.683
98.533 911.059
98.723 911.515
98.763 912.008
98.648 912.49
98.39 912.912
98.015 913.233
97.558 913.423
97.065 913.463
20
22.621 922.453
22.157 922.281
21.769 921.974
21.495 921.563
21.361 921.086
21.382 920.592
21.554 920.128
21.86 919.74
22.272 919.466
22.748 919.333
23.243 919.353
23.706 919.525
24.094 919.832
24.369 920.243
24.502 920.72
24.482 921.214
24.31 921.678
24.003 922.066
23.591 922.34
23.115 922.473
20
114.702 933.626
114.247 933.432
113.875 933.106
113.621 932.682
113.51 932.2
113.554 931.707
113.748 931.252
114.074 930.879
114.498 930.625
114.98 930.515
115.473 930.559
115.928 930.753
116.301 931.079
116.555 931.503
116.665 931.985
116.621 932.478
116.427 932.933
116.102 933.306
115.677 933.559
115.195 933.67
20
9.855 946.295
9.421 946.058
9.082 945.698
8.87 945.251
8.806 944.76
8.898 944.274
9.135 943.84
9.495 943.5
9.942 943.289
10.432 943.225
10.918 943.317
11.352 943.554
11.692 943.914
11.904 944.361
11.967 944.851
11.876 945.337
11.639 945.771
11.279 946.111
10.832 946.323
10.341 946.386
20
120.91 959.749
120.494 959.481
120.181 959.098
120.003 958.637
119.975 958.143
120.101 957.665
120.369 957.249
120.753 956.936
121.214 956.758
121.708 956.73
122.186 956.856
122.602 957.124
122.914 957.508
123.093 957.969
123.121 958.463
122.994 958.941
122.726 959.357
122.343 959.669
121.882 959.848
121.388 959.876
20
10.114 973.358
9.646 973.197
9.25 972.9
8.966 972.495
8.821 972.022
8.83 971.527
8.99 971.059
9.288 970.664
9.693 970.38
10.166 970.235
10.66 970.243
11.128 970.404
11.523 970.701
11.807 971.106
11.952 971.579
11.944 972.074
11.783 972.542
11.486 972.937
11.081 973.221
10.608 973.366
20
114.665 986.037
114.215 985.832
113.851 985.498
113.607 985.067
113.508 984.582
113.564 984.091
113.769 983.641
114.103 983.276
114.534 983.032
115.019 982.934
115.51 982.99
115.96 983.195
116.325 983.529
116.569 983.959
116.667 984.444
116.611 984.936
116.406 985.386
116.072 985.75
115.642 985.994
115.157 986.093
20
22.437 997.205
21.997 996.978
21.649 996.627
21.426 996.185
21.351 995.696
21.431 995.208
21.657 994.768
22.009 994.42
22.45 994.197
22.939 994.122
23.427 994.202
23.867 994.428
24.215 994.78
24.438 995.222
24.513 995.71
24.433 996.199
24.207 996.638
23.855 996.987
23.414 997.209
22.925 997.284
20
96.514 1006.15
96.105 1005.87
95.802 1005.48
95.634 1005.02
95.618 1004.52
95.756 1004.05
96.034 1003.64
96.425 1003.33
96.89 1003.17
97.385 1003.15
97.86 1003.29
98.269 1003.57
98.572 1003.96
98.74 1004.42
98.755 1004.92
98.618 1005.39
98.34 1005.8
97.949 1006.1
97.484 1006.27
96.989 1006.29
20
44.441 1012.45
44.039 1012.16
43.745 1011.77
43.589 1011.3
43.585 1010.8
43.734 1010.33
44.022 1009.93
44.42 1009.63
44.889 1009.48
45.384 1009.48
45.856 1009.62
46.258 1009.91
46.552 1010.31
46.708 1010.78
46.712 1011.27
46.562 1011.75
46.275 1012.15
45.877 1012.44
45.407 1012.6
44.913 1012.6
20
71.487 1015.8
71.042 1015.59
70.686 1015.25
70.453 1014.81
70.366 1014.32
70.433 1013.83
70.649 1013.39
70.992 1013.03
71.428 1012.8
71.915 1012.71
72.405 1012.78
72.85 1013
73.207 1013.34
73.44 1013.77
73.527 1014.26
73.459 1014.75
73.243 1015.2
72.9 1015.55
72.464 1015.79
71.977 1015.87
