0.3
0.7
162
66.449 984.846
67.477 984.775
68.501 984.665
69.521 984.515
70.534 984.325
71.539 984.097
72.534 983.83
73.519 983.524
74.49 983.181
75.447 982.8
76.39 982.382
77.315 981.927
78.222 981.438
79.109 980.914
79.975 980.356
80.819 979.764
81.64 979.14
82.435 978.485
83.205 977.799
83.947 977.085
84.661 976.342
85.346 975.571
86.001 974.775
86.624 973.955
87.214 973.11
87.772 972.243
88.296 971.355
88.784 970.448
89.237 969.522
89.655 968.58
90.034 967.622
90.377 966.65
90.681 965.666
90.948 964.67
91.175 963.664
91.363 962.651
91.512 961.631
91.622 960.607
91.692 959.578
91.721 958.548
91.71 957.517
91.66 956.488
91.569 955.462
91.439 954.439
91.27 953.423
91.061 952.414
90.813 951.413
90.527 950.423
90.202 949.445
89.84 948.48
89.44 947.53
89.004 946.597
88.533 945.68
88.025 944.783
87.484 943.906
86.909 943.05
86.301 942.218
85.661 941.41
84.991 940.628
84.291 939.871
83.562 939.143
82.805 938.443
82.022 937.773
81.213 937.135
80.38 936.528
79.524 935.954
78.647 935.413
77.749 934.907
76.832 934.435
75.898 934.001
74.947 933.602
73.982 933.24
73.004 932.917
72.013 932.631
71.013 932.384
70.004 932.176
68.987 932.008
67.964 931.879
66.938 931.789
65.908 931.74
64.877 931.731
63.847 931.76
62.819 931.831
61.795 931.941
60.775 932.091
59.762 932.281
58.757 932.509
57.762 932.776
56.777 933.082
55.806 933.425
54.848 933.806
53.906 934.224
52.981 934.679
52.074 935.168
51.187 935.692
50.321 936.25
49.477 936.842
48.656 937.466
47.861 938.121
47.091 938.807
46.349 939.521
45.634 940.264
44.949 941.035
44.295 941.831
43.672 942.651
43.081 943.496
42.524 944.363
42 945.251
41.512 946.158
41.058 947.084
40.641 948.026
40.262 948.984
39.919 949.956
39.614 950.94
39.348 951.936
39.121 952.942
38.932 953.955
38.784 954.975
38.674 955.999
38.604 957.028
38.575 958.058
38.586 959.089
38.636 960.118
38.727 961.144
38.857 962.167
39.026 963.183
39.235 964.192
39.482 965.193
39.769 966.183
40.093 967.161
40.456 968.126
40.856 969.076
41.292 970.009
41.763 970.926
42.271 971.823
42.812 972.7
43.387 973.556
43.995 974.388
44.635 975.196
45.305 975.978
46.005 976.735
46.734 977.463
47.491 978.163
48.274 978.833
49.083 979.471
49.916 980.078
50.772 980.652
51.649 981.193
52.546 981.699
53.464 982.171
54.398 982.605
55.349 983.004
56.314 983.366
57.292 983.689
58.283 983.975
59.282 984.222
60.292 984.43
61.309 984.598
62.332 984.727
63.358 984.817
64.388 984.866
65.418 984.875
144
64.662 978.873
63.766 978.833
62.871 978.753
61.982 978.634
61.098 978.477
60.222 978.281
59.355 978.047
58.499 977.775
57.656 977.467
56.827 977.122
56.014 976.741
55.219 976.325
54.442 975.875
53.686 975.391
52.951 974.875
52.24 974.327
51.554 973.749
50.893 973.141
50.259 972.505
49.654 971.842
49.078 971.154
48.533 970.44
48.019 969.704
47.538 968.946
47.091 968.168
46.677 967.371
46.3 966.556
45.957 965.726
45.652 964.882
45.384 964.026
45.153 963.158
44.96 962.281
44.806 961.397
44.69 960.507
44.613 959.612
44.576 958.715
44.577 957.817
44.618 956.921
44.698 956.026
44.817 955.137
44.974 954.253
45.17 953.377
45.404 952.51
45.676 951.654
45.984 950.811
46.329 949.982
46.71 949.17
47.126 948.374
47.576 947.597
48.06 946.841
48.576 946.107
49.124 945.395
49.702 944.709
50.31 944.048
50.946 943.414
51.609 942.809
52.297 942.233
53.011 941.688
53.747 941.174
54.505 940.693
55.283 940.246
56.08 939.833
56.894 939.455
57.725 939.113
58.569 938.807
59.425 938.539
60.293 938.308
61.17 938.115
62.054 937.961
62.944 937.845
63.839 937.768
64.736 937.731
65.633 937.733
66.53 937.773
67.424 937.853
68.314 937.972
69.198 938.129
70.074 938.325
70.941 938.559
71.797 938.831
72.64 939.139
73.468 939.484
74.281 939.865
75.077 940.281
75.854 940.731
76.61 941.215
77.344 941.731
78.056 942.279
78.742 942.857
79.403 943.465
80.037 944.101
80.642 944.764
81.218 945.452
81.763 946.166
82.277 946.902
82.758 947.66
83.205 948.438
83.618 949.235
83.996 950.05
84.338 950.88
84.644 951.724
84.912 952.58
85.143 953.448
85.336 954.325
85.49 955.209
85.606 956.099
85.682 956.994
85.72 957.891
85.718 958.789
85.678 959.685
85.598 960.58
85.479 961.469
85.322 962.353
85.126 963.229
84.892 964.096
84.62 964.952
84.312 965.795
83.967 966.624
83.586 967.436
83.17 968.232
82.72 969.009
82.236 969.765
81.72 970.499
81.172 971.211
80.594 971.897
79.986 972.558
79.35 973.192
78.687 973.797
77.998 974.373
77.285 974.918
76.549 975.432
75.791 975.913
75.013 976.36
74.216 976.773
73.401 977.151
72.571 977.493
71.727 977.799
70.871 978.067
70.003 978.298
69.126 978.491
68.242 978.645
67.352 978.761
66.457 978.838
65.56 978.875
348
66.356 1010.19
67.428 1010.15
68.498 1010.1
69.177 1010.05
70.244 1009.96
71.311 1009.84
71.985 1009.75
73.047 1009.6
74.106 1009.43
74.774 1009.3
75.826 1009.1
76.873 1008.87
77.534 1008.71
78.573 1008.44
79.607 1008.15
80.258 1007.96
81.281 1007.63
82.297 1007.29
82.936 1007.06
83.941 1006.68
84.936 1006.29
85.562 1006.02
86.545 1005.59
87.517 1005.14
88.128 1004.84
89.085 1004.36
90.032 1003.85
90.626 1003.52
91.556 1002.99
92.137 1002.63
93.048 1002.07
93.947 1001.48
94.508 1001.1
95.388 1000.49
96.253 999.854
96.794 999.44
97.638 998.779
98.468 998.1
98.985 997.657
99.791 996.952
100.583 996.228
101.076 995.759
101.843 995.01
102.594 994.245
103.06 993.749
103.785 992.959
104.494 992.154
104.932 991.634
105.614 990.806
106.277 989.964
106.687 989.421
107.322 988.557
107.938 987.68
108.318 987.116
108.905 986.218
109.473 985.308
109.822 984.724
110.359 983.797
110.686 983.2
111.193 982.255
111.679 981.299
111.974 980.686
112.428 979.715
112.861 978.734
113.122 978.106
113.523 977.111
113.902 976.108
114.129 975.467
114.475 974.452
114.798 973.43
114.99 972.777
115.28 971.745
115.548 970.706
115.704 970.044
115.937 968.998
116.148 967.947
116.268 967.277
116.444 966.219
116.597 965.158
116.68 964.482
116.798 963.417
116.894 962.349
116.941 961.67
117 960.6
117.037 959.528
117.047 958.848
117.048 957.775
117.034 957.095
117 956.023
116.943 954.953
116.892 954.274
116.8 953.206
116.684 952.14
116.596 951.466
116.446 950.404
116.273 949.345
116.149 948.677
115.941 947.625
115.71 946.577
115.55 945.917
115.285 944.878
114.998 943.844
114.801 943.193
114.48 942.17
114.137 941.154
113.906 940.515
113.529 939.51
113.132 938.514
112.866 937.888
112.435 936.906
111.984 935.934
111.685 935.323
111.202 934.366
110.698 933.419
110.367 932.825
109.831 931.895
109.479 931.314
108.913 930.403
108.329 929.504
107.945 928.943
107.331 928.063
106.698 927.198
106.285 926.657
105.624 925.813
104.945 924.983
104.502 924.466
103.797 923.659
103.073 922.868
102.604 922.375
101.855 921.608
101.089 920.857
100.594 920.391
99.804 919.666
98.999 918.957
98.479 918.519
97.651 917.837
96.809 917.174
96.266 916.764
95.402 916.129
94.524 915.513
93.96 915.133
93.063 914.546
92.153 913.978
91.569 913.629
90.642 913.091
90.045 912.765
89.1 912.258
88.144 911.772
87.531 911.477
86.559 911.023
85.579 910.59
84.951 910.329
83.956 909.928
82.953 909.549
82.312 909.322
81.297 908.976
80.275 908.652
79.622 908.461
78.59 908.171
77.551 907.903
76.889 907.747
75.843 907.514
74.792 907.303
74.121 907.183
73.064 907.007
72.003 906.854
71.327 906.77
70.262 906.652
69.194 906.557
68.515 906.51
67.444 906.45
66.373 906.414
65.693 906.404
64.62 906.402
63.94 906.417
62.868 906.451
61.798 906.508
61.119 906.559
60.051 906.651
58.985 906.767
58.311 906.855
57.249 907.005
56.19 907.178
55.522 907.302
54.47 907.51
53.422 907.741
52.762 907.901
51.723 908.166
50.689 908.453
50.038 908.65
49.015 908.971
47.999 909.314
47.359 909.545
46.355 909.922
45.359 910.319
44.733 910.585
43.751 911.016
42.779 911.467
42.168 911.766
41.211 912.249
40.264 912.753
39.67 913.084
38.74 913.62
38.159 913.972
37.248 914.537
36.349 915.122
35.788 915.506
34.908 916.119
34.043 916.752
33.502 917.166
32.658 917.827
31.828 918.506
31.311 918.949
30.504 919.654
29.713 920.378
29.22 920.847
28.453 921.596
27.702 922.361
27.236 922.857
26.51 923.647
25.802 924.452
25.364 924.972
24.682 925.8
24.019 926.642
23.609 927.185
22.974 928.049
22.358 928.926
21.978 929.49
21.391 930.388
20.823 931.298
20.474 931.882
19.936 932.809
19.61 933.406
19.103 934.351
18.617 935.307
18.322 935.92
17.868 936.891
17.435 937.872
17.173 938.5
16.773 939.495
16.394 940.498
16.167 941.139
15.821 942.154
15.497 943.176
15.306 943.829
15.016 944.861
14.748 945.9
14.592 946.562
14.359 947.608
14.148 948.659
14.028 949.329
13.852 950.387
13.699 951.448
13.615 952.124
13.497 953.189
13.402 954.257
13.355 954.936
13.295 956.006
13.259 957.078
13.249 957.758
13.247 958.831
13.262 959.511
13.296 960.583
13.353 961.653
13.404 962.332
13.496 963.4
13.612 964.466
13.7 965.14
13.85 966.202
14.023 967.261
14.147 967.929
14.355 968.981
14.586 970.029
14.746 970.689
15.011 971.728
15.298 972.762
15.495 973.413
15.816 974.436
16.159 975.452
16.39 976.091
16.767 977.096
17.164 978.092
17.43 978.718
17.861 979.7
18.312 980.672
18.61 981.283
19.094 982.24
19.598 983.187
19.929 983.781
20.465 984.711
20.817 985.292
21.382 986.203
21.967 987.102
22.351 987.663
22.964 988.543
23.597 989.408
24.011 989.949
24.672 990.793
25.351 991.623
25.794 992.14
26.499 992.947
27.222 993.738
27.692 994.231
28.441 994.998
29.206 995.749
29.702 996.215
30.491 996.94
31.297 997.649
31.817 998.087
32.644 998.769
33.487 999.432
34.03 999.842
34.894 1000.48
35.771 1001.09
36.335 1001.47
37.233 1002.06
38.143 1002.63
38.726 1002.98
39.654 1003.51
40.25 1003.84
41.196 1004.35
42.152 1004.83
42.765 1005.13
43.736 1005.58
44.717 1006.02
45.345 1006.28
46.34 1006.68
47.343 1007.06
47.984 1007.28
48.999 1007.63
50.021 1007.95
50.674 1008.14
51.706 1008.43
52.745 1008.7
53.407 1008.86
54.453 1009.09
55.504 1009.3
56.174 1009.42
57.232 1009.6
58.293 1009.75
58.968 1009.84
60.034 1009.95
61.102 1010.05
61.781 1010.1
62.851 1010.16
63.923 1010.19
64.603 1010.2
65.676 1010.2
55
55.314 923.716
54.984 923.562
54.733 923.304
54.59 922.974
54.474 922.422
53.871 919.592
53.396 917.343
52.519 913.137
52.089 911.039
52.092 910.666
52.24 910.318
52.535 910.034
52.889 909.878
54.007 909.608
54.643 909.467
55.404 909.31
55.936 909.207
56.811 909.053
57.535 908.935
58.191 908.839
58.917 908.741
59.576 908.665
60.305 908.587
60.965 908.529
61.696 908.47
62.358 908.431
63.09 908.393
64.485 908.355
65.882 908.356
67.278 908.397
67.798 908.423
69.03 908.502
69.622 908.552
70.116 908.616
70.504 908.798
70.8 909.093
70.956 909.458
70.949 909.838
69.851 914.587
68.84 919.031
68.229 921.756
68.089 922.084
67.832 922.344
67.494 922.504
67.116 922.544
65.598 922.494
64.414 922.499
63.231 922.543
62.049 922.626
60.871 922.748
59.698 922.909
58.531 923.108
57.371 923.346
56.22 923.623
55.683 923.747
51
81.49 926.436
80.482 925.94
79.403 925.451
78.309 924.998
77.201 924.581
76.079 924.201
74.946 923.858
73.801 923.553
72.648 923.286
71.486 923.057
70.738 922.93
70.386 922.81
70.099 922.58
69.915 922.268
69.855 921.914
69.991 921.184
70.591 918.353
71.072 916.106
71.982 911.906
72.441 909.814
72.596 909.476
72.873 909.219
73.258 909.077
73.645 909.078
74.775 909.287
75.415 909.416
76.247 909.599
76.75 909.717
78.487 910.164
79.827 910.555
81.155 910.984
82.472 911.45
83.775 911.953
85.063 912.491
86.335 913.066
87.591 913.676
88.046 913.909
88.605 914.203
89.223 914.536
89.719 914.811
90.053 915.086
90.27 915.446
90.344 915.846
90.26 916.226
89.414 917.372
87.226 920.28
84.494 923.928
82.828 926.169
82.566 926.412
82.226 926.544
81.852 926.553
58
41.559 930.649
41.256 930.456
40.803 929.866
39.101 927.526
37.753 925.664
35.241 922.179
33.994 920.437
33.846 920.095
33.84 919.717
33.993 919.337
34.253 919.05
35.164 918.35
35.688 917.962
36.713 917.235
37.316 916.823
38.485 916.061
39.677 915.333
40.313 914.964
40.888 914.638
41.533 914.287
42.118 913.977
42.773 913.644
43.365 913.351
44.029 913.036
44.63 912.76
45.302 912.463
45.911 912.205
46.591 911.927
47.611 911.53
48.143 911.334
48.657 911.152
49.268 910.941
49.696 910.877
50.109 910.956
50.456 911.169
50.682 911.485
50.968 912.882
51.665 916.454
51.952 917.893
52.105 918.686
52.548 920.924
53.097 923.661
53.103 924.019
52.974 924.36
52.73 924.645
52.401 924.835
51.723 925.103
50.633 925.565
49.558 926.063
48.501 926.596
47.461 927.163
46.441 927.765
45.442 928.4
44.465 929.068
43.509 929.768
42.618 930.466
42.277 930.661
41.914 930.719
57
93.667 936.236
93.322 936.092
93.039 935.838
92.575 935.276
91.798 934.382
90.993 933.514
90.159 932.673
89.298 931.86
88.41 931.076
87.497 930.321
86.56 929.598
85.599 928.905
84.661 928.274
84.369 928.009
84.201 927.682
84.159 927.322
84.249 926.975
84.67 926.362
86.37 924.021
87.724 922.162
90.262 918.696
91.533 916.972
91.812 916.726
92.17 916.603
92.58 916.632
92.932 916.79
93.88 917.44
94.41 917.819
95.097 918.325
95.998 919.015
97.083 919.892
97.643 920.367
98.144 920.8
99.179 921.737
99.711 922.242
100.187 922.703
100.706 923.222
101.169 923.696
101.673 924.229
102.122 924.716
102.611 925.263
103.045 925.762
103.52 926.323
104.235 927.198
104.896 928.048
105.284 928.564
105.478 928.952
105.531 929.369
105.435 929.765
105.203 930.077
103.384 931.105
102.368 931.665
98.796 933.655
97.519 934.373
96.803 934.769
94.371 936.138
94.032 936.253
55
31.995 942.581
31.342 942.226
28.835 940.781
26.846 939.629
23.133 937.466
21.286 936.383
21.012 936.131
20.852 935.788
20.838 935.378
20.958 935.011
21.506 934
21.827 933.433
22.219 932.761
22.499 932.297
23.487 930.741
24.274 929.588
25.092 928.456
25.942 927.349
26.822 926.265
27.733 925.207
28.672 924.174
29.64 923.168
30.003 922.807
30.455 922.367
30.963 921.882
31.377 921.495
31.742 921.263
32.151 921.166
32.556 921.22
32.89 921.417
34.102 923.12
34.765 924.071
35.349 924.897
35.808 925.556
36.657 926.755
37.118 927.416
38.434 929.281
40.05 931.557
40.2 931.882
40.221 932.247
40.114 932.605
39.891 932.913
39.107 933.719
38.309 934.594
37.54 935.494
36.8 936.419
36.092 937.369
35.416 938.34
34.772 939.334
34.162 940.349
33.585 941.383
33.234 942.056
32.976 942.382
32.703 942.555
32.349 942.634
182
63.979 991.594
62.83 991.534
61.684 991.434
60.543 991.295
59.407 991.117
58.277 990.899
57.156 990.642
56.045 990.347
54.944 990.014
53.855 989.643
52.78 989.234
51.72 988.789
50.676 988.307
49.649 987.79
48.641 987.237
47.652 986.65
46.684 986.03
45.738 985.376
44.815 984.69
43.917 983.972
43.043 983.224
42.196 982.447
41.377 981.64
40.585 980.806
39.823 979.945
39.092 979.058
38.391 978.146
37.722 977.211
37.086 976.253
36.483 975.274
35.914 974.274
35.38 973.256
34.882 972.22
34.42 971.167
33.994 970.098
33.605 969.016
33.254 967.921
32.941 966.814
32.667 965.697
32.431 964.572
32.234 963.439
32.077 962.299
31.958 961.155
31.88 960.008
31.841 958.859
31.841 957.709
31.882 956.559
31.962 955.412
32.081 954.268
32.24 953.129
32.438 951.996
32.676 950.871
32.951 949.754
33.266 948.648
33.618 947.553
34.008 946.471
34.435 945.404
34.898 944.351
35.398 943.315
35.933 942.298
36.503 941.299
37.107 940.32
37.744 939.363
38.414 938.429
39.116 937.518
39.849 936.632
40.612 935.772
41.404 934.938
42.225 934.133
43.072 933.356
43.947 932.609
44.846 931.892
45.77 931.207
46.716 930.555
47.685 929.935
48.674 929.349
49.684 928.798
50.711 928.282
51.756 927.801
52.817 927.357
53.892 926.95
54.981 926.58
56.082 926.248
57.194 925.954
58.315 925.699
59.445 925.483
60.581 925.306
61.723 925.168
62.869 925.069
64.017 925.01
65.167 924.991
66.317 925.012
67.466 925.072
68.611 925.172
69.753 925.311
70.889 925.489
72.018 925.707
73.14 925.964
74.251 926.259
75.352 926.592
76.44 926.963
77.515 927.372
78.576 927.817
79.62 928.299
80.647 928.816
81.655 929.369
82.644 929.956
83.612 930.576
84.558 931.23
85.481 931.916
86.379 932.634
87.253 933.382
88.099 934.159
88.919 934.966
89.71 935.8
90.472 936.661
91.204 937.548
91.905 938.46
92.574 939.395
93.21 940.353
93.813 941.332
94.382 942.332
94.915 943.35
95.414 944.386
95.876 945.439
96.302 946.508
96.69 947.59
97.041 948.685
97.354 949.792
97.629 950.909
97.865 952.034
98.062 953.167
98.219 954.307
98.338 955.451
98.416 956.598
98.455 957.747
98.455 958.897
98.414 960.047
98.334 961.194
98.215 962.338
98.056 963.477
97.857 964.61
97.62 965.735
97.344 966.852
97.03 967.958
96.678 969.053
96.288 970.135
95.861 971.202
95.398 972.255
94.898 973.291
94.363 974.308
93.793 975.307
93.189 976.286
92.552 977.243
91.882 978.177
91.18 979.088
90.447 979.974
89.684 980.834
88.892 981.668
88.071 982.473
87.223 983.25
86.349 983.997
85.45 984.714
84.526 985.399
83.58 986.051
82.611 986.671
81.621 987.257
80.612 987.808
79.585 988.324
78.54 988.805
77.479 989.249
76.404 989.656
75.315 990.026
74.214 990.358
73.102 990.652
71.98 990.907
70.851 991.123
69.715 991.3
68.573 991.438
67.427 991.537
66.278 991.596
65.128 991.615
57
100.503 949.908
100.177 949.744
99.92 949.472
99.765 949.125
99.6 948.538
99.343 947.666
98.973 946.541
98.565 945.429
98.121 944.331
97.641 943.248
97.126 942.182
96.593 941.162
95.992 940.103
95.087 938.623
95.002 938.263
95.047 937.901
95.216 937.582
95.485 937.345
95.974 937.064
100.472 934.469
104.2 932.335
106.063 931.277
106.418 931.166
106.795 931.2
107.157 931.391
107.415 931.68
107.799 932.298
108.106 932.811
108.501 933.489
108.909 934.218
109.175 934.713
109.616 935.545
110.213 936.752
110.778 937.976
111.05 938.603
111.309 939.214
111.565 939.85
111.806 940.466
112.046 941.108
112.27 941.731
112.494 942.379
112.699 943.008
112.906 943.662
113.283 944.955
113.424 945.476
113.612 946.196
113.774 946.87
113.91 947.461
113.929 947.893
113.808 948.295
113.56 948.618
113.221 948.809
111.808 948.948
111.142 949.008
109.985 949.107
105.912 949.472
100.86 949.939
60
27.725 957.366
24.849 957.066
22.563 956.822
18.29 956.357
16.162 956.118
15.809 956
15.525 955.751
15.343 955.382
15.304 954.998
15.394 953.851
15.457 953.203
15.542 952.43
15.609 951.893
15.732 951.012
15.844 950.288
15.956 949.635
16.087 948.913
16.217 948.263
16.369 947.545
16.517 946.9
16.688 946.187
16.855 945.545
17.046 944.837
17.231 944.201
17.441 943.498
17.873 942.171
18.342 940.855
18.528 940.368
18.985 939.221
19.215 938.674
19.428 938.224
19.72 937.911
20.092 937.72
20.488 937.685
20.848 937.809
23.469 939.388
24.339 939.905
25.026 940.321
26.288 941.071
26.978 941.487
28.94 942.656
31.342 944.079
31.61 944.314
31.778 944.637
31.825 945.01
31.748 945.381
31.538 945.953
31.231 946.809
30.87 947.937
30.546 949.076
30.26 950.225
30.011 951.383
29.802 952.548
29.631 953.72
29.499 954.897
29.359 956.626
29.216 956.968
28.966 957.234
28.644 957.393
28.286 957.427
52
110.944 968.519
109.849 968.14
108.133 967.551
103.819 966.081
101.173 965.187
100.861 965.014
100.629 964.732
100.506 964.378
100.505 963.997
100.665 962.886
100.797 961.709
100.89 960.528
100.944 959.345
100.959 958.161
100.935 956.977
100.871 955.795
100.769 954.615
100.628 953.439
100.517 952.688
100.535 952.273
100.689 951.923
100.892 951.701
101.21 951.536
101.948 951.438
104.826 951.135
107.112 950.897
111.387 950.465
113.518 950.256
113.887 950.298
114.218 950.482
114.471 950.804
114.589 951.173
114.741 952.313
114.814 952.96
114.898 953.808
114.949 954.423
115.053 956.113
115.095 957.509
115.097 958.905
115.061 960.301
114.986 961.695
114.871 963.086
114.718 964.473
114.526 965.857
114.445 966.361
114.338 966.984
114.213 967.674
114.105 968.231
113.946 968.634
113.671 968.952
113.312 969.146
112.925 969.183
57
18.776 976.156
18.461 975.892
18.269 975.556
17.884 974.473
17.678 973.855
17.442 973.115
17.284 972.597
17.097 971.955
16.904 971.248
16.734 970.606
16.561 969.894
16.41 969.249
16.256 968.532
16.123 967.882
15.989 967.162
15.875 966.509
15.76 965.785
15.665 965.128
15.57 964.402
15.494 963.743
15.42 963.014
15.361 962.353
15.306 961.622
15.243 960.492
15.209 959.415
15.198 958.771
15.215 958.556
15.354 958.151
15.616 957.826
15.963 957.632
16.343 957.599
19.379 957.976
25.705 958.735
28.478 959.059
28.82 959.164
29.105 959.392
29.299 959.712
29.379 960.084
29.424 960.811
29.527 961.991
29.668 963.167
29.849 964.338
30.067 965.501
30.325 966.657
30.62 967.804
30.953 968.94
31.323 970.065
31.711 971.128
31.792 971.514
31.735 971.877
31.557 972.193
31.281 972.42
30.58 972.669
25.641 974.272
21.55 975.584
19.508 976.231
19.136 976.267
60
104.37 987.676
102.83 986.263
101.984 985.471
101.241 984.784
100.655 984.234
99.575 983.238
98.987 982.688
97.312 981.137
95.258 979.245
95.044 978.96
94.947 978.607
94.978 978.235
95.132 977.887
95.524 977.272
96.134 976.257
96.711 975.223
97.253 974.17
97.759 973.1
98.231 972.013
98.666 970.912
99.065 969.797
99.426 968.669
99.738 967.581
99.899 967.222
100.158 966.962
100.488 966.81
100.845 966.789
101.558 966.999
104.31 967.892
106.495 968.605
110.577 969.949
112.609 970.625
112.929 970.815
113.157 971.117
113.256 971.515
113.215 971.899
112.89 973.002
112.693 973.623
112.424 974.432
112.221 975.015
112.046 975.502
111.547 976.806
111.012 978.095
110.715 978.766
110.441 979.369
110.125 980.031
109.834 980.626
109.5 981.28
109.192 981.867
108.841 982.511
108.517 983.088
108.148 983.722
107.807 984.29
107.42 984.914
106.809 985.865
106.203 986.756
105.834 987.285
105.525 987.589
105.144 987.768
104.738 987.799
58
29.652 993.361
29.34 993.132
28.831 992.601
28.331 992.062
27.883 991.569
27.339 990.946
26.615 990.085
26.194 989.574
25.362 988.507
24.948 987.952
24.559 987.418
24.16 986.852
23.784 986.307
23.401 985.732
23.042 985.175
22.673 984.59
22.33 984.024
21.976 983.429
21.311 982.251
20.709 981.117
20.458 980.618
20.13 979.947
19.817 979.288
19.633 978.844
19.603 978.38
19.703 978.014
19.941 977.696
20.276 977.511
23.202 976.62
24.168 976.32
24.937 976.087
29.292 974.741
31.956 973.908
32.311 973.865
32.664 973.958
32.972 974.171
33.211 974.507
33.72 975.472
34.304 976.503
34.923 977.512
35.575 978.5
36.259 979.467
36.975 980.41
37.721 981.33
38.497 982.224
39.303 983.092
39.834 983.635
40.048 983.939
40.145 984.293
40.11 984.654
39.951 984.975
39.411 985.487
37.262 987.424
35.551 988.959
32.348 991.823
30.746 993.244
30.422 993.427
30.046 993.473
54
89.501 1001.44
89.159 1001.24
88.941 1000.92
87.038 996.434
85.243 992.245
84.137 989.682
84.058 989.334
84.112 988.973
84.292 988.645
84.574 988.389
85.081 988.051
85.831 987.538
86.786 986.838
87.718 986.107
88.625 985.345
89.507 984.554
90.361 983.735
91.188 982.887
91.987 982.012
93.117 980.695
93.433 980.504
93.791 980.434
94.146 980.496
94.455 980.679
94.873 981.057
97.024 982.992
98.73 984.533
101.913 987.419
103.494 988.864
103.71 989.167
103.794 989.537
103.724 989.94
103.53 990.274
102.783 991.149
102.352 991.637
101.777 992.267
101.353 992.717
100.841 993.247
100.324 993.768
99.85 994.231
99.319 994.737
98.832 995.186
98.288 995.678
97.789 996.113
97.231 996.59
96.148 997.472
95.041 998.323
93.911 999.142
92.758 999.93
92.321 1000.22
91.279 1000.88
90.772 1001.18
90.335 1001.42
89.914 1001.5
54
46.602 1004.68
45.539 1004.25
44.941 1003.99
44.234 1003.67
43.743 1003.44
42.944 1003.05
42.289 1002.72
41.702 1002.41
41.056 1002.06
40.479 1001.74
39.843 1001.37
39.275 1001.03
38.649 1000.65
37.476 999.89
36.325 999.1
35.196 998.279
34.091 997.426
33.684 997.098
32.735 996.31
32.285 995.922
31.923 995.581
31.715 995.206
31.65 994.794
31.738 994.406
31.968 994.101
35.647 990.905
36.75 989.936
37.359 989.408
39.077 987.904
41.173 986.059
41.48 985.876
41.84 985.817
42.207 985.886
42.537 986.076
43.016 986.453
43.736 987.008
44.697 987.701
45.68 988.361
46.684 988.988
47.708 989.582
48.752 990.141
49.814 990.666
50.892 991.155
52.494 991.822
52.774 992.064
52.951 992.383
53.002 992.74
52.923 993.09
49.638 1000.44
48.818 1002.27
47.932 1004.22
47.711 1004.51
47.386 1004.71
46.98 1004.77
52
70.401 1007.9
70.014 1007.74
69.72 1007.46
69.565 1007.1
69.584 1005.01
69.606 1003.86
69.67 999.767
69.701 997.484
69.733 994.693
69.801 994.342
69.998 994.035
70.296 993.808
70.659 993.689
71.765 993.498
72.925 993.26
74.076 992.983
75.218 992.669
76.349 992.317
77.468 991.929
78.573 991.503
79.663 991.041
80.738 990.543
81.418 990.206
81.773 990.096
82.14 990.114
82.472 990.258
82.728 990.509
83.048 991.18
84.227 993.824
85.159 995.925
86.892 999.856
87.749 1001.82
87.822 1002.18
87.75 1002.55
87.521 1002.89
87.207 1003.12
86.169 1003.62
85.577 1003.89
84.796 1004.23
84.225 1004.47
82.652 1005.09
81.338 1005.56
80.01 1005.99
78.672 1006.39
77.323 1006.75
75.964 1007.07
74.597 1007.35
73.223 1007.6
72.718 1007.68
72.093 1007.77
71.398 1007.86
70.834 1007.93
62
64.013 1008.24
63.283 1008.22
62.55 1008.19
61.889 1008.15
61.158 1008.09
60.497 1008.04
59.768 1007.96
59.109 1007.89
58.382 1007.79
57.725 1007.7
57.001 1007.59
56.348 1007.47
55.627 1007.34
54.978 1007.21
54.261 1007.05
53.615 1006.9
52.903 1006.73
51.808 1006.44
51.297 1006.3
50.157 1005.95
49.772 1005.75
49.485 1005.45
49.329 1005.07
49.333 1004.68
50.201 1002.78
50.693 1001.73
51.117 1000.81
51.458 1000.09
52.072 998.751
52.414 998.021
53.025 996.689
53.371 995.948
54.536 993.41
54.74 993.119
55.045 992.919
55.41 992.833
55.788 992.871
56.494 993.053
57.648 993.32
58.809 993.549
59.978 993.739
61.153 993.891
62.332 994.004
63.514 994.077
64.698 994.112
65.882 994.107
67.013 994.066
67.404 994.109
67.732 994.275
67.977 994.542
68.109 994.875
68.128 995.619
68.13 998.511
68.127 1000.81
68.11 1005.11
68.095 1007.25
68.015 1007.61
67.797 1007.92
67.449 1008.14
67.07 1008.22
65.921 1008.25
65.271 1008.25
