0.3
0.7
174
65.982 985.546
66.965 985.498
67.945 985.415
68.923 985.296
69.894 985.141
70.86 984.953
71.819 984.729
72.769 984.472
73.708 984.179
74.637 983.853
75.553 983.494
76.455 983.102
77.344 982.677
78.216 982.221
79.071 981.734
79.908 981.216
80.725 980.668
81.522 980.091
82.298 979.486
83.052 978.853
83.782 978.193
84.488 977.507
85.169 976.797
85.823 976.062
86.451 975.303
87.051 974.523
87.623 973.722
88.165 972.901
88.676 972.061
89.158 971.202
89.608 970.327
90.026 969.436
90.412 968.53
90.764 967.612
91.084 966.681
91.369 965.739
91.621 964.788
91.838 963.828
92.019 962.861
92.166 961.887
92.278 960.91
92.355 959.928
92.395 958.945
92.401 957.961
92.371 956.977
92.306 955.995
92.204 955.016
92.068 954.042
91.897 953.072
91.69 952.11
91.45 951.156
91.175 950.211
90.865 949.277
90.522 948.354
90.147 947.445
89.738 946.549
89.298 945.669
88.826 944.806
88.324 943.959
87.79 943.132
87.228 942.325
86.637 941.538
86.018 940.773
85.371 940.031
84.698 939.313
84 938.619
83.277 937.952
82.53 937.31
81.761 936.697
80.97 936.111
80.159 935.554
79.328 935.027
78.478 934.53
77.611 934.064
76.728 933.63
75.83 933.228
74.918 932.859
73.993 932.523
73.056 932.22
72.109 931.952
71.154 931.717
70.19 931.518
69.22 931.354
68.244 931.224
67.264 931.13
66.282 931.071
65.298 931.048
64.314 931.06
63.331 931.108
62.351 931.191
61.373 931.31
60.401 931.465
59.435 931.653
58.477 931.877
57.527 932.134
56.587 932.427
55.659 932.753
54.743 933.112
53.84 933.504
52.952 933.929
52.08 934.385
51.225 934.872
50.388 935.39
49.57 935.938
48.774 936.515
47.998 937.12
47.244 937.753
46.513 938.413
45.807 939.099
45.127 939.809
44.473 940.544
43.845 941.303
43.245 942.083
42.673 942.884
42.131 943.705
41.62 944.545
41.138 945.404
40.688 946.279
40.27 947.17
39.884 948.076
39.532 948.994
39.212 949.925
38.927 950.867
38.675 951.818
38.458 952.778
38.277 953.745
38.129 954.719
38.017 955.696
37.941 956.678
37.9 957.661
37.895 958.645
37.925 959.629
37.99 960.611
38.092 961.59
38.228 962.564
38.399 963.534
38.606 964.496
38.846 965.45
39.121 966.395
39.43 967.329
39.773 968.252
40.149 969.161
40.557 970.057
40.998 970.937
41.469 971.8
41.972 972.647
42.505 973.474
43.068 974.281
43.659 975.068
44.278 975.833
44.924 976.575
45.598 977.293
46.296 977.987
47.019 978.654
47.766 979.296
48.535 979.909
49.326 980.495
50.137 981.052
50.968 981.579
51.817 982.076
52.684 982.542
53.568 982.976
54.466 983.378
55.378 983.747
56.303 984.083
57.239 984.386
58.187 984.654
59.142 984.889
60.106 985.088
61.076 985.252
62.052 985.382
63.031 985.476
64.014 985.535
64.998 985.558
154
64.259 981.859
63.299 981.803
62.342 981.708
61.39 981.574
60.444 981.401
59.506 981.19
58.577 980.941
57.659 980.655
56.753 980.33
55.862 979.969
54.986 979.572
54.127 979.141
53.287 978.674
52.466 978.173
51.666 977.639
50.888 977.073
50.134 976.475
49.405 975.848
48.703 975.191
48.028 974.507
47.382 973.794
46.764 973.056
46.178 972.295
45.623 971.51
45.101 970.702
44.612 969.874
44.157 969.027
43.737 968.161
43.353 967.28
43.005 966.383
42.694 965.473
42.42 964.552
42.184 963.619
41.986 962.678
41.827 961.73
41.707 960.776
41.626 959.818
41.584 958.857
41.579 957.895
41.615 956.934
41.69 955.975
41.804 955.021
41.958 954.071
42.15 953.129
42.38 952.195
42.648 951.271
42.954 950.359
43.297 949.461
43.675 948.577
44.09 947.71
44.54 946.86
45.024 946.029
45.541 945.218
46.091 944.429
46.673 943.663
47.285 942.922
47.928 942.206
48.599 941.517
49.297 940.856
50.022 940.224
50.772 939.622
51.546 939.051
52.343 938.513
53.161 938.007
53.998 937.535
54.854 937.098
55.728 936.696
56.617 936.329
57.521 936
58.437 935.708
59.364 935.453
60.301 935.236
61.246 935.057
62.198 934.918
63.154 934.816
64.114 934.755
65.075 934.732
66.037 934.747
66.996 934.803
67.953 934.898
68.906 935.032
69.852 935.205
70.79 935.416
71.719 935.665
72.637 935.951
73.542 936.276
74.433 936.637
75.31 937.034
76.169 937.465
77.009 937.932
77.83 938.433
78.63 938.967
79.408 939.533
80.162 940.131
80.89 940.758
81.592 941.415
82.268 942.099
82.914 942.812
83.532 943.55
84.118 944.311
84.673 945.096
85.195 945.904
85.684 946.732
86.139 947.579
86.559 948.445
86.943 949.326
87.291 950.223
87.602 951.133
87.876 952.054
88.112 952.987
88.31 953.928
88.469 954.876
88.589 955.83
88.67 956.788
88.712 957.749
88.717 958.711
88.681 959.672
88.605 960.631
88.491 961.585
88.338 962.535
88.146 963.477
87.915 964.411
87.648 965.335
87.342 966.247
86.999 967.145
86.621 968.029
86.206 968.896
85.756 969.746
85.272 970.577
84.755 971.388
84.204 972.177
83.623 972.943
83.01 973.684
82.368 974.4
81.697 975.089
80.999 975.75
80.274 976.382
79.523 976.984
78.75 977.555
77.953 978.093
77.135 978.599
76.298 979.071
75.441 979.508
74.567 979.91
73.678 980.277
72.775 980.606
71.859 980.898
70.932 981.153
69.995 981.37
69.05 981.549
68.098 981.688
67.142 981.79
66.182 981.851
65.221 981.874
232
66.308 1011.21
67.753 1011.16
69.196 1011.07
70.636 1010.94
72.072 1010.77
73.503 1010.56
74.926 1010.31
76.343 1010.03
77.752 1009.7
79.152 1009.34
80.54 1008.94
81.918 1008.5
83.282 1008.02
84.633 1007.51
85.97 1006.96
87.291 1006.37
88.596 1005.75
89.883 1005.09
91.152 1004.39
92.401 1003.67
93.63 1002.91
94.838 1002.11
96.024 1001.28
97.186 1000.42
98.325 999.534
99.438 998.613
100.526 997.661
101.589 996.68
102.623 995.67
103.63 994.633
104.608 993.568
105.557 992.477
106.475 991.361
107.363 990.219
108.219 989.055
109.042 987.866
109.833 986.656
110.591 985.425
111.315 984.174
112.004 982.903
112.659 981.614
113.278 980.308
113.861 978.985
114.408 977.647
114.918 976.293
115.391 974.928
115.826 973.549
116.224 972.159
116.583 970.759
116.904 969.349
117.187 967.931
117.43 966.507
117.635 965.075
117.8 963.639
117.926 962.199
118.013 960.756
118.06 959.31
118.068 957.865
118.036 956.42
117.965 954.976
117.855 953.534
117.705 952.096
117.516 950.663
117.288 949.236
117.02 947.815
116.714 946.402
116.37 944.998
115.987 943.604
115.567 942.22
115.109 940.85
114.613 939.491
114.081 938.147
113.512 936.818
112.907 935.505
112.267 934.209
111.971 933.649
111.591 932.931
111.28 932.379
110.881 931.672
110.136 930.433
109.358 929.214
108.547 928.017
107.704 926.843
106.828 925.692
105.922 924.566
104.985 923.465
104.019 922.39
103.023 921.342
102 920.321
100.948 919.328
99.87 918.365
98.767 917.431
97.638 916.529
96.485 915.656
95.308 914.816
94.109 914.009
92.888 913.235
91.647 912.493
90.386 911.787
89.106 911.115
87.808 910.478
86.493 909.877
85.162 909.312
83.817 908.783
82.457 908.292
81.085 907.838
79.7 907.421
78.305 907.043
76.9 906.702
75.486 906.401
74.065 906.137
72.636 905.913
71.203 905.728
69.764 905.583
68.322 905.476
66.878 905.409
65.433 905.382
63.988 905.394
62.543 905.445
61.1 905.536
59.66 905.666
58.224 905.836
56.793 906.044
55.369 906.292
53.953 906.579
52.544 906.904
51.144 907.268
49.756 907.669
48.378 908.108
47.014 908.585
45.662 909.099
44.326 909.65
43.005 910.236
41.699 910.859
40.413 911.518
39.144 912.211
37.895 912.938
36.666 913.7
35.458 914.494
34.272 915.321
33.11 916.181
31.971 917.072
30.858 917.993
29.77 918.945
28.707 919.926
27.673 920.936
26.666 921.973
25.688 923.038
24.739 924.129
23.821 925.245
22.933 926.387
22.077 927.551
21.254 928.74
20.463 929.95
19.705 931.181
18.981 932.432
18.292 933.703
17.637 934.992
17.018 936.298
16.435 937.621
15.888 938.959
15.378 940.313
14.905 941.678
14.47 943.057
14.072 944.447
13.713 945.847
13.392 947.257
13.109 948.675
12.865 950.099
12.661 951.531
12.496 952.967
12.369 954.407
12.283 955.85
12.236 957.296
12.228 958.741
12.259 960.186
12.331 961.63
12.441 963.072
12.591 964.51
12.78 965.943
13.008 967.37
13.276 968.791
13.582 970.204
13.926 971.608
14.308 973.002
14.729 974.386
15.187 975.756
15.682 977.115
16.215 978.459
16.783 979.788
17.388 981.101
18.029 982.397
18.705 983.675
19.415 984.934
20.16 986.173
20.938 987.392
21.749 988.589
22.592 989.763
23.467 990.914
24.373 992.04
25.31 993.141
26.277 994.216
27.272 995.264
28.296 996.285
29.347 997.278
30.425 998.241
31.529 999.175
32.658 1000.08
33.811 1000.95
34.988 1001.79
36.187 1002.6
37.408 1003.37
38.649 1004.11
39.91 1004.82
41.19 1005.49
42.488 1006.13
43.802 1006.73
45.134 1007.29
46.479 1007.82
47.839 1008.31
49.211 1008.77
50.595 1009.18
51.991 1009.56
53.396 1009.9
54.81 1010.21
56.231 1010.47
57.659 1010.69
59.093 1010.88
60.531 1011.02
61.974 1011.13
63.418 1011.2
64.863 1011.22
47
54.522 923.93
54.223 923.685
54.042 923.346
53.232 920.658
52.543 918.406
50.689 912.444
50.16 910.786
50.115 910.431
50.214 910.049
50.387 909.79
50.67 909.577
52.029 909.181
53.387 908.837
54.756 908.531
56.133 908.263
57.517 908.034
58.906 907.843
60.301 907.69
61.698 907.575
63.099 907.499
64.501 907.462
65.903 907.464
67.306 907.504
68.706 907.583
69.078 907.625
69.421 907.776
69.683 908.032
69.832 908.358
69.848 908.713
69.218 912.975
68.256 919.229
67.848 921.788
67.72 922.139
67.463 922.423
67.115 922.602
66.688 922.651
65.749 922.623
64.417 922.623
63.237 922.667
62.06 922.749
60.887 922.871
59.717 923.031
58.554 923.23
57.398 923.467
56.25 923.743
55.284 924.008
54.888 924.042
55
81.089 926.375
80.564 926.119
79.354 925.565
78.264 925.113
77.159 924.698
76.041 924.319
74.912 923.978
73.772 923.674
72.622 923.407
71.464 923.179
70.302 922.99
69.882 922.91
69.554 922.721
69.318 922.416
69.215 922.044
69.291 921.291
69.575 919.067
69.76 917.522
69.86 916.729
70.592 910.528
70.783 908.799
70.886 908.455
71.131 908.147
71.395 907.98
71.739 907.901
73.103 908.086
73.703 908.185
74.484 908.323
75.082 908.441
75.859 908.6
76.454 908.734
77.226 908.913
77.817 909.064
78.583 909.266
79.17 909.433
79.931 909.655
80.513 909.838
81.267 910.081
82.591 910.544
83.902 911.043
85.198 911.579
86.479 912.149
87.744 912.755
88.992 913.395
89.351 913.603
89.602 913.881
89.738 914.221
89.741 914.579
89.611 914.911
87.303 918.549
83.88 923.871
82.467 926.044
82.208 926.312
81.857 926.467
81.466 926.489
47
41.087 931.122
40.783 930.885
38.951 928.759
37.405 926.982
33.287 922.29
32.128 920.99
31.943 920.684
31.879 920.295
31.931 919.988
32.103 919.679
33.215 918.737
34.317 917.872
35.444 917.037
36.594 916.234
37.764 915.462
38.957 914.723
40.169 914.017
41.4 913.345
42.649 912.707
43.916 912.105
45.196 911.537
46.494 911.004
47.805 910.508
48.126 910.408
48.5 910.406
48.843 910.534
49.112 910.77
49.271 911.088
50.429 915.238
51.621 919.594
52.763 923.847
52.789 924.22
52.669 924.584
52.425 924.888
52.088 925.093
50.684 925.679
49.612 926.174
48.559 926.706
47.523 927.272
46.506 927.872
45.511 928.504
44.536 929.17
43.584 929.867
42.656 930.596
42.187 930.984
41.84 931.178
41.46 931.224
54
93.362 936.016
92.995 935.877
92.697 935.62
91.706 934.465
90.903 933.6
90.072 932.761
89.214 931.952
88.33 931.171
87.42 930.419
86.485 929.697
85.528 929.008
84.549 928.35
84.034 928.024
83.742 927.754
83.582 927.406
83.564 927.02
83.696 926.658
83.987 926.176
85.151 924.259
86.362 922.239
89.553 916.873
90.431 915.369
90.665 915.098
91.015 914.917
91.323 914.872
91.669 914.94
92.807 915.64
93.315 915.975
93.972 916.418
94.471 916.768
95.116 917.229
95.605 917.593
96.238 918.071
96.717 918.449
97.335 918.944
97.804 919.334
98.409 919.847
98.866 920.25
99.457 920.779
100.479 921.739
101.474 922.728
102.442 923.744
103.38 924.785
104.29 925.852
105.171 926.945
105.439 927.312
105.556 927.669
105.542 928.034
105.399 928.363
105.146 928.613
101.557 930.997
96.265 934.467
94.091 935.877
93.744 936.017
50
31.92 943.23
31.228 942.926
29.2 941.968
27.786 941.315
27.064 940.975
21.394 938.362
19.808 937.646
19.512 937.441
19.296 937.113
19.219 936.811
19.25 936.459
19.902 935.11
20.558 933.872
21.248 932.651
21.973 931.45
22.731 930.27
23.52 929.111
24.341 927.974
25.193 926.86
26.074 925.77
26.986 924.704
27.927 923.665
28.897 922.651
29.894 921.665
30.238 921.403
30.567 921.301
30.91 921.312
31.231 921.446
31.44 921.628
34.186 924.948
37.046 928.443
38.189 929.848
39.819 931.863
39.994 932.192
40.034 932.574
39.934 932.952
39.71 933.276
39.303 933.697
38.402 934.676
37.636 935.573
36.899 936.495
36.193 937.441
35.52 938.41
34.878 939.4
34.27 940.412
33.695 941.442
33.156 942.489
32.951 942.864
32.669 943.117
32.306 943.247
182
64.008 990.731
62.89 990.672
61.774 990.575
60.662 990.44
59.555 990.266
58.456 990.054
57.363 989.804
56.281 989.516
55.209 989.192
54.149 988.83
53.101 988.433
52.069 987.998
51.052 987.53
50.051 987.026
49.069 986.487
48.106 985.916
47.163 985.311
46.242 984.674
45.342 984.006
44.467 983.307
43.616 982.578
42.792 981.821
41.993 981.035
41.222 980.222
40.48 979.383
39.767 978.52
39.084 977.632
38.433 976.72
37.813 975.788
37.226 974.834
36.672 973.86
36.152 972.867
35.667 971.859
35.216 970.833
34.802 969.792
34.423 968.738
34.081 967.671
33.777 966.593
33.509 965.506
33.279 964.41
33.088 963.306
32.934 962.196
32.819 961.082
32.743 959.964
32.705 958.845
32.705 957.723
32.745 956.604
32.822 955.486
32.938 954.372
33.094 953.263
33.286 952.159
33.518 951.063
33.787 949.976
34.092 948.899
34.435 947.832
34.815 946.779
35.231 945.739
35.683 944.713
36.169 943.705
36.69 942.713
37.245 941.74
37.834 940.787
38.454 939.854
39.107 938.944
39.791 938.057
40.505 937.194
41.247 936.356
42.02 935.544
42.819 934.759
43.645 934.003
44.496 933.275
45.372 932.577
46.273 931.91
47.194 931.274
48.138 930.67
49.102 930.1
50.085 929.563
51.086 929.06
52.103 928.592
53.137 928.159
54.184 927.763
55.245 927.403
56.317 927.08
57.4 926.793
58.492 926.545
59.593 926.334
60.7 926.161
61.811 926.027
62.927 925.931
64.046 925.874
65.167 925.855
66.288 925.875
67.406 925.934
68.522 926.031
69.634 926.166
70.74 926.34
71.84 926.552
72.932 926.802
74.015 927.09
75.087 927.414
76.147 927.776
77.194 928.173
78.227 928.608
79.244 929.076
80.245 929.58
81.227 930.119
82.19 930.69
83.133 931.295
84.054 931.932
84.954 932.6
85.829 933.299
86.679 934.028
87.504 934.785
88.303 935.571
89.074 936.384
89.816 937.223
90.529 938.086
91.212 938.974
91.863 939.886
92.483 940.818
93.07 941.772
93.624 942.746
94.144 943.739
94.629 944.747
95.08 945.773
95.494 946.814
95.873 947.868
96.215 948.935
96.519 950.013
96.786 951.1
97.017 952.196
97.208 953.3
97.362 954.41
97.477 955.524
97.553 956.642
97.591 957.761
97.59 958.883
97.551 960.002
97.474 961.12
97.357 962.234
97.202 963.343
97.009 964.447
96.778 965.543
96.509 966.63
96.204 967.707
95.861 968.774
95.481 969.827
95.065 970.867
94.613 971.893
94.127 972.901
93.606 973.893
93.051 974.866
92.462 975.819
91.842 976.752
91.189 977.662
90.505 978.549
89.791 979.412
89.048 980.25
88.276 981.062
87.477 981.847
86.651 982.603
85.8 983.331
84.924 984.029
84.023 984.696
83.101 985.332
82.158 985.936
81.194 986.506
80.211 987.043
79.21 987.546
78.192 988.014
77.159 988.447
76.111 988.843
75.051 989.203
73.979 989.526
72.896 989.813
71.803 990.061
70.703 990.272
69.596 990.445
68.484 990.579
67.368 990.675
66.25 990.732
65.129 990.751
57
100.337 949.575
99.987 949.418
99.709 949.142
99.531 948.75
99.267 947.848
98.855 946.582
98.449 945.474
98.007 944.38
97.529 943.301
97.015 942.238
96.466 941.194
95.883 940.167
95.267 939.161
94.716 938.324
94.56 937.958
94.555 937.575
94.695 937.215
94.962 936.938
95.425 936.615
97.268 935.338
99.196 933.986
104.294 930.381
105.708 929.364
106.032 929.212
106.425 929.189
106.725 929.273
107.014 929.477
107.71 930.489
108.425 931.616
109.112 932.762
109.769 933.927
110.114 934.579
110.398 935.119
110.729 935.781
110.998 936.328
111.565 937.553
111.861 938.231
112.1 938.792
112.378 939.478
112.601 940.046
112.861 940.739
113.068 941.312
113.311 942.011
113.502 942.591
113.726 943.296
113.901 943.88
114.108 944.59
114.455 945.895
114.561 946.38
114.522 946.752
114.36 947.081
114.096 947.323
113.763 947.448
109.515 948.167
105.058 948.896
103.269 949.183
100.71 949.587
50
25.664 958.003
23.308 957.963
17.065 957.883
15.325 957.874
14.973 957.807
14.641 957.595
14.447 957.35
14.333 957.016
14.383 955.48
14.436 954.69
14.48 954.081
14.616 952.685
14.79 951.293
15.003 949.907
15.253 948.527
15.542 947.155
15.868 945.791
16.232 944.436
16.456 943.677
16.634 943.092
16.878 942.339
17.071 941.76
17.544 940.44
18.054 939.134
18.248 938.792
18.506 938.565
18.824 938.436
19.172 938.427
19.437 938.509
23.296 940.425
28.947 943.273
31.255 944.451
31.549 944.681
31.74 945.013
31.802 945.399
31.717 945.821
31.4 946.707
30.989 947.973
30.666 949.108
30.38 950.254
30.133 951.407
29.924 952.568
29.754 953.737
29.622 954.909
29.529 956.085
29.483 957.086
29.393 957.475
29.174 957.787
28.848 957.995
28.469 958.063
57
113.975 968.16
109.802 967.089
103.683 965.478
101.18 964.805
100.845 964.642
100.589 964.356
100.448 963.992
100.439 963.598
100.521 963.019
100.674 961.697
100.766 960.521
100.82 959.341
100.835 958.162
100.811 956.982
100.748 955.803
100.646 954.628
100.505 953.456
100.325 952.293
100.271 951.869
100.35 951.498
100.568 951.179
100.89 950.967
101.629 950.806
103.832 950.387
106.144 949.937
112.267 948.718
113.971 948.364
114.329 948.356
114.698 948.495
114.939 948.694
115.12 948.997
115.347 950.23
115.438 950.832
115.55 951.616
115.625 952.222
115.716 953.009
115.774 953.617
115.842 954.406
115.884 955.015
115.931 955.805
115.955 956.415
115.98 957.207
115.987 957.817
115.991 958.61
115.982 959.22
115.963 960.012
115.897 961.413
115.792 962.811
115.733 963.419
115.648 964.206
115.466 965.597
115.374 966.2
115.246 966.982
115.148 967.476
114.952 967.834
114.67 968.068
114.329 968.182
52
18.719 978.199
18.444 978.054
18.203 977.795
17.83 976.902
17.609 976.335
17.129 975.017
16.687 973.686
16.281 972.343
15.912 970.99
15.581 969.627
15.287 968.255
15.032 966.876
14.906 966.094
14.814 965.491
14.636 964.1
14.554 963.312
14.496 962.704
14.434 961.914
14.393 961.305
14.354 960.514
14.327 959.889
14.379 959.508
14.552 959.181
14.824 958.942
15.16 958.822
17.267 958.893
19.643 958.993
25.963 959.296
28.551 959.434
28.913 959.524
29.223 959.75
29.436 960.078
29.528 960.461
29.65 961.978
29.791 963.15
29.971 964.316
30.189 965.476
30.445 966.628
30.74 967.771
31.072 968.903
31.441 970.024
31.847 971.132
32.071 971.698
32.147 972.088
32.074 972.464
31.862 972.787
31.542 973.003
28.955 974.089
26.787 975.01
21.052 977.476
19.458 978.176
19.109 978.258
60
106.061 987.332
105.745 987.168
102.368 984.492
97.433 980.531
95.421 978.899
95.18 978.613
95.063 978.249
95.082 977.857
95.234 977.494
96.026 976.194
96.6 975.164
97.141 974.115
97.647 973.048
98.116 971.966
98.55 970.868
98.947 969.756
99.307 968.633
99.63 967.498
99.781 966.908
99.948 966.547
100.229 966.287
100.59 966.151
100.975 966.164
103.707 966.807
106.002 967.335
109.317 968.089
109.909 968.218
112.092 968.711
113.792 969.081
114.123 969.22
114.404 969.496
114.543 969.776
114.585 970.126
114.3 971.306
114.142 971.894
113.924 972.656
113.749 973.24
113.509 973.995
113.318 974.575
113.058 975.323
112.851 975.897
112.571 976.638
112.347 977.206
112.047 977.939
111.808 978.501
111.488 979.226
111.233 979.78
110.893 980.496
110.623 981.043
110.263 981.749
109.978 982.289
109.599 982.985
109.3 983.516
108.902 984.201
108.171 985.398
107.841 985.912
107.407 986.575
107.094 987.019
106.77 987.266
106.418 987.366
56
30.515 995.343
30.19 995.205
29.489 994.543
29.056 994.116
28.114 993.14
27.607 992.591
27.198 992.139
26.706 991.578
26.309 991.115
25.831 990.541
25.448 990.066
24.985 989.48
24.614 988.996
24.167 988.398
23.81 987.903
23.378 987.294
22.62 986.169
21.892 985.024
21.193 983.861
20.527 982.679
19.927 981.546
19.419 980.534
19.294 980.239
19.254 979.866
19.344 979.512
19.552 979.22
19.852 979.029
23.858 977.442
29.601 975.208
32.067 974.264
32.464 974.163
32.733 974.179
33.091 974.329
33.393 974.618
33.661 975.092
34.332 976.296
35.029 977.445
35.678 978.43
36.359 979.393
37.073 980.334
37.817 981.25
38.59 982.141
39.393 983.006
40.222 983.843
40.515 984.153
40.669 984.499
40.681 984.885
40.544 985.247
40.041 985.811
38.505 987.445
37.446 988.586
36.899 989.168
32.662 993.754
31.491 995.043
31.206 995.258
30.826 995.364
58
91.029 1001.64
90.717 1001.46
90.494 1001.18
88.498 997.366
85.601 991.741
84.426 989.431
84.323 989.072
84.364 988.691
84.54 988.342
84.858 988.051
85.634 987.521
86.712 986.739
87.64 986.01
88.544 985.251
89.422 984.463
90.274 983.646
91.098 982.801
91.894 981.93
92.66 981.033
93.287 980.251
93.586 979.989
93.948 979.865
94.334 979.888
94.681 980.056
96.914 981.755
98.797 983.171
103.8 986.905
105.204 987.936
105.449 988.196
105.593 988.563
105.605 988.874
105.501 989.213
104.787 990.142
104.404 990.615
103.896 991.222
103.498 991.685
102.972 992.278
102.563 992.73
102.021 993.309
101.598 993.749
101.041 994.313
100.607 994.741
100.035 995.289
99.588 995.705
99.001 996.237
98.544 996.64
97.943 997.157
97.474 997.547
96.858 998.047
96.379 998.424
95.75 998.906
95.26 999.27
94.618 999.735
93.465 1000.53
92.956 1000.87
92.289 1001.3
91.788 1001.6
91.391 1001.69
54
47.231 1005.88
46.662 1005.67
45.362 1005.14
44.078 1004.58
42.81 1003.98
41.558 1003.35
40.325 1002.68
39.111 1001.98
37.916 1001.24
37.251 1000.81
36.742 1000.47
35.59 999.673
34.95 999.206
34.461 998.842
33.833 998.357
33.354 997.98
32.74 997.479
32.315 997.129
32.072 996.839
31.945 996.491
31.949 996.129
32.085 995.8
33.548 994.28
35.212 992.582
39.667 988.088
41.501 986.257
41.81 986.048
42.185 985.97
42.572 986.029
42.946 986.241
43.69 986.816
44.768 987.598
45.747 988.256
46.748 988.881
47.77 989.472
48.809 990.03
49.867 990.554
50.942 991.041
52.032 991.493
52.97 991.847
53.312 992.051
53.54 992.357
53.638 992.731
53.586 993.112
53.401 993.645
52.66 995.761
52.158 997.234
51.895 997.99
49.89 1003.9
49.344 1005.55
49.171 1005.87
48.867 1006.12
48.575 1006.23
48.222 1006.23
59
71.474 1008.61
71.164 1008.42
70.951 1008.13
70.862 1007.79
70.591 1003.49
70.233 997.169
70.099 994.581
70.15 994.211
70.343 993.88
70.646 993.633
71.018 993.503
71.593 993.4
72.898 993.139
74.046 992.863
75.183 992.55
76.31 992.199
77.425 991.812
78.526 991.388
79.612 990.927
80.684 990.432
81.735 989.901
82.121 989.718
82.531 989.685
82.869 989.788
83.17 990.028
83.551 990.682
84.63 992.648
85.773 994.707
88.825 1000.15
89.688 1001.67
89.806 1002
89.788 1002.4
89.673 1002.69
89.44 1002.95
88.447 1003.49
87.904 1003.77
87.193 1004.12
86.641 1004.38
85.92 1004.71
85.363 1004.96
84.632 1005.26
84.067 1005.5
83.33 1005.78
82.759 1006
82.014 1006.27
81.437 1006.47
80.684 1006.71
80.102 1006.9
79.343 1007.12
78.756 1007.29
77.991 1007.5
77.4 1007.65
76.629 1007.83
76.033 1007.97
75.258 1008.13
73.881 1008.39
73.279 1008.49
72.496 1008.61
71.875 1008.69
58
64.68 1009.14
63.888 1009.13
63.278 1009.11
62.486 1009.08
61.877 1009.04
61.087 1008.98
60.479 1008.93
59.691 1008.85
59.084 1008.78
58.298 1008.68
57.694 1008.6
56.912 1008.47
56.31 1008.37
54.932 1008.11
54.158 1007.94
53.562 1007.81
52.792 1007.62
52.201 1007.47
50.944 1007.13
50.605 1006.96
50.347 1006.7
50.204 1006.36
50.194 1006.01
50.913 1004.02
51.742 1001.79
53.984 995.877
54.915 993.459
55.112 993.142
55.423 992.917
55.8 992.815
56.193 992.846
57.674 993.199
58.832 993.427
59.996 993.617
61.167 993.768
62.342 993.88
63.519 993.953
64.699 993.988
65.879 993.983
67.059 993.939
67.666 993.9
68.061 993.948
68.395 994.134
68.637 994.436
68.744 994.806
68.977 997.602
69.183 999.949
69.756 1006.17
69.929 1007.9
69.899 1008.25
69.723 1008.61
69.5 1008.83
69.179 1008.97
68.092 1009.06
67.484 1009.09
66.693 1009.12
66.082 1009.14
65.29 1009.15
