0.3
0.7
173
66.039 985.969
67.08 985.916
68.119 985.823
69.153 985.691
69.725 985.6
70.469 985.47
71.488 985.25
72.499 984.992
73.499 984.696
74.486 984.363
75.462 983.993
76.422 983.586
77.366 983.143
78.293 982.665
79.201 982.152
80.089 981.606
80.956 981.027
81.801 980.415
82.621 979.772
83.417 979.098
84.187 978.395
84.93 977.663
85.33 977.244
85.842 976.692
86.519 975.9
87.167 975.082
87.783 974.24
88.367 973.377
88.918 972.491
89.435 971.586
89.918 970.661
90.366 969.719
90.778 968.761
91.153 967.789
91.492 966.803
91.793 965.804
92.056 964.795
92.281 963.777
92.467 962.751
92.553 962.179
92.653 961.432
92.751 960.394
92.81 959.353
92.831 958.31
92.811 957.267
92.752 956.226
92.654 955.188
92.517 954.152
92.341 953.124
92.126 952.104
91.874 951.092
91.583 950.091
91.255 949.101
90.889 948.124
90.487 947.162
90.049 946.216
89.576 945.287
89.298 944.78
88.925 944.125
88.374 943.239
87.79 942.376
87.174 941.534
86.527 940.716
85.849 939.923
85.142 939.158
84.406 938.418
83.644 937.707
82.855 937.025
82.041 936.373
81.202 935.753
80.341 935.164
79.459 934.609
78.556 934.088
77.634 933.6
77.115 933.346
76.433 933.025
75.473 932.617
74.499 932.247
73.51 931.913
72.51 931.618
71.5 931.359
70.481 931.139
69.454 930.958
68.421 930.816
67.383 930.711
66.342 930.648
65.3 930.623
64.257 930.637
63.215 930.69
62.177 930.783
61.142 930.915
60.57 931.006
59.827 931.136
58.808 931.356
57.797 931.614
56.797 931.91
55.809 932.243
54.834 932.613
53.874 933.02
52.93 933.463
52.003 933.941
51.095 934.454
50.207 935
49.34 935.579
48.495 936.191
47.675 936.834
46.878 937.508
46.109 938.211
45.365 938.943
44.966 939.362
44.454 939.914
43.777 940.706
43.129 941.524
42.513 942.366
41.929 943.229
41.378 944.115
40.86 945.02
40.378 945.945
39.93 946.887
39.518 947.845
39.143 948.817
38.804 949.803
38.503 950.802
38.24 951.811
38.014 952.829
37.828 953.855
37.743 954.427
37.642 955.174
37.544 956.212
37.486 957.253
37.465 958.296
37.485 959.339
37.543 960.38
37.641 961.418
37.779 962.454
37.955 963.482
38.169 964.502
38.422 965.514
38.713 966.515
39.041 967.505
39.407 968.482
39.809 969.444
40.247 970.39
40.72 971.319
41.371 972.481
41.922 973.367
42.506 974.23
43.122 975.072
43.769 975.89
44.447 976.683
45.154 977.448
45.89 978.188
46.652 978.899
47.441 979.581
48.255 980.233
49.094 980.853
49.954 981.442
50.837 981.997
51.74 982.518
52.662 983.006
53.181 983.26
53.863 983.581
54.823 983.989
55.797 984.359
56.786 984.693
57.785 984.988
58.796 985.247
59.815 985.467
60.842 985.648
61.875 985.79
62.913 985.895
63.954 985.958
64.996 985.983
166
63.695 983.747
62.7 983.671
61.708 983.555
60.722 983.4
59.74 983.207
58.769 982.976
57.808 982.707
56.857 982.4
55.92 982.057
54.997 981.676
54.09 981.26
53.311 980.868
52.813 980.606
51.949 980.106
51.105 979.572
50.284 979.005
49.484 978.407
48.709 977.778
47.958 977.119
47.235 976.431
46.539 975.716
45.871 974.973
45.234 974.205
44.626 973.413
44.051 972.597
43.508 971.759
42.998 970.901
42.581 970.135
42.32 969.637
41.893 968.734
41.503 967.815
41.149 966.882
40.831 965.935
40.552 964.977
40.309 964.008
40.105 963.031
39.939 962.046
39.812 961.056
39.724 960.061
39.676 959.065
39.666 958.066
39.695 957.068
39.763 956.072
39.871 955.08
39.997 954.216
40.088 953.659
40.289 952.682
40.528 951.713
40.806 950.753
41.12 949.806
41.472 948.871
41.859 947.951
42.283 947.047
42.742 946.161
43.235 945.292
43.761 944.444
44.321 943.617
44.913 942.813
45.535 942.033
46.187 941.277
46.87 940.548
47.488 939.933
47.894 939.544
48.642 938.883
49.416 938.252
50.213 937.651
51.033 937.082
51.875 936.546
52.738 936.043
53.619 935.574
54.519 935.14
55.434 934.742
56.365 934.38
57.309 934.055
58.264 933.767
59.231 933.517
60.207 933.305
61.066 933.151
61.62 933.062
62.612 932.943
63.607 932.863
64.604 932.823
65.603 932.821
66.601 932.859
67.596 932.935
68.588 933.051
69.574 933.206
70.556 933.399
71.527 933.63
72.488 933.899
73.438 934.206
74.376 934.549
75.299 934.93
76.206 935.346
76.985 935.738
77.483 936
78.347 936.5
79.19 937.034
80.012 937.601
80.812 938.199
81.587 938.828
82.337 939.487
83.061 940.175
83.757 940.89
84.425 941.633
85.062 942.401
85.67 943.193
86.245 944.009
86.788 944.847
87.298 945.705
87.715 946.471
87.976 946.969
88.402 947.872
88.793 948.791
89.147 949.724
89.465 950.671
89.744 951.629
89.987 952.598
90.191 953.575
90.357 954.56
90.484 955.55
90.571 956.545
90.62 957.541
90.63 958.54
90.601 959.538
90.533 960.534
90.425 961.526
90.299 962.39
90.208 962.947
90.007 963.924
89.768 964.893
89.49 965.853
89.176 966.8
88.824 967.735
88.437 968.655
88.013 969.559
87.554 970.445
87.061 971.314
86.534 972.162
85.975 972.989
85.383 973.793
84.761 974.573
84.108 975.329
83.426 976.058
82.807 976.673
82.402 977.062
81.654 977.723
80.88 978.354
80.083 978.955
79.262 979.524
78.42 980.06
77.558 980.563
76.676 981.032
75.777 981.466
74.861 981.864
73.931 982.226
72.987 982.551
72.032 982.839
71.065 983.089
70.089 983.301
69.23 983.455
68.676 983.544
67.684 983.663
66.689 983.743
65.692 983.783
64.693 983.785
228
66.781 1010.1
68.208 1010.04
69.632 1009.93
71.053 1009.79
72.469 1009.61
73.88 1009.39
75.284 1009.13
76.681 1008.83
78.069 1008.49
79.447 1008.12
80.814 1007.7
82.169 1007.25
83.511 1006.76
84.84 1006.24
86.153 1005.68
87.451 1005.08
88.731 1004.45
89.994 1003.78
91.238 1003.08
92.462 1002.35
93.665 1001.58
94.846 1000.77
96.005 999.939
97.141 999.073
98.252 998.176
99.338 997.249
100.398 996.292
101.432 995.306
102.437 994.293
103.415 993.251
104.363 992.184
105.282 991.09
106.17 989.972
107.027 988.83
107.853 987.664
108.645 986.476
109.405 985.267
110.131 984.037
110.823 982.788
111.481 981.52
112.103 980.235
112.689 978.933
113.24 977.615
113.754 976.282
114.231 974.936
114.67 973.577
115.072 972.207
115.436 970.826
115.762 969.436
116.05 968.037
116.299 966.631
116.509 965.218
116.68 963.8
116.812 962.378
116.904 960.953
116.958 959.526
116.972 958.098
116.947 956.67
116.882 955.243
116.778 953.819
116.635 952.398
116.453 950.982
116.231 949.571
115.971 948.166
115.673 946.77
115.336 945.382
114.961 944.004
114.548 942.637
114.097 941.282
113.61 939.939
113.085 938.611
112.524 937.298
111.928 936
111.295 934.72
110.628 933.457
109.926 932.213
109.19 930.989
108.421 929.786
107.619 928.605
106.784 927.446
105.918 926.31
105.021 925.199
104.094 924.113
103.137 923.053
102.151 922.019
101.138 921.013
100.096 920.036
99.029 919.087
97.935 918.169
96.817 917.281
95.675 916.424
94.509 915.598
93.321 914.806
92.112 914.046
90.882 913.32
89.633 912.628
88.365 911.97
87.08 911.348
85.777 910.762
84.46 910.211
83.127 909.697
81.781 909.22
80.422 908.781
79.052 908.379
77.671 908.014
76.281 907.689
74.882 907.401
73.475 907.152
72.063 906.942
70.645 906.771
69.223 906.639
67.798 906.546
66.371 906.493
64.943 906.479
63.515 906.504
62.088 906.569
60.664 906.673
59.243 906.816
57.826 906.998
56.416 907.22
55.011 907.48
53.615 907.778
52.227 908.115
50.849 908.49
49.482 908.903
48.127 909.354
46.784 909.841
45.456 910.366
44.143 910.926
42.845 911.523
41.565 912.156
40.302 912.823
39.058 913.525
37.834 914.261
36.631 915.03
35.45 915.832
34.291 916.667
33.155 917.533
32.044 918.43
30.958 919.357
29.898 920.314
28.864 921.3
27.858 922.313
26.881 923.355
25.932 924.422
25.014 925.516
24.126 926.634
23.268 927.776
22.443 928.942
21.65 930.13
20.891 931.339
20.164 932.569
19.472 933.818
18.815 935.086
18.193 936.371
17.607 937.673
17.056 938.991
16.542 940.324
16.065 941.67
15.626 943.029
15.224 944.399
14.859 945.78
14.533 947.17
14.246 948.569
13.997 949.975
13.787 951.388
13.616 952.806
13.484 954.228
13.391 955.653
13.338 957.08
13.324 958.508
13.349 959.936
13.414 961.363
13.518 962.787
13.661 964.208
13.843 965.624
14.065 967.035
14.325 968.44
14.623 969.836
14.96 971.224
15.335 972.602
15.748 973.969
16.199 975.324
16.686 976.667
17.211 977.995
17.771 979.308
18.368 980.606
19 981.886
19.668 983.149
20.37 984.393
21.106 985.617
21.875 986.82
22.677 988.001
23.511 989.16
24.378 990.296
25.275 991.407
26.202 992.493
27.159 993.553
28.144 994.587
29.158 995.593
30.199 996.57
31.267 997.519
32.361 998.437
33.479 999.325
34.621 1000.18
35.787 1001.01
36.975 1001.8
38.184 1002.56
39.414 1003.29
40.663 1003.98
41.931 1004.64
43.216 1005.26
44.518 1005.84
45.836 1006.39
47.169 1006.91
48.515 1007.39
49.874 1007.83
51.244 1008.23
52.625 1008.59
54.015 1008.92
55.414 1009.21
56.82 1009.45
58.233 1009.66
59.651 1009.84
61.073 1009.97
62.498 1010.06
63.925 1010.11
65.353 1010.13
54
57.061 923.435
56.696 923.259
56.428 922.972
56.299 922.633
56.068 921.175
55.773 919.263
55.448 917.095
54.923 913.366
54.814 912.548
54.582 910.732
54.622 910.366
54.82 910.03
55.152 909.768
55.623 909.608
57.043 909.353
58.425 909.144
59.812 908.975
61.203 908.845
62.597 908.753
63.993 908.701
65.391 908.689
66.788 908.716
67.575 908.746
68.618 908.806
69.998 908.922
70.612 908.988
71.347 909.073
72.41 909.22
72.931 909.311
73.253 909.425
73.646 909.701
73.902 910.065
73.977 910.457
73.523 911.938
73.072 913.383
72.299 915.925
71.711 917.902
71.462 918.768
71.08 920.066
70.467 922.226
70.276 922.569
69.941 922.811
69.512 922.913
68.973 922.88
68.355 922.817
67.18 922.73
66.003 922.682
64.824 922.674
63.646 922.704
62.47 922.773
61.297 922.879
60.128 923.026
58.964 923.211
57.475 923.482
57
83.529 927.747
83.061 927.496
82.5 927.178
81.822 926.814
80.771 926.279
79.704 925.78
78.621 925.317
77.523 924.89
76.411 924.499
75.287 924.145
74.152 923.828
73.524 923.669
72.714 923.482
72.21 923.328
71.942 923.16
71.681 922.851
71.553 922.478
71.573 922.118
71.953 920.692
72.462 918.825
73.046 916.712
74.083 913.092
74.318 912.301
74.845 910.549
75.03 910.231
75.347 910.004
75.757 909.9
76.213 909.935
77.06 910.135
78.411 910.49
79.752 910.882
81.081 911.312
82.398 911.78
83.702 912.284
84.99 912.825
86.262 913.401
87.518 914.014
88.048 914.289
88.869 914.722
90.14 915.438
91.136 916.037
91.765 916.429
92.185 916.713
92.432 916.947
92.679 917.359
92.767 917.796
92.675 918.184
91.658 919.354
90.658 920.489
88.918 922.498
88.485 923.006
87.576 924.064
86.997 924.753
86.12 925.784
84.682 927.509
84.367 927.744
83.962 927.829
55
43.173 929.726
42.811 929.571
42.556 929.316
41.751 928.078
40.704 926.452
39.526 924.603
37.53 921.41
37.098 920.707
36.147 919.142
36.036 918.792
36.079 918.404
36.276 918.03
36.644 917.69
37.578 917.05
38.75 916.29
39.944 915.563
41.157 914.87
42.39 914.213
43.64 913.589
44.908 913.002
46.192 912.45
46.988 912.132
47.753 911.834
48.967 911.397
49.583 911.191
50.308 910.955
51.184 910.692
51.862 910.497
52.424 910.362
52.912 910.382
53.351 910.544
53.661 910.827
53.752 911.001
53.941 912.541
54.116 914.043
54.302 915.56
54.711 918.725
54.835 919.615
55.015 920.958
55.334 923.18
55.298 923.573
55.09 923.93
54.74 924.197
52.889 924.843
52.169 925.119
51.078 925.566
50.004 926.049
48.946 926.567
47.905 927.121
46.883 927.708
45.882 928.328
44.902 928.982
44.354 929.359
43.976 929.614
43.578 929.738
55
94.73 938.116
94.368 937.865
93.182 936.304
92.697 935.704
91.934 934.805
91.143 933.933
90.323 933.087
89.475 932.268
88.601 931.478
87.701 930.718
86.777 929.987
86.25 929.583
85.825 929.224
85.649 928.962
85.535 928.573
85.571 928.181
85.735 927.859
86.663 926.711
87.887 925.213
89.28 923.521
91.7 920.636
92.235 920.008
93.43 918.621
93.728 918.406
94.111 918.328
94.528 918.4
94.931 918.619
95.863 919.334
96.947 920.214
98.007 921.125
99.041 922.065
100.048 923.034
101.027 924.031
101.977 925.055
102.899 926.105
103.427 926.739
103.982 927.417
104.758 928.419
105.145 928.941
105.592 929.559
106.115 930.309
106.508 930.894
106.81 931.387
106.942 931.858
106.924 932.324
106.75 932.707
106.614 932.848
105.208 933.503
103.833 934.134
102.447 934.78
99.563 936.146
98.755 936.54
97.534 937.125
95.519 938.116
95.134 938.203
58
32.719 941.011
31.48 940.208
29.862 939.147
28.033 937.938
24.911 935.834
24.231 935.367
22.727 934.324
22.482 934.05
22.365 933.677
22.392 933.255
22.586 932.8
23.018 932.089
23.774 930.914
24.561 929.76
25.381 928.628
26.232 927.521
27.114 926.437
28.027 925.379
28.969 924.346
29.94 923.341
30.365 922.922
31.03 922.275
31.463 921.874
32.104 921.288
32.574 920.875
32.981 920.526
33.55 920.049
33.948 919.737
34.247 919.573
34.715 919.467
35.158 919.518
35.499 919.725
36.296 921.055
37.068 922.356
37.855 923.667
39.515 926.392
39.992 927.156
40.702 928.308
41.896 930.208
42.023 930.582
41.979 930.992
41.767 931.38
41.385 931.747
40.91 932.181
40.352 932.714
39.519 933.548
38.715 934.409
37.94 935.296
37.194 936.208
36.479 937.145
35.795 938.104
35.143 939.086
34.797 939.634
34.369 940.346
34.067 940.779
33.825 940.982
33.449 941.135
33.056 941.141
182
63.986 991.404
62.844 991.345
61.705 991.245
60.57 991.107
59.441 990.929
58.318 990.713
57.203 990.458
56.098 990.164
55.004 989.833
53.922 989.464
52.853 989.058
51.798 988.615
50.76 988.136
49.739 987.622
48.736 987.073
47.753 986.489
46.79 985.872
45.85 985.221
44.932 984.539
44.038 983.826
43.17 983.082
42.328 982.309
41.513 981.507
40.725 980.677
39.968 979.82
39.241 978.939
38.544 978.032
37.878 977.102
37.246 976.149
36.646 975.176
36.081 974.182
35.55 973.169
35.055 972.139
34.595 971.092
34.172 970.03
33.786 968.954
33.437 967.865
33.125 966.764
32.852 965.654
32.618 964.535
32.422 963.408
32.265 962.275
32.148 961.138
32.069 959.997
32.031 958.854
32.031 957.713
32.072 956.571
32.151 955.429
32.27 954.292
32.428 953.16
32.625 952.033
32.861 950.915
33.135 949.805
33.448 948.704
33.798 947.616
34.185 946.54
34.61 945.478
35.071 944.432
35.568 943.402
36.099 942.39
36.666 941.397
37.267 940.424
37.9 939.472
38.567 938.543
39.265 937.637
39.993 936.756
40.752 935.901
41.54 935.072
42.356 934.271
43.199 933.499
44.068 932.755
44.963 932.043
45.881 931.362
46.822 930.713
47.785 930.097
48.77 929.514
49.773 928.966
50.795 928.453
51.834 927.976
52.889 927.534
53.958 927.129
55.041 926.762
56.135 926.431
57.241 926.139
58.356 925.885
59.479 925.67
60.609 925.494
61.744 925.357
62.883 925.259
64.025 925.2
65.167 925.181
66.31 925.202
67.451 925.261
68.591 925.361
69.726 925.499
70.855 925.677
71.978 925.893
73.092 926.148
74.198 926.442
75.292 926.773
76.374 927.142
77.443 927.548
78.497 927.991
79.536 928.47
80.557 928.984
81.56 929.533
82.543 930.117
83.506 930.734
84.446 931.385
85.364 932.067
86.258 932.78
87.126 933.524
87.968 934.297
88.783 935.099
89.57 935.929
90.328 936.786
91.055 937.667
91.752 938.574
92.417 939.504
93.05 940.457
93.649 941.43
94.215 942.424
94.746 943.437
95.241 944.467
95.701 945.514
96.124 946.576
96.51 947.652
96.859 948.741
97.171 949.842
97.444 950.952
97.678 952.071
97.874 953.198
98.03 954.331
98.148 955.468
98.226 956.609
98.265 957.752
98.265 958.893
98.224 960.035
98.145 961.177
98.026 962.314
97.868 963.446
97.671 964.573
97.435 965.691
97.161 966.801
96.848 967.902
96.498 968.99
96.111 970.066
95.686 971.128
95.225 972.174
94.728 973.204
94.196 974.216
93.63 975.209
93.029 976.182
92.395 977.134
91.729 978.063
91.031 978.969
90.303 979.85
89.544 980.705
88.756 981.534
87.94 982.335
87.097 983.107
86.228 983.851
85.333 984.563
84.415 985.244
83.473 985.893
82.51 986.509
81.526 987.092
80.523 987.64
79.501 988.153
78.462 988.63
77.407 989.072
76.338 989.477
75.255 989.844
74.16 990.175
73.055 990.467
71.94 990.721
70.817 990.936
69.687 991.112
68.552 991.249
67.413 991.347
66.271 991.406
65.129 991.425
56
100.717 952.138
100.384 951.893
100.155 951.517
100.019 950.995
99.89 950.387
99.609 949.242
99.291 948.108
98.935 946.984
98.542 945.873
98.113 944.776
97.648 943.694
97.147 942.627
96.507 941.372
96.12 940.677
95.865 940.147
95.811 939.836
95.865 939.436
96.056 939.092
96.338 938.865
97.652 938.194
99.38 937.323
101.342 936.344
103.541 935.267
105.47 934.336
107.126 933.555
107.486 933.48
107.867 933.564
108.219 933.799
108.493 934.154
108.739 934.601
109.33 935.722
109.935 936.946
110.506 938.187
111.042 939.443
111.543 940.713
112.009 941.996
112.439 943.293
112.834 944.599
113.03 945.297
113.295 946.308
113.611 947.658
113.738 948.262
113.884 948.987
114.074 950.044
114.147 950.565
114.14 950.906
113.997 951.365
113.732 951.722
113.382 951.915
111.832 951.941
110.318 951.958
106.995 952.026
105.6 952.06
104.702 952.091
103.347 952.129
101.103 952.214
56
27.031 955.467
25.122 955.155
22.959 954.795
19.25 954.142
18.439 953.992
16.642 953.651
16.306 953.5
16.048 953.208
15.902 952.811
15.893 952.315
15.959 951.796
16.089 950.884
16.318 949.506
16.585 948.135
16.891 946.771
17.235 945.417
17.617 944.074
18.037 942.741
18.494 941.42
18.767 940.68
19.145 939.707
19.683 938.43
19.936 937.867
20.244 937.194
20.712 936.229
20.959 935.762
21.166 935.49
21.55 935.202
21.975 935.07
22.372 935.12
23.641 936.01
24.875 936.886
25.719 937.472
26.127 937.763
28.752 939.577
29.498 940.081
30.615 940.845
32.481 942.095
32.748 942.384
32.874 942.777
32.838 943.217
32.641 943.718
32.39 944.287
31.944 945.377
31.535 946.482
31.162 947.601
30.827 948.73
30.529 949.87
30.269 951.02
30.048 952.177
29.864 953.34
29.661 954.84
29.487 955.219
29.207 955.512
28.85 955.678
28.489 955.696
57
110.383 971.479
108.994 970.88
107.587 970.282
104.642 969.053
103.807 968.715
102.556 968.2
100.471 967.365
100.149 967.138
99.944 966.78
99.888 966.342
99.983 965.82
100.111 965.188
100.248 964.429
100.432 963.265
100.577 962.096
100.682 960.922
100.749 959.746
100.778 958.568
100.767 957.39
100.717 956.212
100.676 955.567
100.603 954.739
100.593 954.211
100.671 953.905
100.884 953.561
101.197 953.324
101.547 953.231
103.022 953.154
104.954 953.06
107.144 952.964
109.591 952.874
111.732 952.808
113.563 952.767
113.923 952.846
114.236 953.078
114.461 953.435
114.567 953.882
114.639 954.747
114.72 956.142
114.761 957.538
114.762 958.936
114.725 960.333
114.648 961.728
114.532 963.12
114.376 964.508
114.182 965.893
114.085 966.481
113.926 967.396
113.813 967.974
113.638 968.826
113.375 969.958
113.197 970.677
113.057 971.164
112.911 971.472
112.596 971.834
112.207 972.052
111.809 972.085
55
18.575 973.782
18.219 973.62
17.924 973.317
17.716 972.867
17.394 971.776
17.034 970.426
16.712 969.066
16.428 967.698
16.183 966.322
15.976 964.941
15.81 963.554
15.681 962.162
15.626 961.339
15.576 960.464
15.537 959.197
15.532 958.547
15.532 957.784
15.552 956.869
15.576 956.166
15.623 955.591
15.793 955.128
16.083 954.764
16.447 954.558
16.641 954.523
19.645 955.118
20.655 955.311
21.146 955.41
24.282 955.999
25.169 956.156
26.5 956.4
28.713 956.783
29.074 956.938
29.349 957.247
29.496 957.663
29.537 959.622
29.579 960.393
29.667 961.568
29.792 962.739
29.959 963.906
30.163 965.066
30.406 966.219
30.686 967.363
31.005 968.498
31.195 969.135
31.327 969.675
31.316 969.991
31.179 970.371
30.921 970.669
30.598 970.832
29.173 971.215
27.302 971.708
25.18 972.257
21.526 973.169
20.724 973.362
18.942 973.783
56
102.346 989.96
102.17 989.873
101.113 988.738
100.088 987.626
99.385 986.877
99.046 986.508
96.855 984.187
96.23 983.54
95.296 982.56
93.732 980.949
93.531 980.61
93.488 980.2
93.615 979.777
94.733 978.167
95.153 977.52
95.772 976.517
96.358 975.495
96.909 974.453
97.426 973.394
97.907 972.319
98.352 971.228
98.761 970.123
98.983 969.497
99.193 968.982
99.388 968.734
99.724 968.506
100.106 968.418
100.463 968.475
101.842 969.002
103.645 969.704
105.686 970.506
109.177 971.915
109.939 972.231
111.627 972.938
111.924 973.155
112.116 973.495
112.176 973.914
112.092 974.365
111.701 975.473
111.198 976.776
110.66 978.066
110.086 979.339
109.476 980.596
108.83 981.835
108.15 983.056
107.436 984.257
106.996 984.954
106.522 985.692
105.81 986.739
105.431 987.269
104.983 987.885
104.429 988.614
103.996 989.168
103.62 989.608
103.214 989.88
102.764 990.006
60
28.506 991.383
28.114 991.226
27.741 990.901
27.271 990.354
26.401 989.297
25.56 988.215
24.75 987.111
23.97 985.985
23.223 984.837
22.507 983.669
21.823 982.483
21.415 981.736
20.984 980.92
20.75 980.452
20.34 979.617
20.092 979.083
19.733 978.291
19.486 977.716
19.279 977.22
19 976.534
18.829 976.059
18.765 975.723
18.809 975.245
18.993 974.841
19.296 974.58
20.806 974.232
22.284 973.901
26.878 972.82
27.75 972.603
29.067 972.284
31.243 971.735
31.637 971.729
32.014 971.899
32.317 972.219
32.548 972.697
32.814 973.283
33.149 973.978
33.586 974.844
33.875 975.387
34.175 975.923
34.456 976.413
34.859 977.071
35.496 978.062
36.165 979.031
36.867 979.978
37.599 980.902
38.013 981.399
38.558 982.027
38.876 982.448
38.995 982.741
39.024 983.144
38.909 983.521
38.681 983.802
37.535 984.731
36.026 985.942
34.311 987.307
31.344 989.627
30.69 990.13
29.233 991.238
28.897 991.386
56
86.42 1002.48
86.129 1002.2
85.624 1000.74
85.141 999.302
84.644 997.857
83.586 994.846
83.279 994.001
82.824 992.725
82.05 990.618
82.003 990.226
82.132 989.834
82.42 989.499
82.875 989.211
83.412 988.898
84.414 988.278
85.394 987.624
86.353 986.938
87.288 986.222
88.199 985.475
89.085 984.698
89.945 983.891
90.777 983.058
91.823 981.963
92.185 981.759
92.584 981.687
92.97 981.763
93.273 981.959
94.318 983.002
95.68 984.376
97.217 985.939
99.833 988.647
100.402 989.246
101.656 990.578
101.839 990.897
101.877 991.286
101.762 991.693
101.501 992.071
101.118 992.481
100.477 993.141
99.482 994.122
98.459 995.074
97.411 995.997
96.336 996.89
95.237 997.753
94.114 998.584
92.968 999.383
92.312 999.822
91.434 1000.39
90.872 1000.73
90.249 1001.1
89.714 1001.41
89.069 1001.77
88.123 1002.28
87.648 1002.51
87.322 1002.61
86.841 1002.62
52
44.233 1003.3
43.759 1003.07
42.932 1002.67
41.692 1002.02
40.471 1001.35
39.268 1000.63
38.087 999.889
36.927 999.111
35.789 998.299
34.675 997.456
34.055 996.968
33.247 996.308
32.198 995.402
31.196 994.487
30.422 993.744
30.055 993.363
29.86 993.082
29.705 992.628
29.71 992.184
29.881 991.823
32.333 989.986
33.555 989.067
36.091 987.13
36.8 986.577
37.873 985.751
39.638 984.363
39.996 984.198
40.409 984.199
40.816 984.369
41.231 984.713
41.695 985.127
42.594 985.888
43.519 986.619
44.467 987.318
45.437 987.986
46.429 988.621
47.442 989.224
48.474 989.792
49.525 990.327
50.888 990.983
51.195 991.266
51.387 991.622
51.435 992.013
51.34 992.362
50.672 993.678
49.786 995.398
48.774 997.343
47.008 1000.67
45.734 1003
45.488 1003.27
45.129 1003.43
44.707 1003.44
57
67.383 1007.8
66.941 1007.61
66.614 1007.31
66.46 1006.94
66.595 1005.39
66.736 1003.89
66.87 1002.37
67.128 999.186
67.192 998.289
67.295 996.938
67.445 994.697
67.562 994.322
67.839 994.016
68.238 993.827
68.763 993.756
69.403 993.683
70.168 993.58
71.332 993.395
72.488 993.171
73.637 992.91
74.777 992.61
75.906 992.273
77.023 991.898
78.127 991.487
78.728 991.247
79.494 990.923
79.993 990.75
80.308 990.728
80.701 990.824
81.023 991.049
81.22 991.354
81.749 992.732
82.435 994.541
83.203 996.594
84.045 998.893
84.769 1000.91
85.373 1002.64
85.41 1003
85.286 1003.37
85.016 1003.7
84.624 1003.94
83.823 1004.27
82.522 1004.78
81.206 1005.25
79.878 1005.68
78.538 1006.08
77.187 1006.44
75.827 1006.76
74.459 1007.04
73.083 1007.28
72.493 1007.37
71.573 1007.5
70.989 1007.57
70.124 1007.67
68.966 1007.77
68.228 1007.83
67.721 1007.84
55
63.204 1007.88
61.809 1007.81
60.417 1007.7
59.028 1007.54
57.644 1007.35
56.266 1007.12
54.895 1006.85
53.532 1006.54
52.733 1006.34
51.884 1006.12
50.668 1005.76
50.048 1005.57
49.324 1005.33
48.459 1005.03
47.799 1004.79
47.264 1004.57
46.88 1004.26
46.621 1003.87
46.536 1003.46
46.564 1003.27
47.316 1001.91
48.057 1000.59
48.799 999.257
50.328 996.457
50.751 995.662
51.395 994.472
52.443 992.486
52.703 992.19
53.081 992.023
53.522 992.013
55.399 992.578
56.143 992.778
57.289 993.056
58.442 993.297
59.602 993.5
60.769 993.664
61.941 993.789
63.116 993.876
64.293 993.924
64.957 993.942
65.513 993.982
65.809 994.091
66.129 994.339
66.331 994.676
66.387 995.033
66.312 996.508
66.202 998.439
66.07 1000.63
65.808 1004.38
65.742 1005.21
65.593 1007.03
65.477 1007.38
65.214 1007.67
64.834 1007.85
64.387 1007.91
