0.3
0.7
1009
55.405 1014.87
55.788 1014.22
56.122 1013.7
56.54 1013.07
56.9 1012.57
57.351 1011.97
57.734 1011.48
58.217 1010.9
58.624 1010.44
59.137 1009.89
59.565 1009.44
60.556 1008.49
61.597 1007.6
62.681 1006.76
63.187 1006.4
63.806 1005.98
64.329 1005.65
64.971 1005.25
65.509 1004.95
66.171 1004.59
66.723 1004.31
67.404 1003.99
67.969 1003.74
69.243 1003.23
70.54 1002.79
71.859 1002.41
73.196 1002.11
73.805 1001.99
74.546 1001.87
75.16 1001.79
75.907 1001.7
76.524 1001.65
77.487 1001.6
78.646 1001.58
79.265 1001.59
80.634 1001.66
81.998 1001.8
83.352 1002.02
83.959 1002.14
84.694 1002.3
85.293 1002.46
86.359 1002.76
87.323 1003.08
87.905 1003.29
88.605 1003.56
89.176 1003.8
89.86 1004.12
90.418 1004.38
91.631 1005.02
92.807 1005.73
93.85 1006.43
94.348 1006.79
95.043 1007.32
95.522 1007.71
96.097 1008.19
96.557 1008.61
97.104 1009.12
97.544 1009.56
98.062 1010.1
98.48 1010.56
99.366 1011.61
100.183 1012.68
102.423 1010.45
101.906 1009.78
101.583 1009.37
101.258 1008.98
101.086 1008.69
101.014 1008.36
101.055 1008.02
101.206 1007.72
101.544 1007.25
102.861 1005.38
105.36 1001.74
105.837 1001.05
106.46 1000.18
107.095 999.321
107.748 998.476
108.254 997.856
108.775 997.25
109.426 996.545
110.022 995.948
110.507 995.5
110.917 995.144
111.437 994.721
111.976 994.315
112.481 993.961
112.945 993.663
113.417 993.37
114.067 993.007
114.738 992.67
115.423 992.358
116.242 992.027
117.081 991.727
117.939 991.459
118.82 991.218
119.517 991.049
120.229 990.893
121.196 990.704
122.098 990.546
123.162 990.377
125.357 990.045
126.445 989.872
127.512 989.687
128.752 989.443
129.973 989.165
131.038 988.886
132.22 988.537
132.944 988.303
133.52 988.103
134.653 987.675
135.76 987.215
136.584 986.845
137.4 986.457
138.208 986.051
139.575 985.318
140.427 984.833
141.058 984.462
141.52 984.181
142.277 983.713
143.515 982.916
144.499 982.256
145.571 981.516
146.436 980.906
147.974 979.796
148.796 979.188
150.449 977.954
151.528 977.136
151.933 976.784
152.134 976.545
151.812 976.108
151.363 975.472
150.712 975.894
150.22 976.191
149.612 976.589
148.256 977.456
146.29 978.734
145.847 979.033
143.454 980.577
142.807 980.987
141.329 981.896
140.463 982.417
139.583 982.933
138.692 983.44
137.169 984.27
136.534 984.6
135.313 985.189
134.555 985.539
133.728 985.899
132.848 986.262
131.952 986.605
131.038 986.931
130.201 987.208
129.409 987.449
128.606 987.674
127.955 987.847
127.367 987.991
126.736 988.135
125.926 988.313
124.262 988.626
121.933 989.034
120.957 989.214
120.089 989.382
119.464 989.513
118.874 989.644
118.178 989.813
117.482 989.997
116.615 990.255
115.756 990.545
114.896 990.872
114.105 991.216
113.522 991.494
112.95 991.792
112.391 992.108
111.847 992.441
111.117 992.933
110.526 993.374
109.958 993.833
109.413 994.312
108.887 994.81
108.507 995.192
108.119 995.605
107.579 996.213
107.066 996.827
106.569 997.454
105.972 998.247
105.286 999.196
104.275 1000.65
102.121 1003.85
101.624 1004.58
100.906 1005.61
100.394 1006.33
100.19 1006.54
99.944 1006.69
99.667 1006.75
99.381 1006.74
99.112 1006.65
98.785 1006.4
97.936 1005.65
96.831 1004.74
95.684 1003.89
95.269 1003.6
94.805 1003.28
94.584 1003.03
94.455 1002.71
94.437 1002.38
94.619 1001.79
95.419 999.442
96.792 995.245
97.057 994.455
97.407 993.442
97.775 992.438
98.163 991.443
98.474 990.706
98.803 989.977
99.229 989.118
99.633 988.377
99.972 987.809
100.265 987.352
100.644 986.8
101.048 986.259
101.432 985.777
101.793 985.36
102.164 984.947
102.686 984.415
103.234 983.903
103.804 983.411
104.497 982.862
105.217 982.338
105.965 981.839
106.742 981.359
107.363 981
108.003 980.651
108.877 980.197
109.697 979.791
110.671 979.33
112.685 978.392
113.679 977.92
114.65 977.441
115.771 976.858
116.865 976.248
117.808 975.679
118.844 975.012
119.473 974.584
119.969 974.229
120.935 973.499
121.868 972.747
122.555 972.159
123.228 971.557
123.89 970.94
124.995 969.853
125.675 969.146
126.176 968.612
126.54 968.212
127.134 967.55
128.098 966.437
128.856 965.525
129.676 964.514
130.334 963.685
131.497 962.186
132.115 961.371
133.353 959.722
134.158 958.633
134.447 958.18
134.576 957.897
134.142 957.567
133.53 957.083
133.025 957.672
132.637 958.094
132.165 958.648
129.583 961.641
129.241 962.054
127.381 964.21
126.875 964.784
126.367 965.352
125.714 966.074
125.03 966.817
124.331 967.56
123.618 968.298
122.39 969.523
121.875 970.019
120.869 970.928
120.24 971.477
119.548 972.056
118.806 972.651
118.043 973.233
117.256 973.804
116.532 974.305
115.84 974.76
115.134 975.202
114.557 975.551
114.034 975.854
113.469 976.172
112.742 976.569
111.232 977.339
110.336 977.786
109.115 978.387
108.226 978.835
107.443 979.241
106.878 979.542
106.351 979.834
105.728 980.192
105.113 980.566
104.356 981.057
103.613 981.577
102.88 982.133
102.217 982.686
101.736 983.117
101.271 983.564
100.824 984.024
100.397 984.497
99.835 985.175
99.391 985.764
98.976 986.366
98.587 986.979
98.224 987.604
97.965 988.079
97.711 988.583
97.364 989.32
97.045 990.053
96.744 990.795
96.396 991.723
96.005 992.827
95.444 994.511
94.921 996.167
94.007 999.021
93.608 1000.21
93.321 1001.05
93.186 1001.31
92.988 1001.52
92.741 1001.66
92.464 1001.73
92.179 1001.72
91.755 1001.55
90.73 1001.07
89.414 1000.52
88.073 1000.02
87.204 999.739
86.902 999.589
86.663 999.349
86.515 999.044
86.483 998.617
86.514 998.075
86.605 995.843
86.74 991.43
86.772 990.597
86.824 989.526
86.893 988.458
86.985 987.395
87.076 986.6
87.187 985.809
87.353 984.863
87.531 984.04
87.697 983.399
87.849 982.878
88.058 982.241
88.292 981.608
88.525 981.037
88.754 980.536
88.993 980.035
89.346 979.378
89.727 978.732
90.135 978.099
90.645 977.376
91.188 976.672
91.765 975.982
92.376 975.303
92.872 974.783
93.386 974.268
94.097 973.587
94.77 972.966
95.574 972.248
97.241 970.782
98.063 970.049
98.86 969.316
99.771 968.44
100.649 967.546
101.394 966.735
102.199 965.803
102.683 965.214
103.058 964.735
103.78 963.763
104.462 962.778
104.957 962.02
105.433 961.253
105.893 960.474
106.647 959.12
107.101 958.25
107.431 957.596
107.668 957.111
108.052 956.308
108.661 954.968
109.133 953.88
109.636 952.679
110.033 951.698
110.727 949.932
111.09 948.976
111.813 947.045
112.277 945.773
112.429 945.258
112.469 944.948
111.963 944.755
111.24 944.464
110.92 945.17
110.667 945.684
110.37 946.349
108.736 949.948
108.525 950.441
107.347 953.034
107.023 953.728
106.273 955.291
105.826 956.198
105.365 957.107
104.888 958.016
104.056 959.537
103.701 960.158
102.992 961.314
102.543 962.018
102.042 962.768
101.498 963.548
100.93 964.322
100.336 965.091
99.782 965.776
99.246 966.407
98.693 967.03
98.238 967.528
97.822 967.966
97.369 968.429
96.783 969.017
95.552 970.18
93.815 971.784
93.089 972.462
92.45 973.072
91.995 973.521
91.571 973.949
91.074 974.468
90.59 975
90 975.685
89.432 976.394
88.888 977.134
88.408 977.85
88.068 978.4
87.748 978.959
87.449 979.527
87.172 980.102
86.824 980.91
86.564 981.601
86.335 982.294
86.135 982.992
85.962 983.694
85.847 984.222
85.744 984.778
85.62 985.583
85.52 986.376
85.441 987.173
85.368 988.162
85.304 989.331
85.24 991.104
85.205 992.841
85.132 995.837
85.085 997.093
85.046 997.978
84.99 998.268
84.859 998.522
84.662 998.728
84.415 998.87
84.137 998.937
83.641 998.89
82.521 998.72
81.102 998.562
79.677 998.471
78.807 998.444
78.475 998.385
78.178 998.221
77.951 997.97
77.822 997.658
77.689 997.095
77.135 994.873
76.021 990.601
75.817 989.792
75.565 988.75
75.331 987.707
75.12 986.66
74.983 985.872
74.867 985.081
74.76 984.128
74.698 983.287
74.677 982.626
74.676 982.082
74.697 981.412
74.744 980.739
74.806 980.126
74.884 979.58
74.973 979.032
75.126 978.303
75.309 977.576
75.523 976.853
75.809 976.017
76.132 975.187
76.491 974.363
76.886 973.539
77.215 972.901
77.563 972.261
78.053 971.407
78.524 970.622
79.093 969.708
80.28 967.83
80.862 966.895
81.42 965.968
82.048 964.871
82.638 963.766
83.124 962.778
83.634 961.657
83.932 960.956
84.157 960.39
84.577 959.254
84.954 958.116
85.214 957.25
85.455 956.38
85.678 955.504
86.019 953.991
86.21 953.029
86.342 952.308
86.433 951.776
86.574 950.897
86.782 949.439
86.928 948.263
87.072 946.969
87.225 945.418
87.344 944.026
87.424 943.006
87.573 940.949
87.661 939.599
87.661 939.061
87.613 938.753
87.072 938.71
86.297 938.634
86.189 939.402
86.092 939.967
85.993 940.688
85.44 944.602
85.376 945.134
85.093 947.155
84.861 948.711
84.741 949.462
84.581 950.422
84.408 951.418
84.221 952.421
84.02 953.427
83.804 954.434
83.651 955.121
83.485 955.819
83.13 957.125
82.898 957.927
82.629 958.789
82.326 959.69
82 960.593
81.646 961.498
81.308 962.312
80.972 963.068
80.616 963.822
80.32 964.427
80.044 964.965
79.74 965.537
79.343 966.267
78.489 967.729
77.273 969.757
76.769 970.612
76.328 971.378
76.017 971.937
75.732 972.467
75.402 973.105
75.086 973.751
74.713 974.576
74.369 975.415
74.055 976.278
73.796 977.101
73.624 977.725
73.475 978.351
73.348 978.98
73.244 979.609
73.138 980.484
73.083 981.219
73.059 981.95
73.063 982.676
73.096 983.398
73.135 983.937
73.192 984.5
73.299 985.307
73.427 986.096
73.576 986.882
73.784 987.852
74.052 988.991
74.49 990.711
74.946 992.387
75.72 995.283
76.029 996.501
76.24 997.361
76.269 997.656
76.214 997.935
76.084 998.189
75.887 998.395
75.64 998.538
75.107 998.636
73.984 998.791
72.577 999.041
71.186 999.357
70.386 999.565
70.051 999.601
69.719 999.528
69.43 999.351
69.219 999.088
68.932 998.587
67.776 996.611
65.504 992.825
65.08 992.106
64.544 991.178
64.025 990.243
63.528 989.298
63.174 988.581
62.84 987.855
62.469 986.969
62.173 986.18
61.967 985.552
61.814 985.031
61.646 984.382
61.501 983.723
61.386 983.117
61.308 982.571
61.238 982.02
61.179 981.277
61.15 980.528
61.152 979.774
61.19 978.891
61.267 978.005
61.379 977.113
61.526 976.211
61.661 975.506
61.815 974.794
62.045 973.837
62.276 972.951
62.564 971.912
63.175 969.777
63.469 968.716
63.743 967.67
64.036 966.439
64.292 965.213
64.48 964.128
64.653 962.908
64.741 962.152
64.798 961.546
64.88 960.338
64.921 959.14
64.928 958.236
64.913 957.332
64.88 956.428
64.781 954.881
64.694 953.905
64.617 953.176
64.555 952.64
64.442 951.756
64.231 950.299
64.04 949.129
63.813 947.848
63.617 946.807
63.246 944.946
63.035 943.946
62.599 941.93
62.302 940.609
62.151 940.094
62.018 939.812
61.487 939.924
60.722 940.069
60.835 940.836
60.901 941.405
61.01 942.125
61.582 946.036
61.669 946.565
62.08 949.383
62.183 950.142
62.28 950.896
62.398 951.862
62.511 952.866
62.615 953.881
62.706 954.903
62.828 956.635
62.865 957.349
62.894 958.703
62.897 959.537
62.881 960.44
62.844 961.39
62.785 962.348
62.701 963.317
62.606 964.192
62.496 965.013
62.368 965.836
62.254 966.5
62.141 967.095
62.01 967.729
61.835 968.542
61.428 970.184
60.832 972.473
60.59 973.435
60.382 974.294
60.242 974.918
60.116 975.507
59.98 976.212
59.859 976.921
59.733 977.818
59.639 978.72
59.582 979.636
59.565 980.499
59.576 981.146
59.609 981.789
59.664 982.428
59.742 983.062
59.886 983.931
60.041 984.651
60.223 985.359
60.432 986.054
60.666 986.738
60.856 987.243
61.07 987.767
61.4 988.512
61.745 989.233
62.108 989.946
62.582 990.818
63.16 991.836
64.066 993.362
64.975 994.842
66.533 997.402
67.173 998.484
67.617 999.25
67.729 999.524
67.755 999.807
67.701 1000.09
67.57 1000.34
67.373 1000.55
66.914 1000.78
65.815 1001.28
64.538 1001.91
63.292 1002.61
62.621 1003.01
62.31 1003.14
61.971 1003.17
61.645 1003.08
61.368 1002.89
60.951 1002.49
59.285 1000.91
56.038 997.923
55.429 997.352
54.654 996.613
53.892 995.861
53.149 995.094
52.608 994.506
52.082 993.904
51.477 993.159
50.97 992.485
50.595 991.941
50.301 991.484
49.957 990.909
49.632 990.317
49.354 989.768
49.125 989.266
48.902 988.757
48.635 988.061
48.397 987.35
48.186 986.627
47.974 985.768
47.797 984.896
47.654 984.009
47.54 983.102
47.472 982.387
47.419 981.661
47.371 980.678
47.342 979.763
47.326 978.685
47.31 976.464
47.294 975.364
47.262 974.282
47.197 973.019
47.096 971.77
46.971 970.677
46.794 969.457
46.666 968.707
46.549 968.109
46.287 966.926
45.99 965.766
45.74 964.897
45.473 964.033
45.186 963.176
44.654 961.718
44.296 960.807
44.019 960.129
43.451 958.816
42.838 957.477
42.324 956.409
41.745 955.243
41.264 954.3
40.385 952.619
39.899 951.719
38.914 949.907
38.257 948.724
37.966 948.272
37.758 948.039
37.29 948.28
36.586 948.65
36.912 949.354
37.135 949.883
37.442 950.542
38.108 952.008
39.093 954.135
39.326 954.617
40.514 957.205
40.827 957.904
41.132 958.601
41.517 959.494
41.91 960.426
42.295 961.369
42.67 962.324
43.275 963.951
43.511 964.627
43.921 965.919
44.159 966.719
44.398 967.588
44.631 968.509
44.844 969.446
45.036 970.398
45.191 971.266
45.317 972.084
45.426 972.909
45.504 973.581
45.563 974.183
45.616 974.829
45.676 975.656
45.749 977.346
45.822 979.71
45.861 980.702
45.904 981.584
45.944 982.222
45.99 982.824
46.058 983.538
46.142 984.252
46.273 985.148
46.437 986.04
46.64 986.936
46.867 987.769
47.06 988.386
47.273 988.994
47.506 989.591
47.759 990.178
48.142 990.971
48.494 991.618
48.868 992.246
49.265 992.855
49.682 993.444
50.007 993.876
50.359 994.319
50.886 994.941
51.42 995.535
51.97 996.117
52.67 996.819
53.511 997.633
54.81 998.842
56.099 1000.01
58.316 1002.02
59.234 1002.88
59.877 1003.49
60.061 1003.72
60.165 1003.99
60.192 1004.27
60.139 1004.55
60.008 1004.8
59.606 1005.18
58.685 1005.97
57.64 1006.95
56.644 1007.97
56.143 1008.51
55.881 1008.72
55.563 1008.84
55.225 1008.85
54.905 1008.74
54.392 1008.47
52.351 1007.44
48.392 1005.48
47.647 1005.11
46.695 1004.61
45.752 1004.11
44.824 1003.58
44.138 1003.17
43.464 1002.74
42.674 1002.2
41.998 1001.69
41.485 1001.27
41.074 1000.92
40.582 1000.46
40.103 999.988
39.68 999.539
39.32 999.123
38.962 998.697
38.511 998.103
38.082 997.488
37.676 996.854
37.23 996.09
36.815 995.303
36.427 994.492
36.063 993.654
35.796 992.988
35.541 992.306
35.217 991.376
34.932 990.506
34.613 989.477
33.973 987.35
33.646 986.299
33.311 985.269
32.893 984.076
32.445 982.907
32.016 981.892
31.503 980.772
31.168 980.088
30.888 979.548
30.304 978.486
29.691 977.456
29.208 976.693
28.707 975.941
28.19 975.198
27.272 973.95
26.669 973.176
26.212 972.604
25.868 972.187
25.297 971.504
24.332 970.392
23.538 969.512
22.654 968.556
21.582 967.424
20.609 966.422
18.434 964.234
17.47 963.284
17.064 962.932
16.799 962.767
16.417 963.13
15.847 963.684
16.357 964.268
16.721 964.713
17.201 965.258
19.797 968.241
20.156 968.637
22.026 970.785
22.522 971.368
23.012 971.952
23.633 972.701
24.272 973.484
24.907 974.281
25.537 975.092
26.574 976.48
26.992 977.062
27.749 978.187
28.203 978.887
28.677 979.655
29.161 980.474
29.629 981.312
30.081 982.173
30.475 982.96
30.826 983.71
31.163 984.472
31.427 985.092
31.653 985.654
31.886 986.258
32.176 987.035
32.723 988.636
33.459 990.884
33.776 991.824
34.065 992.659
34.284 993.262
34.497 993.825
34.764 994.489
35.046 995.152
35.424 995.974
35.833 996.783
36.28 997.587
36.732 998.322
37.091 998.859
37.466 999.383
37.859 999.89
38.266 1000.38
38.858 1001.03
39.377 1001.56
39.913 1002.05
40.465 1002.53
41.032 1002.98
41.465 1003.3
41.928 1003.62
42.608 1004.07
43.289 1004.49
43.98 1004.89
44.85 1005.37
45.886 1005.91
47.473 1006.71
50.943 1008.39
52.856 1009.34
53.654 1009.75
53.901 1009.93
54.124 1010.27
54.196 1010.68
54.131 1010.99
53.84 1011.47
53.177 1012.5
52.852 1013.03
52.465 1013.69
55.127 1015.35
