0.3
0.7
129
76.601 997.408
76.869 997.352
76.611 996.165
75.917 993.129
75.293 990.401
75.014 989.083
74.823 988.092
74.655 987.101
74.508 986.033
74.403 984.968
74.347 983.798
74.356 982.781
74.414 981.833
74.518 980.95
74.629 980.267
74.769 979.591
74.937 978.92
75.196 978.045
75.508 977.165
75.703 976.666
76.072 975.82
76.479 974.983
76.924 974.151
77.318 973.462
77.731 972.782
78.157 972.107
78.596 971.449
79.029 970.812
79.81 969.703
80.839 968.265
81.829 966.855
82.248 966.246
82.553 965.784
82.96 965.157
83.252 964.692
83.698 963.949
84.124 963.201
84.449 962.605
84.739 962.039
85.055 961.4
85.305 960.857
85.61 960.169
86.037 959.115
86.547 957.684
86.93 956.445
87.115 955.754
87.301 955.03
87.607 953.635
87.851 952.257
88.07 950.67
88.121 950.169
88.188 949.451
88.23 948.937
88.289 947.935
88.307 947.332
88.328 946.346
88.317 945.528
88.29 944.53
88.257 943.779
88.185 942.765
88.119 942.075
88.036 941.345
87.882 940.214
87.775 939.58
87.625 938.726
87.089 938.829
86.82 938.881
87.065 940.305
87.136 940.803
87.303 942.159
87.429 943.658
87.47 944.55
87.501 945.4
87.505 945.998
87.498 947.028
87.481 947.592
87.459 948.114
87.412 948.879
87.372 949.382
87.306 950.085
87.189 951.067
87.074 951.925
86.825 953.349
86.566 954.56
86.324 955.544
86.142 956.219
85.905 956.988
85.519 958.143
85.272 958.822
84.894 959.755
84.643 960.336
84.395 960.874
84.137 961.415
83.651 962.361
83.221 963.138
82.771 963.905
82.27 964.713
81.871 965.329
81.568 965.787
80.721 967.011
80.279 967.638
78.702 969.849
78.353 970.348
77.914 970.994
77.47 971.661
77.034 972.35
76.613 973.046
76.208 973.753
75.95 974.22
75.522 975.067
75.145 975.896
74.862 976.562
74.586 977.322
74.277 978.257
74.084 978.964
73.92 979.678
73.77 980.475
73.656 981.276
73.559 982.286
73.531 983.015
73.525 983.639
73.571 984.731
73.67 985.907
73.819 987.049
73.994 988.111
74.191 989.153
74.477 990.51
75.724 995.954
76.066 997.522
126
67.978 999.194
68.218 999.064
67.636 997.998
66.115 995.28
64.748 992.839
64.109 991.653
63.646 990.755
63.206 989.852
62.764 988.868
62.364 987.876
61.98 986.77
61.701 985.791
61.492 984.865
61.34 983.989
61.258 983.303
61.202 982.614
61.174 981.922
61.174 981.01
61.226 980.078
61.271 979.544
61.388 978.629
61.542 977.711
61.735 976.787
61.92 976.015
62.123 975.246
62.342 974.479
62.578 973.724
62.814 972.99
63.25 971.706
63.834 970.037
64.143 969.131
64.615 967.703
64.779 967.173
64.991 966.457
65.141 965.928
65.36 965.09
65.558 964.253
65.701 963.588
65.821 962.964
65.944 962.262
66.031 961.671
66.129 960.925
66.243 959.793
66.328 958.275
66.346 956.98
66.331 956.263
66.305 955.517
66.205 954.092
66.049 952.702
65.812 951.118
65.723 950.622
65.584 949.915
65.479 949.409
65.251 948.431
65.1 947.848
64.843 946.896
64.603 946.113
64.295 945.164
64.052 944.452
63.697 943.5
63.44 942.857
63.154 942.179
62.688 941.138
62.407 940.56
62.022 939.782
61.536 940.032
61.293 940.158
61.93 941.455
62.139 941.913
62.68 943.167
63.223 944.57
63.514 945.414
63.783 946.221
63.955 946.793
64.237 947.784
64.38 948.33
64.506 948.837
64.678 949.584
64.78 950.078
64.917 950.771
65.079 951.747
65.212 952.603
65.374 954.039
65.465 955.274
65.51 956.286
65.526 956.986
65.517 957.789
65.472 959.007
65.426 959.727
65.327 960.729
65.25 961.357
65.163 961.943
65.068 962.536
64.868 963.579
64.675 964.446
64.459 965.309
64.206 966.226
63.835 967.454
63.367 968.867
62.034 972.735
61.795 973.48
61.556 974.245
61.333 975.029
61.125 975.815
60.936 976.607
60.819 977.128
60.648 978.061
60.52 978.963
60.436 979.682
60.385 980.489
60.352 981.473
60.364 982.206
60.408 982.936
60.488 983.744
60.605 984.545
60.797 985.541
60.975 986.248
61.147 986.848
61.498 987.883
61.925 988.983
62.39 990.037
62.856 991.007
63.339 991.95
63.996 993.174
66.727 998.045
67.496 999.453
132
85.738 996.935
85.928 993.826
86.097 991.033
86.201 989.69
86.297 988.685
86.415 987.687
86.575 986.62
86.775 985.569
87.05 984.431
87.345 983.458
87.668 982.565
88.017 981.746
88.315 981.124
88.641 980.514
88.991 979.917
89.486 979.15
90.032 978.393
90.361 977.97
90.952 977.262
91.58 976.573
92.241 975.901
92.813 975.351
93.4 974.815
94 974.288
94.606 973.779
95.202 973.29
95.671 972.914
96.263 972.446
97.655 971.356
98.405 970.762
99.575 969.816
99.999 969.459
100.566 968.972
100.977 968.608
101.615 968.021
102.234 967.423
102.714 966.942
103.151 966.481
103.634 965.957
104.027 965.507
104.514 964.933
105.221 964.042
106.113 962.812
106.829 961.731
107.203 961.12
107.585 960.478
108.271 959.225
108.893 957.972
109.549 956.511
109.741 956.045
110.007 955.375
110.192 954.893
110.531 953.948
110.718 953.375
111.016 952.435
111.238 951.647
111.492 950.682
111.673 949.952
111.886 948.958
112.019 948.278
112.144 947.554
112.236 946.965
112.314 946.425
112.392 945.787
112.489 944.926
111.945 944.873
111.673 944.847
111.585 945.64
111.506 946.283
111.436 946.781
111.213 948.128
110.91 949.603
110.7 950.47
110.489 951.294
110.326 951.868
110.027 952.854
109.852 953.392
109.684 953.887
109.424 954.607
109.244 955.078
108.983 955.734
108.593 956.644
108.241 957.435
107.601 958.731
107.011 959.821
106.502 960.695
106.136 961.292
105.693 961.963
104.998 962.962
104.569 963.544
103.944 964.333
103.539 964.819
103.15 965.266
102.75 965.713
102.017 966.483
101.386 967.107
100.738 967.718
100.029 968.351
99.053 969.185
97.895 970.12
97.295 970.597
95.158 972.274
94.683 972.654
94.079 973.15
93.465 973.665
92.853 974.204
92.253 974.752
91.666 975.316
91.286 975.692
90.637 976.385
90.042 977.074
89.582 977.633
89.103 978.285
88.544 979.094
88.16 979.718
87.801 980.357
87.432 981.079
87.098 981.816
86.72 982.758
86.487 983.449
86.308 984.047
86.044 985.107
85.809 986.263
85.629 987.401
85.498 988.47
85.394 989.524
85.285 990.909
85.118 993.613
84.947 996.482
84.833 998.083
85.379 998.125
85.651 998.146
130
60.206 1003.34
60.4 1003.14
59.541 1002.28
57.316 1000.11
55.317 998.148
54.37 997.191
53.673 996.46
52.996 995.717
52.295 994.898
51.631 994.059
50.951 993.105
50.408 992.245
49.947 991.416
49.554 990.617
49.281 989.983
49.033 989.337
48.811 988.682
48.557 987.806
48.341 986.898
48.237 986.371
48.088 985.461
47.979 984.536
47.904 983.596
47.863 982.804
47.842 982.008
47.836 981.21
47.85 980.42
47.869 979.648
47.926 978.294
48.016 976.528
48.085 974.806
48.107 974.067
48.116 973.514
48.12 972.766
48.113 972.218
48.087 971.351
48.041 970.492
47.993 969.814
47.93 969.182
47.851 968.473
47.767 967.881
47.653 967.137
47.441 966.02
47.097 964.54
46.747 963.292
46.531 962.609
46.296 961.9
45.799 960.561
45.258 959.27
44.584 957.818
44.359 957.367
43.783 956.272
43.289 955.398
42.98 954.88
42.465 954.04
42.014 953.356
41.451 952.532
41.018 951.918
40.408 951.105
39.98 950.56
39.514 949.991
39.13 949.536
38.774 949.123
38.342 948.647
37.754 948.009
37.358 948.386
37.16 948.574
37.702 949.161
38.137 949.64
38.466 950.02
39.339 951.071
40.255 952.265
40.773 952.992
41.257 953.691
41.584 954.191
42.133 955.062
42.425 955.546
42.689 955.997
43.064 956.666
43.301 957.111
43.627 957.737
44.058 958.628
44.427 959.411
44.986 960.744
45.422 961.904
45.75 962.861
45.962 963.528
46.179 964.302
46.478 965.482
46.639 966.187
46.826 967.176
46.927 967.801
47.01 968.387
47.085 968.983
47.189 970.04
47.247 970.926
47.284 971.815
47.299 972.767
47.297 973.501
47.288 974.05
47.267 974.78
47.239 975.537
47.049 979.624
47.03 980.406
47.017 981.206
47.021 982.022
47.043 982.835
47.085 983.648
47.122 984.18
47.219 985.125
47.35 986.026
47.471 986.74
47.65 987.528
47.895 988.481
48.116 989.18
48.363 989.87
48.667 990.621
49.005 991.357
49.47 992.259
49.84 992.888
50.174 993.414
50.803 994.309
51.522 995.244
52.266 996.124
52.987 996.924
53.715 997.693
54.691 998.681
56.626 1000.58
58.682 1002.59
59.817 1003.72
131
94.279 1000.24
95.337 997.316
96.286 994.684
96.764 993.424
97.139 992.486
97.534 991.562
97.987 990.584
98.475 989.632
99.06 988.617
99.618 987.766
100.179 987.001
100.744 986.313
101.206 985.8
101.69 985.307
102.195 984.833
102.885 984.237
103.623 983.664
104.058 983.351
104.825 982.838
105.62 982.354
106.444 981.895
107.148 981.529
107.863 981.179
108.587 980.843
109.311 980.526
110.02 980.224
110.576 979.996
112.919 979.06
114.514 978.409
115.196 978.124
116.385 977.592
116.881 977.359
117.659 976.975
118.421 976.576
119.017 976.25
119.566 975.931
120.178 975.564
120.682 975.242
121.31 974.829
121.765 974.511
122.239 974.173
123.442 973.245
124.433 972.409
124.964 971.928
125.511 971.42
126.523 970.411
127.473 969.383
128.515 968.167
128.829 967.774
129.273 967.206
129.587 966.796
130.177 965.984
130.519 965.487
131.07 964.669
131.505 963.976
132.02 963.121
132.399 962.472
132.885 961.579
133.203 960.963
133.527 960.304
133.781 959.765
134.008 959.269
134.263 958.679
134.599 957.879
134.091 957.676
133.838 957.574
133.53 958.31
133.274 958.905
133.065 959.363
132.472 960.593
131.766 961.922
131.32 962.695
130.885 963.426
130.567 963.931
130.002 964.793
129.683 965.259
129.383 965.686
128.93 966.305
128.624 966.706
128.189 967.262
127.559 968.024
126.999 968.685
126.019 969.748
125.146 970.627
124.411 971.322
123.892 971.793
123.278 972.311
122.329 973.074
121.754 973.512
120.932 974.094
120.406 974.445
119.907 974.765
119.397 975.08
118.477 975.613
117.696 976.034
116.902 976.437
116.044 976.846
114.872 977.37
113.497 977.941
112.788 978.23
110.265 979.237
109.702 979.468
108.983 979.774
108.249 980.095
107.509 980.439
106.779 980.796
106.057 981.172
105.587 981.426
104.769 981.908
104.003 982.4
103.405 982.808
102.762 983.297
101.997 983.917
101.452 984.408
100.929 984.919
100.371 985.509
99.842 986.121
99.215 986.919
98.797 987.516
98.457 988.039
97.904 988.982
97.353 990.026
96.86 991.067
96.432 992.055
96.036 993.038
95.542 994.335
94.62 996.883
93.647 999.588
93.087 1001.09
93.598 1001.29
93.854 1001.38
129
53.917 1009.5
54.049 1009.26
52.983 1008.68
50.233 1007.21
47.764 1005.9
46.585 1005.25
45.711 1004.74
44.852 1004.22
43.948 1003.63
43.075 1003.01
42.154 1002.29
41.39 1001.62
40.714 1000.95
40.112 1000.3
39.672 999.765
39.252 999.216
38.854 998.65
38.363 997.881
37.901 997.07
37.652 996.595
37.254 995.763
36.889 994.906
36.551 994.026
36.289 993.276
36.044 992.52
35.815 991.755
35.604 990.993
35.406 990.248
35.259 989.666
34.437 986.284
34.064 984.826
33.914 984.292
33.707 983.574
33.546 983.049
33.277 982.225
32.991 981.414
32.753 980.777
32.516 980.188
32.24 979.53
31.993 978.986
31.673 978.305
31.156 977.292
30.408 975.969
29.722 974.869
29.321 974.276
28.896 973.662
28.042 972.517
27.159 971.431
26.103 970.227
25.76 969.859
25.261 969.338
24.899 968.969
24.179 968.27
23.736 967.86
23.005 967.199
22.381 966.67
21.608 966.038
21.019 965.571
20.205 964.962
19.641 964.56
19.034 964.145
18.537 963.817
18.078 963.521
17.53 963.186
16.786 962.74
16.513 963.213
16.376 963.45
17.061 963.859
17.613 964.197
18.036 964.469
19.17 965.231
20.385 966.118
21.087 966.67
21.748 967.204
22.203 967.591
22.976 968.273
23.392 968.655
23.772 969.014
24.32 969.55
24.673 969.91
25.162 970.419
25.827 971.152
26.401 971.801
27.314 972.921
28.059 973.911
28.643 974.737
29.035 975.318
29.46 975.999
30.081 977.047
30.433 977.679
30.891 978.574
31.165 979.145
31.409 979.684
31.649 980.235
32.046 981.221
32.352 982.054
32.637 982.897
32.92 983.805
33.272 985.039
33.826 987.225
34.463 989.865
34.613 990.455
34.813 991.211
35.027 991.983
35.262 992.764
35.511 993.538
35.78 994.307
35.965 994.807
36.326 995.685
36.704 996.514
37.022 997.164
37.416 997.87
37.919 998.715
38.328 999.324
38.76 999.915
39.264 1000.55
39.795 1001.16
40.495 1001.9
41.027 1002.39
41.496 1002.81
42.35 1003.49
43.305 1004.18
44.266 1004.82
45.183 1005.38
46.099 1005.91
47.313 1006.59
49.704 1007.86
52.244 1009.21
53.652 1009.98
129
101.541 1005.83
103.381 1003.31
105.034 1001.06
105.847 999.982
106.471 999.189
107.11 998.413
107.821 997.602
108.558 996.826
109.405 996.018
110.179 995.358
110.934 994.782
111.669 994.281
112.257 993.92
112.861 993.583
113.478 993.27
114.309 992.892
115.177 992.55
115.684 992.373
116.563 992.096
117.463 991.856
118.383 991.648
119.162 991.495
119.946 991.361
120.735 991.243
121.519 991.142
122.286 991.052
122.883 990.989
126.347 990.657
127.11 990.577
127.844 990.495
129.133 990.32
129.676 990.235
130.529 990.087
131.373 989.918
132.037 989.775
132.654 989.623
133.344 989.443
133.918 989.276
134.638 989.057
135.714 988.689
137.131 988.137
138.316 987.614
138.961 987.302
139.629 986.969
140.884 986.286
142.085 985.567
143.427 984.693
143.84 984.406
144.427 983.986
144.843 983.68
145.638 983.067
146.105 982.687
146.864 982.058
147.477 981.514
148.212 980.84
148.759 980.324
149.477 979.604
149.956 979.103
150.453 978.561
150.848 978.116
151.206 977.705
151.616 977.21
152.164 976.537
151.734 976.199
151.519 976.029
151.016 976.649
150.603 977.147
150.274 977.528
149.358 978.541
148.307 979.618
147.661 980.234
147.038 980.813
146.59 981.208
145.805 981.875
145.367 982.233
144.959 982.558
144.351 983.024
143.944 983.322
143.37 983.734
142.55 984.288
141.826 984.763
140.588 985.508
139.502 986.105
138.601 986.565
137.971 986.87
137.235 987.194
136.109 987.659
135.435 987.918
134.483 988.244
133.879 988.433
133.31 988.599
132.732 988.758
131.698 989.01
130.83 989.194
129.956 989.357
129.016 989.508
127.745 989.68
127.019 989.761
125.502 989.918
122.798 990.173
122.193 990.237
121.417 990.328
120.622 990.43
119.815 990.55
119.014 990.688
118.215 990.845
117.693 990.957
116.772 991.188
115.899 991.445
115.422 991.595
114.944 991.762
114.455 991.956
113.546 992.335
112.885 992.652
112.239 992.995
111.538 993.404
110.858 993.843
110.031 994.432
109.462 994.887
108.988 995.293
108.192 996.042
107.369 996.888
106.603 997.748
105.914 998.575
105.257 999.406
104.418 1000.51
101.12 1005.02
100.159 1006.3
100.813 1006.8
89
66.968 1022.97
67.218 1022.45
67.818 1021.42
68.34 1020.67
68.914 1019.96
69.537 1019.29
70.207 1018.67
70.92 1018.1
71.672 1017.58
72.459 1017.12
73.278 1016.71
74.123 1016.37
74.991 1016.08
75.877 1015.86
76.777 1015.71
77.685 1015.62
78.598 1015.59
79.51 1015.63
80.417 1015.74
81.315 1015.91
82.197 1016.14
83.06 1016.44
83.9 1016.8
84.712 1017.22
85.492 1017.69
86.236 1018.22
86.939 1018.8
87.599 1019.43
88.212 1020.11
88.775 1020.83
89.284 1021.59
89.528 1022
101.764 1009.84
101.985 1009.63
101.131 1008.61
100.12 1007.51
99.641 1007.02
98.848 1006.25
97.723 1005.27
96.55 1004.34
95.528 1003.6
95.089 1003.3
94.072 1002.66
93.554 1002.35
92.848 1001.95
91.578 1001.3
90.073 1000.62
88.677 1000.08
87.257 999.604
86.745 999.457
85.814 999.203
85.292 999.074
84.4 998.885
82.879 998.619
81.393 998.438
79.899 998.331
78.403 998.3
77.105 998.329
76.578 998.356
75.418 998.457
73.929 998.649
73.357 998.743
72.172 998.968
70.717 999.321
69.28 999.745
68.733 999.93
67.973 1000.2
66.791 1000.67
66.217 1000.93
65.484 1001.26
64.867 1001.57
63.802 1002.14
62.515 1002.91
61.269 1003.74
60.277 1004.46
59.836 1004.81
58.908 1005.58
58.363 1006.06
57.799 1006.58
57.197 1007.17
56.742 1007.64
55.739 1008.75
54.793 1009.91
53.913 1011.11
53.081 1012.37
52.666 1013.04
52.061 1014.11
51.89 1014.43
66.668 1023.67
18
77.922 1010.76
77.453 1010.48
77.11 1010.05
76.934 1009.53
76.947 1008.98
77.147 1008.47
77.51 1008.06
77.992 1007.79
78.535 1007.71
79.073 1007.82
79.542 1008.1
79.885 1008.53
80.06 1009.05
80.047 1009.6
79.848 1010.11
79.485 1010.52
79.003 1010.79
78.46 1010.87
20
91.537 1016.38
91.231 1016.27
90.788 1015.95
90.484 1015.49
90.355 1014.96
90.404 1014.46
90.516 1014.15
90.841 1013.71
91.298 1013.41
91.832 1013.28
92.107 1013.28
92.634 1013.44
93.076 1013.76
93.381 1014.22
93.51 1014.75
93.46 1015.25
93.349 1015.56
93.024 1016
92.567 1016.3
92.033 1016.43
20
64.667 1016.38
64.361 1016.27
63.918 1015.95
63.614 1015.49
63.485 1014.96
63.491 1014.68
63.627 1014.2
63.789 1013.92
64.186 1013.54
64.689 1013.32
65.237 1013.28
65.764 1013.44
66.206 1013.76
66.511 1014.22
66.64 1014.75
66.59 1015.25
66.479 1015.56
66.154 1016
65.696 1016.3
65.163 1016.43
