0.3
0.7
168
66.599 986.611
67.656 986.537
68.71 986.423
69.759 986.271
70.801 986.079
71.836 985.848
72.861 985.578
73.876 985.271
74.878 984.926
75.867 984.543
76.84 984.124
77.798 983.669
78.737 983.178
79.658 982.653
80.558 982.093
81.437 981.5
82.293 980.875
83.125 980.218
83.932 979.531
84.712 978.813
85.466 978.067
86.19 977.294
86.886 976.494
87.551 975.668
88.184 974.819
88.786 973.946
89.354 973.051
89.889 972.135
90.389 971.201
90.853 970.248
91.282 969.278
91.674 968.293
92.029 967.295
92.346 966.283
92.626 965.261
92.867 964.228
93.069 963.188
93.232 962.14
93.356 961.088
93.44 960.031
93.485 958.972
93.49 957.912
93.456 956.852
93.382 955.795
93.268 954.741
93.115 953.692
92.923 952.649
92.693 951.615
92.423 950.59
92.116 949.575
91.771 948.573
91.388 947.584
90.969 946.611
90.514 945.653
90.023 944.714
89.498 943.793
88.938 942.893
88.345 942.014
87.72 941.158
87.063 940.326
86.375 939.519
85.658 938.739
84.912 937.985
84.139 937.26
83.339 936.565
82.513 935.9
81.663 935.266
80.791 934.665
79.896 934.097
78.98 933.562
78.046 933.062
77.093 932.598
76.123 932.169
75.138 931.777
74.14 931.422
73.128 931.104
72.106 930.825
71.073 930.584
70.033 930.382
68.985 930.219
67.933 930.095
66.876 930.011
65.817 929.966
64.757 929.961
63.697 929.995
62.64 930.069
61.586 930.183
60.537 930.335
59.494 930.527
58.46 930.758
57.435 931.028
56.42 931.335
55.418 931.68
54.429 932.063
53.455 932.482
52.498 932.937
51.559 933.428
50.638 933.953
49.738 934.513
48.859 935.106
48.003 935.731
47.171 936.388
46.364 937.075
45.583 937.793
44.83 938.539
44.105 939.312
43.41 940.112
42.745 940.938
42.111 941.787
41.51 942.66
40.942 943.555
40.407 944.471
39.907 945.405
39.443 946.358
39.014 947.328
38.622 948.313
38.267 949.311
37.949 950.323
37.67 951.345
37.429 952.378
37.227 953.418
37.064 954.466
36.94 955.518
36.856 956.575
36.811 957.634
36.806 958.694
36.84 959.754
36.914 960.811
37.028 961.865
37.18 962.914
37.372 963.957
37.603 964.991
37.873 966.016
38.18 967.031
38.525 968.033
38.908 969.022
39.327 969.995
39.782 970.953
40.273 971.892
40.798 972.813
41.358 973.713
41.951 974.592
42.576 975.448
43.233 976.28
43.92 977.087
44.638 977.867
45.383 978.621
46.157 979.346
46.957 980.041
47.783 980.706
48.632 981.34
49.505 981.941
50.4 982.509
51.316 983.044
52.25 983.544
53.203 984.008
54.173 984.437
55.157 984.829
56.156 985.184
57.168 985.502
58.19 985.781
59.223 986.022
60.263 986.224
61.311 986.387
62.363 986.511
63.42 986.595
64.479 986.64
65.539 986.645
162
63.791 984.61
62.772 984.537
61.757 984.425
60.747 984.274
59.743 984.084
58.747 983.855
57.762 983.588
56.787 983.282
55.825 982.94
54.877 982.559
53.944 982.143
53.028 981.69
52.13 981.203
51.252 980.681
50.395 980.125
49.56 979.537
48.748 978.916
47.961 978.264
47.2 977.584
46.466 976.873
45.76 976.134
45.083 975.369
44.436 974.578
43.821 973.763
43.238 972.924
42.687 972.063
42.171 971.183
41.689 970.282
41.242 969.363
40.831 968.428
40.457 967.477
40.119 966.512
39.82 965.536
39.559 964.549
39.336 963.551
39.152 962.546
39.006 961.535
38.901 960.519
38.835 959.5
38.808 958.479
38.819 957.457
38.872 956.437
38.964 955.419
39.096 954.406
39.266 953.399
39.476 952.4
39.725 951.408
40.011 950.428
40.335 949.459
40.697 948.504
41.095 947.563
41.53 946.638
42 945.731
42.505 944.843
43.044 943.976
43.616 943.13
44.22 942.306
44.857 941.507
45.523 940.732
46.219 939.985
46.944 939.264
47.696 938.573
48.474 937.911
49.278 937.28
50.104 936.68
50.954 936.114
51.825 935.58
52.716 935.08
53.626 934.616
54.554 934.187
55.496 933.794
56.454 933.438
57.425 933.12
58.408 932.839
59.4 932.598
60.401 932.394
61.409 932.23
62.423 932.104
63.441 932.018
64.462 931.972
65.483 931.963
66.504 931.996
67.523 932.069
68.539 932.181
69.549 932.332
70.553 932.522
71.549 932.751
72.534 933.018
73.509 933.324
74.471 933.666
75.419 934.047
76.352 934.463
77.268 934.916
78.166 935.403
79.044 935.925
79.901 936.481
80.736 937.069
81.548 937.69
82.335 938.342
83.096 939.022
83.83 939.733
84.536 940.472
85.212 941.237
85.859 942.028
86.475 942.843
87.058 943.682
87.609 944.543
88.125 945.423
88.607 946.324
89.054 947.243
89.465 948.178
89.839 949.129
90.177 950.094
90.476 951.07
90.737 952.057
90.96 953.055
91.144 954.06
91.289 955.071
91.394 956.087
91.461 957.106
91.488 958.127
91.477 959.149
91.424 960.169
91.332 961.187
91.2 962.2
91.03 963.207
90.82 964.206
90.571 965.198
90.285 966.178
89.961 967.147
89.599 968.102
89.2 969.043
88.766 969.968
88.296 970.875
87.791 971.763
87.252 972.63
86.68 973.476
86.075 974.3
85.439 975.099
84.773 975.874
84.077 976.621
83.352 977.342
82.6 978.033
81.822 978.695
81.018 979.326
80.191 979.926
79.341 980.492
78.47 981.026
77.579 981.526
76.67 981.99
75.742 982.419
74.799 982.812
73.841 983.168
72.871 983.486
71.888 983.767
70.896 984.008
69.895 984.212
68.886 984.376
67.873 984.502
66.855 984.588
65.834 984.634
64.813 984.643
