0.3
0.7
162
66.582 984.841
67.61 984.765
68.634 984.65
69.653 984.495
70.665 984.3
71.669 984.067
72.663 983.795
73.646 983.484
74.616 983.136
75.571 982.75
76.512 982.327
77.435 981.868
78.339 981.374
79.224 980.846
80.087 980.283
80.928 979.687
81.746 979.059
82.538 978.4
83.304 977.71
84.043 976.992
84.753 976.245
85.434 975.471
86.085 974.672
86.704 973.848
87.29 973
87.844 972.13
88.363 971.24
88.847 970.33
89.295 969.402
89.708 968.458
90.083 967.498
90.421 966.524
90.72 965.538
90.982 964.541
91.204 963.534
91.387 962.52
91.531 961.499
91.635 960.474
91.7 959.445
91.724 958.415
91.708 957.384
91.653 956.355
91.557 955.329
91.422 954.307
91.247 953.291
91.033 952.283
90.78 951.284
90.489 950.295
90.159 949.319
89.792 948.355
89.388 947.407
88.947 946.476
88.471 945.562
87.959 944.667
87.413 943.793
86.834 942.94
86.222 942.111
85.578 941.306
84.904 940.527
84.2 939.774
83.467 939.049
82.706 938.353
81.92 937.687
81.108 937.053
80.272 936.45
79.413 935.88
78.533 935.343
77.632 934.842
76.713 934.375
75.777 933.945
74.824 933.551
73.857 933.194
72.877 932.876
71.885 932.595
70.883 932.353
69.873 932.15
68.855 931.987
67.832 931.863
66.805 931.778
65.775 931.734
64.744 931.73
63.714 931.765
62.686 931.841
61.662 931.956
60.643 932.111
59.631 932.306
58.627 932.539
57.633 932.811
56.65 933.122
55.68 933.47
54.724 933.856
53.784 934.279
52.861 934.738
51.957 935.232
51.072 935.76
50.209 936.323
49.368 936.919
48.55 937.547
47.758 938.206
46.992 938.896
46.253 939.614
45.542 940.361
44.861 941.135
44.211 941.934
43.592 942.758
43.005 943.606
42.452 944.476
41.933 945.366
41.449 946.276
41 947.204
40.588 948.148
40.213 949.108
39.875 950.082
39.575 951.068
39.314 952.065
39.092 953.072
38.908 954.086
38.765 955.107
38.661 956.132
38.596 957.161
38.572 958.191
38.588 959.222
38.643 960.251
38.739 961.277
38.874 962.299
39.049 963.315
39.263 964.323
39.515 965.322
39.807 966.311
40.136 967.287
40.504 968.251
40.908 969.199
41.349 970.13
41.825 971.044
42.337 971.939
42.883 972.813
43.462 973.666
44.074 974.495
44.718 975.3
45.392 976.079
46.096 976.832
46.829 977.557
47.589 978.253
48.376 978.919
49.188 979.553
50.024 980.156
50.883 980.726
51.763 981.263
52.663 981.764
53.583 982.231
54.519 982.661
55.472 983.055
56.439 983.412
57.419 983.73
58.411 984.011
59.412 984.253
60.423 984.456
61.441 984.619
62.464 984.743
63.491 984.828
64.521 984.872
65.551 984.876
154
63.951 981.849
62.991 981.78
62.036 981.673
61.085 981.526
60.141 981.341
59.206 981.118
58.28 980.857
57.366 980.558
56.464 980.222
55.578 979.849
54.707 979.441
53.853 978.998
53.019 978.52
52.204 978.008
51.411 977.464
50.641 976.888
49.895 976.28
49.174 975.643
48.48 974.977
47.814 974.284
47.177 973.563
46.569 972.817
45.993 972.048
45.448 971.255
44.936 970.441
44.458 969.606
44.014 968.753
43.605 967.882
43.233 966.995
42.896 966.094
42.597 965.18
42.335 964.255
42.112 963.319
41.926 962.375
41.779 961.425
41.671 960.469
41.603 959.51
41.573 958.548
41.583 957.586
41.631 956.626
41.719 955.668
41.846 954.715
42.012 953.767
42.216 952.827
42.459 951.896
42.739 950.976
43.057 950.068
43.411 949.174
43.801 948.295
44.227 947.433
44.688 946.589
45.183 945.764
45.711 944.96
46.271 944.178
46.863 943.42
47.485 942.686
48.137 941.979
48.817 941.299
49.524 940.647
50.257 940.024
51.015 939.432
51.797 938.871
52.601 938.343
53.425 937.848
54.269 937.387
55.131 936.96
56.01 936.57
56.904 936.215
57.812 935.897
58.732 935.617
59.663 935.374
60.603 935.169
61.55 935.003
62.504 934.876
63.461 934.787
64.422 934.738
65.384 934.728
66.345 934.757
67.304 934.826
68.26 934.933
69.211 935.08
70.155 935.265
71.09 935.488
72.016 935.749
72.93 936.048
73.831 936.384
74.718 936.757
75.589 937.165
76.443 937.608
77.277 938.086
78.092 938.598
78.885 939.142
79.655 939.718
80.401 940.326
81.121 940.963
81.815 941.629
82.482 942.322
83.119 943.043
83.727 943.789
84.303 944.558
84.848 945.351
85.36 946.165
85.838 947
86.282 947.853
86.69 948.724
87.063 949.611
87.4 950.512
87.699 951.426
87.961 952.351
88.184 953.287
88.37 954.231
88.517 955.181
88.624 956.137
88.693 957.096
88.723 958.058
88.713 959.02
88.664 959.98
88.576 960.938
88.449 961.891
88.284 962.839
88.079 963.779
87.837 964.71
87.557 965.63
87.239 966.538
86.885 967.432
86.495 968.311
86.069 969.173
85.608 970.017
85.113 970.842
84.585 971.646
84.024 972.428
83.433 973.186
82.81 973.92
82.159 974.627
81.479 975.307
80.772 975.959
80.038 976.582
79.28 977.174
78.499 977.735
77.695 978.263
76.871 978.758
76.027 979.219
75.164 979.646
74.285 980.036
73.391 980.391
72.484 980.709
71.564 980.989
70.633 981.232
69.693 981.437
68.746 981.603
67.792 981.73
66.835 981.819
65.874 981.868
64.912 981.878
230
66.103 1010.99
67.544 1010.94
68.983 1010.86
70.421 1010.73
71.853 1010.57
73.281 1010.37
74.703 1010.12
76.118 1009.84
77.524 1009.52
78.921 1009.17
80.308 1008.77
81.683 1008.34
83.046 1007.87
84.396 1007.36
85.731 1006.81
87.051 1006.23
88.354 1005.61
89.64 1004.96
90.908 1004.27
92.156 1003.55
93.384 1002.79
94.592 1002.01
95.777 1001.18
96.939 1000.33
98.077 999.443
99.19 998.527
100.278 997.581
101.34 996.604
102.375 995.6
103.381 994.567
104.36 993.507
105.308 992.421
106.227 991.309
107.115 990.172
107.972 989.012
108.795 987.829
109.587 986.623
110.346 985.396
111.07 984.149
111.76 982.883
112.415 981.599
113.035 980.296
113.619 978.979
114.167 977.645
114.678 976.296
115.152 974.934
115.588 973.56
115.987 972.173
116.348 970.777
116.67 969.372
116.953 967.957
117.197 966.536
117.404 965.108
117.57 963.676
117.697 962.239
117.786 960.8
117.834 959.358
117.843 957.916
117.813 956.475
117.743 955.033
117.634 953.595
117.486 952.161
117.298 950.731
117.071 949.307
116.806 947.889
116.501 946.479
116.159 945.078
115.777 943.688
115.358 942.307
114.902 940.94
114.408 939.584
113.877 938.243
113.31 936.917
112.707 935.607
112.067 934.314
111.394 933.039
110.836 932.051
110.1 930.81
109.331 929.59
108.531 928.392
107.696 927.215
106.829 926.063
105.931 924.934
105.003 923.83
104.045 922.753
103.058 921.702
102.042 920.678
100.998 919.682
99.928 918.716
98.832 917.779
97.711 916.873
96.564 915.997
95.395 915.153
94.202 914.341
92.989 913.563
91.754 912.817
90.499 912.107
89.226 911.43
87.934 910.789
86.625 910.183
85.3 909.613
83.96 909.08
82.606 908.584
81.239 908.125
79.86 907.703
78.47 907.319
77.069 906.974
75.66 906.667
74.243 906.398
72.819 906.169
71.39 905.978
69.955 905.828
68.518 905.715
67.078 905.642
65.636 905.61
64.193 905.616
62.752 905.662
61.312 905.747
59.875 905.872
58.443 906.036
57.015 906.239
55.593 906.481
54.178 906.762
52.772 907.081
51.375 907.439
49.988 907.835
48.613 908.269
47.25 908.74
45.9 909.248
44.565 909.794
43.245 910.375
41.941 910.992
40.656 911.645
39.388 912.333
38.14 913.055
36.911 913.811
35.704 914.6
34.519 915.422
33.357 916.277
32.219 917.163
31.106 918.079
30.018 919.025
28.956 920.002
27.921 921.006
26.915 922.039
25.936 923.099
24.988 924.185
24.069 925.297
23.181 926.434
22.324 927.594
21.5 928.777
20.709 929.983
19.95 931.21
19.226 932.457
18.536 933.723
17.88 935.007
17.261 936.31
16.677 937.627
16.129 938.961
15.617 940.31
15.144 941.672
14.708 943.046
14.309 944.433
13.948 945.829
13.626 947.234
13.343 948.649
13.098 950.07
12.892 951.498
12.726 952.93
12.598 954.367
12.51 955.806
12.462 957.248
12.453 958.69
12.482 960.131
12.553 961.573
12.662 963.011
12.81 964.445
12.998 965.875
13.225 967.299
13.49 968.717
13.795 970.127
14.137 971.528
14.518 972.918
14.938 974.299
15.394 975.666
15.888 977.022
16.419 978.363
16.986 979.689
17.589 980.999
18.228 982.292
18.902 983.567
19.46 984.555
20.196 985.796
20.965 987.016
21.765 988.214
22.6 989.391
23.466 990.543
24.364 991.672
25.293 992.776
26.251 993.853
27.238 994.904
28.254 995.928
29.298 996.924
30.367 997.89
31.464 998.827
32.585 999.733
33.732 1000.61
34.901 1001.45
36.093 1002.26
37.307 1003.04
38.542 1003.79
39.796 1004.5
41.07 1005.18
42.362 1005.82
43.67 1006.42
44.996 1006.99
46.336 1007.53
47.69 1008.02
49.057 1008.48
50.436 1008.9
51.826 1009.29
53.227 1009.63
54.636 1009.94
56.053 1010.21
57.477 1010.44
58.906 1010.63
60.34 1010.78
61.778 1010.89
63.218 1010.96
64.66 1011
49
54.389 924.17
54.044 923.982
53.798 923.676
53.137 921.435
52.547 919.417
51.907 917.222
50.81 913.486
50.195 911.423
50.031 910.797
50.072 910.409
50.257 910.064
50.561 909.818
51.038 909.657
52.126 909.354
53.514 909.006
54.736 908.734
56.154 908.457
57.581 908.22
58.961 908.031
60.347 907.88
61.736 907.766
63.128 907.692
64.521 907.655
65.915 907.657
67.308 907.698
67.844 907.724
68.396 907.773
68.731 907.925
68.986 908.185
69.129 908.521
69.14 908.885
68.096 915.499
67.769 917.524
67.109 921.546
67.011 922.035
66.832 922.345
66.553 922.573
66.21 922.689
65.639 922.695
64.493 922.697
63.316 922.738
62.142 922.817
60.97 922.937
59.802 923.094
58.642 923.29
57.488 923.524
56.342 923.796
55.205 924.107
54.688 924.212
50
80.604 926.2
79.323 925.634
78.305 925.212
77.204 924.794
76.09 924.414
74.964 924.072
73.826 923.765
72.679 923.498
71.525 923.268
70.363 923.076
69.737 922.986
69.363 922.86
69.067 922.601
68.895 922.248
68.872 921.857
69.171 919.737
69.452 917.654
69.76 915.389
70.024 913.453
70.279 911.528
70.556 909.394
70.661 908.756
70.854 908.417
71.164 908.178
71.542 908.076
72.044 908.124
73.161 908.29
74.569 908.536
75.799 908.786
77.206 909.108
78.528 909.453
79.867 909.839
81.194 910.262
82.511 910.722
83.813 911.218
85.102 911.749
86.374 912.316
87.632 912.917
88.183 913.193
88.668 913.461
88.912 913.735
89.04 914.079
89.034 914.445
88.895 914.781
86.597 918.332
84.129 922.114
81.889 925.521
81.603 925.927
81.313 926.139
80.964 926.233
49
40.861 931.393
40.555 931.148
39.18 929.507
37.821 927.904
36.344 926.159
33.82 923.192
32.42 921.558
32.016 921.053
31.895 920.682
31.924 920.292
32.101 919.943
32.472 919.602
33.344 918.882
34.469 918.001
35.475 917.254
36.581 916.478
37.832 915.649
39.016 914.914
40.22 914.211
41.442 913.542
42.683 912.907
43.94 912.306
45.214 911.74
46.502 911.209
47.038 911
47.562 910.82
47.929 910.822
48.269 910.956
48.536 911.204
48.694 911.534
49.797 915.618
50.956 919.983
51.987 923.927
52.099 924.412
52.061 924.768
51.898 925.09
51.633 925.336
50.795 925.711
49.713 926.209
48.66 926.737
47.626 927.3
46.61 927.896
45.615 928.526
44.641 929.188
43.69 929.882
42.761 930.607
41.972 931.261
41.629 931.455
41.239 931.501
50
92.641 935.439
92.325 935.262
91.709 934.581
90.901 933.706
90.074 932.869
89.219 932.058
88.338 931.277
87.432 930.524
86.501 929.803
85.547 929.112
84.57 928.454
83.705 927.905
83.414 927.639
83.25 927.282
83.236 926.889
83.374 926.522
84.51 924.707
85.614 922.919
86.817 920.975
87.844 919.313
88.86 917.658
89.981 915.822
90.337 915.282
90.652 915.051
91.032 914.959
91.418 915.019
91.858 915.267
92.811 915.873
93.997 916.671
95.018 917.399
96.19 918.279
97.272 919.143
98.338 920.042
99.377 920.97
100.392 921.926
101.379 922.909
102.34 923.919
103.271 924.955
104.175 926.016
104.539 926.463
104.874 926.905
104.985 927.255
104.962 927.62
104.808 927.95
104.544 928.202
101 930.512
97.207 932.964
93.775 935.164
93.348 935.419
92.997 935.494
49
31.636 943.499
29.713 942.559
27.819 941.647
25.759 940.655
23.999 939.806
20.304 938.046
19.729 937.749
19.467 937.46
19.336 937.092
19.355 936.701
19.556 936.237
20.059 935.226
20.728 933.964
21.346 932.872
22.088 931.633
22.824 930.482
23.605 929.328
24.418 928.196
25.261 927.087
26.135 926.001
27.038 924.94
27.971 923.904
28.932 922.894
29.364 922.455
29.769 922.077
30.106 921.93
30.47 921.915
30.816 922.032
31.094 922.269
33.762 925.552
36.596 929.068
39.143 932.251
39.442 932.65
39.552 932.99
39.535 933.35
39.392 933.683
38.459 934.726
37.742 935.563
37.005 936.481
36.299 937.424
35.624 938.389
34.982 939.376
34.373 940.385
33.797 941.412
33.256 942.457
32.977 943.025
32.742 943.342
32.405 943.543
32.016 943.598
182
64.197 991.4
63.054 991.348
61.916 991.256
60.78 991.125
59.65 990.954
58.525 990.745
57.41 990.498
56.304 990.212
55.208 989.887
54.123 989.525
53.052 989.126
51.995 988.69
50.954 988.218
49.931 987.71
48.924 987.167
47.937 986.59
46.972 985.979
46.027 985.336
45.105 984.659
44.208 983.951
43.335 983.214
42.488 982.446
41.668 981.649
40.877 980.825
40.113 979.974
39.38 979.097
38.678 978.195
38.007 977.269
37.369 976.322
36.763 975.352
36.192 974.362
35.655 973.353
35.153 972.326
34.686 971.282
34.257 970.223
33.864 969.15
33.508 968.064
33.19 966.966
32.91 965.858
32.669 964.74
32.466 963.615
32.301 962.484
32.177 961.348
32.092 960.209
32.046 959.066
32.039 957.923
32.072 956.781
32.144 955.64
32.256 954.502
32.406 953.369
32.596 952.242
32.825 951.122
33.092 950.011
33.397 948.909
33.74 947.819
34.121 946.741
34.539 945.676
34.993 944.628
35.482 943.595
36.008 942.58
36.568 941.583
37.162 940.607
37.789 939.651
38.449 938.718
39.142 937.809
39.865 936.923
40.617 936.063
41.4 935.229
42.21 934.424
43.048 933.647
43.912 932.898
44.802 932.18
45.716 931.494
46.652 930.839
47.611 930.217
48.592 929.628
49.591 929.074
50.609 928.554
51.645 928.071
52.696 927.622
53.763 927.21
54.842 926.836
55.935 926.499
57.038 926.2
58.151 925.939
59.272 925.717
60.4 925.534
61.534 925.39
62.673 925.284
63.813 925.218
64.956 925.192
66.099 925.206
67.242 925.258
68.38 925.35
69.516 925.481
70.646 925.652
71.77 925.861
72.886 926.108
73.992 926.394
75.088 926.719
76.173 927.081
77.244 927.48
78.301 927.916
79.341 928.388
80.365 928.896
81.372 929.439
82.358 930.016
83.324 930.627
84.269 931.27
85.19 931.947
86.088 932.655
86.961 933.392
87.808 934.16
88.627 934.957
89.419 935.781
90.182 936.632
90.916 937.509
91.617 938.411
92.288 939.337
92.927 940.284
93.533 941.254
94.104 942.244
94.641 943.253
95.143 944.28
95.61 945.324
96.039 946.383
96.432 947.456
96.788 948.542
97.106 949.64
97.386 950.748
97.627 951.866
97.83 952.991
97.994 954.122
98.119 955.258
98.204 956.397
98.25 957.54
98.257 958.683
98.224 959.825
98.152 960.966
98.04 962.104
97.89 963.237
97.7 964.364
97.471 965.484
97.204 966.595
96.899 967.697
96.555 968.787
96.175 969.865
95.757 970.93
95.303 971.978
94.813 973.011
94.288 974.026
93.728 975.023
93.134 975.999
92.506 976.955
91.846 977.888
91.154 978.797
90.431 979.683
89.679 980.543
88.896 981.377
88.086 982.182
87.248 982.959
86.384 983.708
85.494 984.426
84.58 985.112
83.644 985.767
82.684 986.389
81.704 986.978
80.705 987.532
79.687 988.052
78.651 988.535
77.6 988.984
76.533 989.396
75.453 989.77
74.361 990.107
73.258 990.406
72.145 990.667
71.024 990.889
69.896 991.072
68.762 991.216
67.623 991.322
66.482 991.388
65.34 991.414
46
99.867 948.793
99.564 948.598
99.347 948.308
98.81 946.677
98.406 945.571
97.967 944.479
97.493 943.401
96.982 942.34
96.504 941.422
95.841 940.242
95.244 939.265
94.598 938.281
94.368 937.908
94.285 937.523
94.357 937.137
94.573 936.809
96.5 935.487
103.342 930.817
105.112 929.596
105.657 929.246
106.039 929.165
106.424 929.235
106.752 929.447
107.628 930.718
108.255 931.708
108.926 932.827
109.585 933.995
110.13 935.023
110.741 936.238
111.296 937.424
111.82 938.623
112.313 939.838
112.774 941.062
113.204 942.299
113.601 943.546
113.966 944.803
114.146 945.465
114.209 945.865
114.141 946.212
113.954 946.516
113.664 946.735
113.381 946.829
106.768 947.88
104.742 948.194
100.711 948.808
100.217 948.868
49
26.372 958.333
24.271 958.271
21.986 958.202
20.033 958.142
15.942 958.037
15.296 958
14.939 957.842
14.668 957.559
14.528 957.195
14.523 956.689
14.571 955.561
14.669 954.135
14.789 952.887
14.963 951.453
15.179 950.023
15.425 948.651
15.709 947.287
16.031 945.931
16.39 944.584
16.786 943.248
17.218 941.923
17.687 940.611
17.877 940.11
18.095 939.599
18.342 939.328
18.67 939.165
19.032 939.132
19.382 939.235
23.154 941.149
27.173 943.209
30.796 945.08
31.23 945.323
31.47 945.589
31.6 945.926
31.605 946.287
31.434 946.832
31.083 947.923
30.759 949.055
30.472 950.197
30.223 951.348
30.011 952.506
29.839 953.672
29.706 954.841
29.61 956.015
29.555 957.191
29.493 957.716
29.361 957.988
29.075 958.258
28.708 958.396
49
113.878 967.439
109.789 966.351
105.429 965.173
101.499 964.096
101.024 963.948
100.733 963.737
100.536 963.435
100.456 963.082
100.599 961.69
100.685 960.591
100.741 959.415
100.759 958.237
100.739 957.06
100.679 955.884
100.579 954.71
100.441 953.541
100.264 952.376
100.154 951.754
100.158 951.359
100.314 950.998
100.596 950.725
100.962 950.582
103.07 950.212
105.138 949.836
107.388 949.428
111.219 948.728
113.334 948.333
113.973 948.235
114.356 948.316
114.679 948.537
114.892 948.864
115.003 949.355
115.189 950.469
115.391 951.886
115.534 953.131
115.664 954.608
115.742 955.932
115.789 957.325
115.797 958.718
115.765 960.112
115.697 961.504
115.59 962.893
115.444 964.279
115.261 965.661
115.168 966.271
115.062 966.816
114.876 967.132
114.59 967.359
114.242 967.467
48
19.092 978.303
18.73 978.154
18.453 977.878
18.243 977.42
17.828 976.369
17.337 975.026
16.939 973.839
16.515 972.458
16.141 971.102
15.807 969.749
15.51 968.387
15.253 967.018
15.031 965.642
14.848 964.261
14.704 962.874
14.597 961.485
14.564 960.909
14.546 960.539
14.597 960.175
14.774 959.854
15.054 959.621
15.4 959.505
16.431 959.539
24.318 959.958
28.387 960.195
28.884 960.24
29.211 960.386
29.466 960.641
29.618 960.969
29.715 961.883
29.855 963.065
30.032 964.23
30.247 965.387
30.5 966.538
30.792 967.678
31.12 968.809
31.486 969.929
31.889 971.035
32.269 971.987
32.346 972.374
32.269 972.76
32.05 973.086
31.722 973.302
29.737 974.102
23.868 976.507
22.074 977.248
20.088 978.074
19.482 978.303
49
106.271 986.643
105.95 986.469
102.658 983.813
99.154 980.963
96.001 978.379
95.626 978.052
95.447 977.741
95.389 977.385
95.46 977.03
95.916 976.233
96.499 975.194
97.04 974.149
97.546 973.086
98.017 972.006
98.453 970.912
98.851 969.804
99.213 968.683
99.537 967.551
99.793 966.559
99.956 966.2
100.245 965.933
100.614 965.798
101.006 965.816
103.082 966.336
105.124 966.834
107.345 967.376
109.243 967.84
113.223 968.794
113.848 968.965
114.164 969.193
114.369 969.526
114.431 969.912
114.331 970.407
114.05 971.5
113.658 972.876
113.281 974.071
112.8 975.474
112.318 976.754
111.793 978.045
111.232 979.321
110.637 980.58
110.006 981.824
109.342 983.049
108.645 984.256
107.914 985.442
107.603 985.927
107.286 986.381
106.987 986.595
106.634 986.686
51
30.453 995.178
30.074 994.845
29.312 994.098
28.417 993.179
27.513 992.201
26.659 991.228
25.841 990.246
25.022 989.211
24.23 988.155
23.465 987.079
22.73 985.984
22.023 984.869
21.345 983.736
20.697 982.586
20.191 981.635
19.883 981.035
19.746 980.67
19.739 980.316
19.859 979.98
20.097 979.705
20.355 979.555
24.302 978.032
28.521 976.423
32.634 974.871
32.984 974.805
33.338 974.872
33.649 975.059
33.894 975.377
34.357 976.191
35.052 977.341
35.698 978.325
36.376 979.288
37.085 980.228
37.826 981.144
38.596 982.035
39.395 982.9
40.222 983.737
40.676 984.178
40.905 984.5
40.992 984.883
40.924 985.269
40.713 985.6
39.224 987.139
37.772 988.657
36.192 990.309
34.841 991.722
33.504 993.129
32.026 994.692
31.565 995.148
31.209 995.306
30.818 995.318
48
91.502 1001.11
91.189 1000.92
90.966 1000.63
87.922 994.665
86.997 992.835
85.168 989.192
84.958 988.74
84.921 988.384
85.014 988.035
85.222 987.74
86.606 986.724
87.534 985.999
88.437 985.243
89.316 984.459
90.167 983.646
90.991 982.805
91.787 981.936
92.554 981.043
93.291 980.125
93.574 979.79
93.915 979.593
94.304 979.542
94.683 979.646
96.536 981.071
98.198 982.356
100.006 983.755
101.553 984.951
104.8 987.441
105.301 987.851
105.496 988.188
105.549 988.576
105.448 988.954
105.156 989.365
104.453 990.249
103.536 991.346
102.705 992.285
101.695 993.372
100.706 994.374
99.701 995.338
98.669 996.275
97.612 997.183
96.53 998.061
95.423 998.91
94.295 999.727
93.145 1000.51
92.697 1000.81
92.222 1001.09
91.862 1001.17
49
47.969 1005.95
46.911 1005.56
45.584 1005.02
44.435 1004.52
43.125 1003.91
41.831 1003.27
40.603 1002.61
39.393 1001.92
38.204 1001.19
37.033 1000.43
35.885 999.645
34.759 998.825
33.655 997.973
33.238 997.638
32.95 997.405
32.713 997.123
32.593 996.777
32.608 996.413
32.753 996.078
33.459 995.345
37.604 991.199
39.058 989.754
41.957 986.888
42.322 986.549
42.65 986.404
43.01 986.384
43.355 986.491
43.82 986.822
44.749 987.494
45.726 988.152
46.722 988.778
47.74 989.37
48.777 989.929
49.832 990.452
50.903 990.941
51.99 991.394
53.092 991.812
53.497 991.978
53.789 992.241
53.958 992.596
53.976 992.988
53.194 995.19
52.292 997.698
50.404 1002.99
49.69 1005.02
49.454 1005.62
49.194 1005.91
48.842 1006.08
48.451 1006.1
49
72.118 1008.33
71.813 1008.12
71.604 1007.83
71.518 1007.47
71.289 1003.25
71.062 998.736
70.874 994.665
70.865 994.166
70.977 993.826
71.202 993.545
71.514 993.36
72.881 993.065
73.954 992.81
75.091 992.499
76.215 992.152
77.328 991.768
78.428 991.346
79.514 990.89
80.583 990.397
81.636 989.869
82.194 989.572
82.571 989.454
82.962 989.49
83.309 989.674
83.558 989.978
84.562 991.869
85.559 993.72
86.64 995.733
88.491 999.16
89.521 1001.05
89.811 1001.63
89.852 1002.02
89.742 1002.39
89.497 1002.7
89.063 1002.95
88.061 1003.48
86.777 1004.1
85.638 1004.62
84.271 1005.21
83.038 1005.69
81.727 1006.16
80.404 1006.6
79.069 1007
77.725 1007.37
76.37 1007.7
75.007 1007.99
73.637 1008.24
73.027 1008.34
72.477 1008.4
49
63.675 1008.93
62.177 1008.87
60.787 1008.77
59.4 1008.63
58.017 1008.45
56.641 1008.23
55.27 1007.98
53.907 1007.69
52.552 1007.36
51.995 1007.22
51.464 1007.05
51.169 1006.84
50.973 1006.53
50.903 1006.17
50.969 1005.81
52.478 1001.86
54.106 997.646
55.588 993.85
55.784 993.392
56.024 993.126
56.345 992.961
56.704 992.918
57.603 993.105
58.771 993.338
59.933 993.53
61.101 993.683
62.273 993.798
63.448 993.873
64.625 993.91
65.803 993.909
66.98 993.868
68.002 993.801
68.394 993.848
68.737 994.04
68.979 994.349
69.083 994.728
69.231 996.863
69.388 998.959
69.559 1001.24
69.855 1005.12
70.027 1007.27
70.057 1007.91
69.936 1008.28
69.683 1008.58
69.335 1008.76
68.835 1008.82
67.708 1008.89
66.28 1008.94
64.95 1008.95
