0.3
0.7
162
66.57 984.841
67.599 984.766
68.623 984.651
69.642 984.497
70.654 984.302
71.658 984.07
72.652 983.798
73.635 983.487
74.605 983.14
75.56 982.754
76.502 982.332
77.425 981.873
78.329 981.38
79.214 980.852
80.077 980.289
80.919 979.694
81.737 979.066
82.529 978.407
83.295 977.718
84.035 977
84.745 976.253
85.426 975.48
86.078 974.681
86.697 973.857
87.283 973.009
87.838 972.14
88.357 971.25
88.842 970.34
89.29 969.412
89.703 968.469
90.079 967.509
90.417 966.535
90.717 965.549
90.979 964.552
91.202 963.545
91.385 962.531
91.529 961.51
91.634 960.485
91.699 959.456
91.724 958.426
91.708 957.396
91.654 956.366
91.558 955.34
91.424 954.318
91.249 953.302
91.035 952.294
90.783 951.295
90.492 950.306
90.163 949.33
89.796 948.366
89.393 947.418
88.952 946.486
88.476 945.572
87.965 944.677
87.419 943.803
86.84 942.95
86.229 942.12
85.585 941.315
84.912 940.536
84.208 939.782
83.475 939.057
82.714 938.361
81.929 937.694
81.117 937.06
80.281 936.457
79.423 935.886
78.543 935.349
77.642 934.848
76.723 934.38
75.787 933.95
74.835 933.555
73.868 933.198
72.888 932.88
71.896 932.598
70.894 932.356
69.884 932.152
68.866 931.989
67.843 931.864
66.816 931.779
65.786 931.734
64.756 931.73
63.725 931.765
62.697 931.84
61.673 931.955
60.654 932.109
59.642 932.304
58.638 932.536
57.644 932.808
56.661 933.119
55.691 933.466
54.735 933.852
53.794 934.274
52.871 934.733
51.967 935.226
51.082 935.754
50.219 936.317
49.377 936.912
48.559 937.54
47.767 938.199
47.001 938.888
46.261 939.606
45.55 940.353
44.869 941.126
44.218 941.925
43.599 942.749
43.012 943.597
42.458 944.466
41.939 945.356
41.454 946.266
41.005 947.194
40.593 948.137
40.217 949.097
39.879 950.071
39.578 951.057
39.317 952.054
39.094 953.061
38.91 954.075
38.767 955.096
38.662 956.121
38.597 957.15
38.572 958.18
38.588 959.21
38.642 960.24
38.738 961.266
38.872 962.288
39.047 963.304
39.261 964.312
39.512 965.311
39.804 966.3
40.132 967.276
40.5 968.24
40.903 969.188
41.344 970.12
41.82 971.034
42.331 971.929
42.877 972.803
43.456 973.656
44.067 974.486
44.711 975.291
45.384 976.07
46.088 976.824
46.821 977.549
47.581 978.245
48.367 978.912
49.179 979.546
50.015 980.149
50.873 980.72
51.753 981.257
52.653 981.758
53.573 982.226
54.509 982.656
55.461 983.051
56.428 983.408
57.408 983.726
58.4 984.008
59.401 984.25
60.412 984.454
61.43 984.617
62.453 984.742
63.48 984.827
64.51 984.872
65.54 984.876
156
63.82 982.382
62.851 982.31
61.887 982.197
60.927 982.047
59.974 981.857
59.03 981.63
58.096 981.365
57.173 981.062
56.263 980.723
55.367 980.347
54.488 979.935
53.626 979.488
52.782 979.007
51.958 978.492
51.156 977.945
50.376 977.365
49.62 976.756
48.89 976.115
48.186 975.446
47.509 974.749
46.862 974.026
46.243 973.276
45.656 972.503
45.1 971.707
44.576 970.889
44.086 970.05
43.63 969.192
43.209 968.317
42.824 967.425
42.475 966.519
42.162 965.6
41.887 964.669
41.649 963.727
41.45 962.776
41.289 961.818
41.167 960.855
41.083 959.887
41.04 958.917
41.034 957.945
41.069 956.975
41.141 956.006
41.254 955.042
41.404 954.082
41.594 953.129
41.821 952.185
42.086 951.251
42.389 950.328
42.728 949.418
43.104 948.522
43.516 947.643
43.963 946.781
44.444 945.937
44.958 945.113
45.506 944.311
46.086 943.531
46.695 942.775
47.335 942.045
48.005 941.341
48.702 940.664
49.425 940.017
50.174 939.399
50.948 938.811
51.744 938.255
52.562 937.732
53.401 937.241
54.258 936.785
55.133 936.364
56.025 935.979
56.932 935.63
57.851 935.317
58.782 935.042
59.724 934.804
60.675 934.605
61.633 934.444
62.596 934.322
63.564 934.238
64.534 934.195
65.506 934.189
66.476 934.224
67.445 934.296
68.409 934.409
69.369 934.559
70.322 934.749
71.266 934.976
72.2 935.241
73.123 935.544
74.033 935.883
74.929 936.259
75.808 936.671
76.67 937.118
77.514 937.599
78.338 938.114
79.14 938.661
79.92 939.241
80.676 939.85
81.405 940.491
82.109 941.16
82.787 941.857
83.434 942.58
84.052 943.33
84.64 944.103
85.196 944.899
85.719 945.717
86.21 946.556
86.666 947.414
87.086 948.289
87.472 949.181
87.821 950.087
88.134 951.006
88.409 951.937
88.647 952.879
88.846 953.83
89.007 954.788
89.129 955.751
89.212 956.719
89.256 957.689
89.262 958.661
89.227 959.631
89.155 960.6
89.042 961.564
88.892 962.524
88.702 963.477
88.475 964.421
88.21 965.355
87.907 966.278
87.568 967.188
87.192 968.084
86.78 968.963
86.333 969.825
85.852 970.669
85.337 971.493
84.79 972.295
84.21 973.075
83.6 973.831
82.96 974.561
82.291 975.265
81.594 975.942
80.871 976.589
80.121 977.207
79.348 977.795
78.551 978.351
77.734 978.874
76.895 979.365
76.037 979.821
75.162 980.242
74.27 980.627
73.364 980.976
72.445 981.289
71.514 981.564
70.572 981.802
69.621 982.001
68.663 982.162
67.7 982.284
66.732 982.368
65.762 982.411
64.79 982.417
348
65.749 1010.14
66.589 1010.12
67.575 1010.08
68.56 1010.03
69.397 1009.97
70.38 1009.88
71.361 1009.77
72.193 1009.66
73.169 1009.52
74.143 1009.36
74.968 1009.2
75.935 1009.01
76.898 1008.79
77.714 1008.59
78.669 1008.35
79.619 1008.08
80.423 1007.84
81.364 1007.54
82.298 1007.22
83.087 1006.94
84.01 1006.59
84.926 1006.22
85.698 1005.89
86.6 1005.49
87.496 1005.08
88.249 1004.71
89.129 1004.26
89.999 1003.79
90.732 1003.39
91.586 1002.89
92.303 1002.46
93.14 1001.93
93.965 1001.39
94.659 1000.92
95.465 1000.35
96.26 999.766
96.927 999.256
97.701 998.644
98.463 998.017
99.101 997.472
99.841 996.82
100.568 996.152
101.175 995.573
101.879 994.881
102.569 994.176
103.144 993.564
103.809 992.835
104.459 992.093
105.001 991.451
105.624 990.687
106.234 989.911
106.739 989.241
107.321 988.444
107.888 987.636
108.356 986.939
108.894 986.113
109.416 985.273
109.846 984.554
110.338 983.699
110.742 982.963
111.204 982.091
111.649 981.211
112.012 980.454
112.427 979.558
112.823 978.655
113.145 977.879
113.51 976.963
113.856 976.039
114.136 975.247
114.451 974.312
114.746 973.371
114.983 972.565
115.246 971.614
115.491 970.658
115.683 969.841
115.895 968.878
116.087 967.91
116.235 967.084
116.393 966.11
116.533 965.133
116.635 964.3
116.741 963.319
116.827 962.336
116.885 961.498
116.937 960.514
116.97 959.526
116.982 958.688
116.981 957.701
116.965 956.862
116.929 955.875
116.874 954.891
116.81 954.054
116.721 953.071
116.613 952.09
116.504 951.258
116.362 950.282
116.2 949.308
116.046 948.483
115.851 947.516
115.637 946.553
115.439 945.737
115.192 944.782
114.925 943.832
114.683 943.027
114.384 942.087
114.068 941.153
113.782 940.364
113.433 939.441
113.064 938.525
112.737 937.753
112.338 936.85
111.922 935.955
111.553 935.202
111.105 934.322
110.639 933.452
110.232 932.719
109.737 931.865
109.302 931.147
108.778 930.311
108.237 929.486
107.764 928.792
107.195 927.986
106.611 927.191
106.101 926.524
105.489 925.75
104.862 924.988
104.317 924.35
103.665 923.61
102.997 922.883
102.418 922.276
101.726 921.572
101.021 920.882
100.409 920.307
99.68 919.642
98.938 918.992
98.296 918.45
97.532 917.827
96.756 917.217
96.086 916.712
95.289 916.13
94.481 915.563
93.784 915.095
92.957 914.557
92.118 914.035
91.399 913.605
90.544 913.113
89.808 912.709
88.936 912.247
88.056 911.802
87.299 911.438
86.403 911.024
85.5 910.628
84.724 910.306
83.808 909.941
82.884 909.595
82.092 909.315
81.157 909
80.216 908.705
79.41 908.468
78.459 908.205
77.503 907.96
76.686 907.767
75.723 907.556
74.755 907.364
73.929 907.216
72.955 907.058
71.978 906.918
71.145 906.816
70.164 906.71
69.181 906.623
68.343 906.566
67.359 906.514
66.371 906.481
65.533 906.469
64.546 906.47
63.707 906.486
62.72 906.522
61.736 906.577
60.899 906.641
59.916 906.729
58.935 906.838
58.103 906.947
57.127 907.089
56.153 907.251
55.328 907.405
54.361 907.6
53.397 907.814
52.582 908.012
51.627 908.259
50.677 908.526
49.872 908.768
48.932 909.066
47.998 909.383
47.209 909.669
46.286 910.018
45.37 910.386
44.597 910.714
43.695 911.112
42.8 911.529
42.047 911.898
41.167 912.346
40.297 912.812
39.564 913.219
38.71 913.714
37.992 914.149
37.156 914.673
36.331 915.214
35.637 915.687
34.831 916.255
34.035 916.84
33.369 917.35
32.595 917.962
31.832 918.589
31.195 919.134
30.455 919.786
29.728 920.454
29.121 921.033
28.417 921.725
27.727 922.43
27.152 923.042
26.487 923.771
25.837 924.513
25.295 925.155
24.672 925.919
24.062 926.695
23.557 927.365
22.975 928.162
22.408 928.97
21.94 929.667
21.402 930.493
20.88 931.333
20.45 932.052
19.958 932.907
19.554 933.643
19.092 934.515
18.647 935.395
18.283 936.152
17.869 937.048
17.473 937.951
17.151 938.727
16.786 939.643
16.44 940.567
16.16 941.359
15.845 942.294
15.549 943.235
15.313 944.041
15.05 944.992
14.805 945.948
14.612 946.765
14.401 947.728
14.209 948.696
14.061 949.522
13.903 950.496
13.763 951.473
13.66 952.306
13.555 953.287
13.468 954.27
13.411 955.108
13.359 956.092
13.326 957.08
13.314 957.918
13.315 958.905
13.331 959.744
13.367 960.731
13.422 961.715
13.486 962.552
13.574 963.535
13.683 964.516
13.792 965.348
13.934 966.324
14.096 967.298
14.25 968.123
14.445 969.09
14.659 970.053
14.857 970.869
15.104 971.824
15.371 972.774
15.612 973.579
15.911 974.519
16.228 975.453
16.514 976.242
16.863 977.165
17.231 978.081
17.558 978.853
17.957 979.756
18.374 980.651
18.743 981.404
19.19 982.284
19.657 983.154
20.064 983.887
20.559 984.741
20.994 985.459
21.518 986.295
22.059 987.12
22.532 987.814
23.1 988.62
23.685 989.415
24.195 990.082
24.807 990.856
25.434 991.618
25.979 992.256
26.631 992.996
27.299 993.723
27.878 994.33
28.57 995.034
29.275 995.724
29.887 996.299
30.616 996.964
31.357 997.614
32 998.156
32.764 998.779
33.54 999.389
34.21 999.894
35.007 1000.48
35.815 1001.04
36.512 1001.51
37.338 1002.05
38.178 1002.57
38.897 1003
39.752 1003.49
40.487 1003.9
41.36 1004.36
42.24 1004.8
42.997 1005.17
43.893 1005.58
44.796 1005.98
45.572 1006.3
46.488 1006.66
47.412 1007.01
48.204 1007.29
49.139 1007.61
50.08 1007.9
50.886 1008.14
51.836 1008.4
52.793 1008.65
53.61 1008.84
54.573 1009.05
55.54 1009.24
56.367 1009.39
57.341 1009.55
58.318 1009.69
59.151 1009.79
60.132 1009.9
61.115 1009.98
61.952 1010.04
62.937 1010.09
63.925 1010.12
64.763 1010.14
57
55.579 923.532
55.278 923.317
55.08 923.014
54.696 921.16
54.372 919.521
54.01 917.663
53.502 914.996
52.811 911.291
52.737 910.776
52.829 910.401
53.054 910.099
53.398 909.878
54.071 909.703
54.617 909.581
55.474 909.405
56.012 909.3
56.885 909.148
57.528 909.043
58.265 908.936
58.91 908.849
59.651 908.763
60.298 908.694
61.041 908.629
61.69 908.578
62.434 908.533
63.084 908.5
64.48 908.462
65.877 908.463
67.273 908.503
68.612 908.577
69.226 908.625
69.847 908.681
70.556 908.751
70.899 908.808
71.319 909.011
71.61 909.302
71.771 909.672
71.757 910.054
71.095 912.658
69.724 918.196
68.86 921.763
68.741 922.076
68.581 922.284
68.271 922.49
67.861 922.584
66.782 922.532
66.067 922.513
64.883 922.502
63.7 922.528
62.518 922.595
61.339 922.702
60.164 922.847
58.995 923.032
57.832 923.255
56.991 923.44
56.405 923.582
55.944 923.63
50
82.155 926.775
80.901 926.152
79.83 925.649
78.742 925.181
77.639 924.75
76.523 924.355
75.394 923.998
74.254 923.677
73.104 923.395
71.946 923.151
71.271 923.025
70.842 922.884
70.549 922.646
70.361 922.328
70.304 921.971
70.707 920.12
71.501 916.645
72.123 914.005
72.999 910.337
73.141 909.838
73.379 909.532
73.706 909.349
74.11 909.287
74.796 909.399
75.345 909.51
76.28 909.716
76.77 909.831
78.463 910.268
79.803 910.659
81.132 911.089
82.448 911.555
83.751 912.058
85.04 912.597
86.312 913.173
87.568 913.783
88.046 914.029
89.156 914.621
89.666 914.905
90.229 915.228
90.534 915.426
90.834 915.783
90.983 916.166
90.978 916.57
90.811 916.913
89.146 919.023
85.641 923.524
83.401 926.432
83.165 926.671
82.934 926.794
82.567 926.856
58
42.078 930.409
41.74 930.272
41.479 930.023
38.442 925.707
36.895 923.477
35.687 921.729
34.756 920.373
34.479 919.934
34.411 919.551
34.494 919.185
34.718 918.844
35.261 918.41
35.711 918.077
36.721 917.358
37.399 916.895
38.57 916.134
39.125 915.792
39.762 915.406
40.327 915.079
40.973 914.712
41.547 914.4
42.204 914.052
42.786 913.756
43.453 913.427
44.042 913.147
44.718 912.837
45.316 912.574
46 912.283
46.604 912.036
47.656 911.626
48.129 911.453
48.832 911.202
49.345 911.028
49.926 910.838
50.271 910.747
50.737 910.763
51.121 910.908
51.418 911.182
51.561 911.536
52.015 914.185
53.016 919.802
53.677 923.413
53.697 923.747
53.634 924.001
53.434 924.316
53.098 924.568
52.163 924.937
51.066 925.385
49.986 925.868
48.922 926.387
47.875 926.941
46.848 927.529
45.841 928.151
44.854 928.806
43.89 929.493
43.189 930.022
42.813 930.294
42.452 930.417
56
93.853 936.66
93.508 936.418
92.868 935.643
92.103 934.739
91.31 933.861
90.487 933.009
89.637 932.185
88.76 931.39
87.857 930.623
86.93 929.888
85.978 929.183
85.259 928.68
84.884 928.406
84.655 928.1
84.547 927.742
84.573 927.378
84.729 927.054
87.896 922.831
89.538 920.671
91.829 917.678
92.162 917.278
92.504 917.096
92.878 917.062
93.272 917.17
93.853 917.551
94.308 917.876
95.08 918.445
95.481 918.748
95.955 919.117
97.04 919.994
97.537 920.417
98.1 920.904
98.585 921.339
99.135 921.842
99.608 922.291
100.143 922.808
100.604 923.27
101.124 923.802
101.572 924.277
102.076 924.824
102.51 925.31
102.999 925.871
103.42 926.369
104.155 927.268
104.901 928.23
105.586 929.158
105.78 929.459
105.907 929.907
105.888 930.316
105.72 930.684
105.427 930.929
103.048 932.18
98.016 934.867
94.786 936.612
94.474 936.734
94.213 936.753
50
32.186 942.172
30.552 941.217
27.492 939.387
25.173 937.98
21.956 936.014
21.525 935.725
21.308 935.404
21.234 935.036
21.3 934.633
21.619 934.015
21.895 933.528
22.336 932.773
22.62 932.303
23.578 930.796
24.365 929.643
25.184 928.511
26.034 927.404
26.915 926.32
27.826 925.262
28.767 924.229
29.736 923.223
30.117 922.844
31.022 921.972
31.45 921.575
31.931 921.138
32.215 920.909
32.646 920.735
33.056 920.712
33.439 920.84
33.714 921.106
35.207 923.341
38.405 928.065
40.477 931.095
40.632 931.392
40.677 931.65
40.623 932.018
40.418 932.386
39.438 933.385
38.629 934.249
37.848 935.139
37.097 936.054
36.377 936.994
35.688 937.957
35.031 938.942
34.408 939.948
33.818 940.975
33.488 941.578
33.222 941.942
32.905 942.148
32.544 942.228
182
64.389 991.597
63.24 991.551
62.094 991.465
60.951 991.34
59.813 991.176
58.682 990.972
57.558 990.729
56.443 990.447
55.339 990.128
54.247 989.771
53.167 989.376
52.101 988.944
51.052 988.475
50.018 987.97
49.003 987.431
48.008 986.856
47.033 986.247
46.079 985.605
45.148 984.931
44.241 984.224
43.358 983.488
42.502 982.721
41.672 981.925
40.871 981.1
40.099 980.248
39.356 979.371
38.644 978.468
37.964 977.541
37.316 976.591
36.701 975.62
36.121 974.628
35.575 973.616
35.064 972.586
34.589 971.539
34.15 970.477
33.748 969.399
33.384 968.309
33.057 967.207
32.769 966.094
32.52 964.971
32.309 963.842
32.138 962.705
32.005 961.562
31.913 960.416
31.86 959.268
31.846 958.119
31.872 956.97
31.938 955.822
32.043 954.677
32.188 953.536
32.372 952.401
32.595 951.274
32.858 950.154
33.158 949.045
33.497 947.946
33.873 946.86
34.287 945.787
34.737 944.729
35.224 943.688
35.746 942.664
36.303 941.658
36.895 940.673
37.52 939.708
38.178 938.766
38.869 937.846
39.591 936.951
40.343 936.082
41.125 935.239
41.935 934.423
42.774 933.637
43.638 932.879
44.529 932.151
45.443 931.456
46.382 930.791
47.342 930.16
48.325 929.562
49.327 928.999
50.348 928.47
51.386 927.977
52.441 927.52
53.511 927.1
54.595 926.717
55.691 926.371
56.799 926.064
57.917 925.795
59.043 925.565
60.177 925.374
61.316 925.222
62.461 925.109
63.608 925.036
64.757 925.002
65.907 925.009
67.056 925.055
68.202 925.141
69.344 925.266
70.483 925.43
71.614 925.634
72.738 925.877
73.853 926.159
74.957 926.478
76.049 926.835
77.129 927.23
78.195 927.662
79.244 928.131
80.278 928.636
81.292 929.175
82.288 929.75
83.263 930.359
84.217 931.001
85.148 931.675
86.055 932.382
86.938 933.118
87.794 933.885
88.623 934.681
89.425 935.506
90.197 936.358
90.94 937.235
91.652 938.138
92.332 939.065
92.98 940.015
93.594 940.986
94.175 941.978
94.721 942.99
95.232 944.02
95.707 945.067
96.145 946.129
96.548 947.207
96.912 948.297
97.238 949.399
97.526 950.512
97.776 951.635
97.987 952.764
98.158 953.901
98.29 955.044
98.383 956.19
98.436 957.338
98.45 958.487
98.424 959.636
98.358 960.784
98.253 961.929
98.108 963.07
97.923 964.205
97.7 965.332
97.438 966.452
97.137 967.561
96.799 968.66
96.423 969.746
96.009 970.819
95.558 971.877
95.072 972.918
94.55 973.942
93.993 974.948
93.401 975.933
92.776 976.898
92.118 977.84
91.427 978.76
90.705 979.655
89.952 980.524
89.171 981.367
88.361 982.183
87.522 982.969
86.658 983.727
85.767 984.455
84.853 985.15
83.914 985.815
82.953 986.446
81.971 987.044
80.969 987.607
79.948 988.136
78.909 988.629
77.855 989.086
76.785 989.506
75.701 989.889
74.604 990.235
73.497 990.542
72.379 990.811
71.252 991.041
70.119 991.232
68.98 991.384
67.835 991.497
66.688 991.57
65.538 991.604
57
100.711 950.526
100.465 950.438
100.174 950.206
99.958 949.845
99.673 948.803
99.473 948.117
99.117 946.988
98.724 945.872
98.295 944.768
97.829 943.679
97.328 942.607
96.855 941.676
96.572 941.136
95.988 940.106
95.617 939.503
95.338 939.018
95.253 938.646
95.3 938.275
95.471 937.953
95.747 937.72
100.825 934.893
106.047 932.042
106.513 931.813
106.9 931.785
107.256 931.906
107.572 932.164
107.981 932.809
108.426 933.571
108.679 934.023
109.03 934.666
109.525 935.601
110.125 936.814
110.691 938.043
110.933 938.6
111.224 939.286
111.451 939.852
111.723 940.545
111.936 941.115
112.187 941.815
112.385 942.392
112.616 943.099
112.8 943.68
113.011 944.392
113.179 944.978
113.315 945.483
113.511 946.231
113.655 946.831
113.794 947.439
113.946 948.135
113.999 948.478
113.934 948.939
113.749 949.306
113.447 949.573
113.079 949.679
110.397 949.853
104.707 950.262
101.046 950.542
57
26.593 956.766
23.054 956.339
20.363 955.997
16.624 955.509
16.114 955.42
15.784 955.215
15.554 954.875
15.464 954.514
15.503 953.819
15.557 953.262
15.653 952.394
15.722 951.849
15.846 950.971
15.945 950.328
16.071 949.594
16.188 948.953
16.334 948.222
16.469 947.585
16.636 946.859
16.788 946.226
16.976 945.504
17.145 944.875
17.54 943.536
17.972 942.208
18.442 940.893
18.629 940.403
18.926 939.642
19.162 939.074
19.407 938.499
19.693 937.848
19.853 937.538
20.176 937.202
20.542 937.015
20.944 936.976
21.303 937.108
23.575 938.542
28.418 941.557
31.544 943.481
31.806 943.691
31.952 943.907
32.052 944.266
32.015 944.685
31.633 945.696
31.393 946.368
31.017 947.491
30.678 948.626
30.377 949.771
30.114 950.925
29.889 952.087
29.703 953.256
29.555 954.431
29.47 955.288
29.426 955.889
29.328 956.342
29.122 956.659
28.825 956.878
28.475 956.974
51
112.442 969.919
109.921 968.989
104.557 967.046
101.1 965.814
100.8 965.663
100.611 965.482
100.439 965.152
100.388 964.735
100.593 963.35
100.741 962.175
100.849 960.996
100.918 959.814
100.949 958.63
100.942 957.446
100.894 956.264
100.807 955.083
100.681 953.906
100.593 953.225
100.593 952.774
100.729 952.421
100.974 952.144
101.295 951.979
103.179 951.791
106.73 951.475
109.435 951.247
113.192 950.947
113.711 950.927
114.075 951.059
114.352 951.315
114.534 951.679
114.64 952.367
114.703 952.923
114.797 953.876
114.84 954.395
114.947 956.122
114.988 957.518
114.991 958.915
114.954 960.311
114.878 961.705
114.763 963.097
114.609 964.485
114.522 965.13
114.417 965.868
114.331 966.398
114.112 967.636
113.999 968.21
113.866 968.846
113.77 969.197
113.524 969.593
113.206 969.851
112.82 969.973
58
18.795 975.561
18.472 975.369
18.216 975.05
17.971 974.399
17.794 973.869
17.529 973.036
17.369 972.51
17.192 971.898
17.02 971.27
16.83 970.549
16.676 969.916
16.506 969.191
16.369 968.554
16.22 967.824
16.101 967.184
15.973 966.449
15.871 965.806
15.764 965.069
15.68 964.423
15.594 963.683
15.528 963.035
15.463 962.292
15.414 961.643
15.349 960.483
15.31 959.265
15.304 958.722
15.303 958.111
15.324 957.757
15.481 957.319
15.74 956.998
16.092 956.8
16.464 956.775
19.131 957.16
24.782 957.943
28.42 958.432
28.745 958.516
28.967 958.654
29.204 958.941
29.34 959.339
29.402 960.342
29.488 961.523
29.615 962.7
29.78 963.872
29.983 965.039
30.225 966.198
30.505 967.348
30.823 968.489
31.179 969.618
31.465 970.448
31.608 970.89
31.613 971.271
31.491 971.624
31.255 971.904
30.938 972.075
25.384 973.783
21.259 975.019
19.683 975.486
19.179 975.614
57
103.952 988.354
103.629 988.151
101.704 986.276
97.593 982.32
94.936 979.787
94.723 979.528
94.625 979.285
94.602 978.914
94.725 978.512
95.264 977.664
95.888 976.658
96.478 975.631
97.034 974.585
97.555 973.522
98.04 972.443
98.49 971.347
98.903 970.238
99.279 969.115
99.535 968.276
99.68 967.834
99.9 967.522
100.207 967.309
100.561 967.221
100.918 967.269
105.913 968.976
108.474 969.87
112.03 971.125
112.512 971.317
112.791 971.587
112.939 971.932
112.959 972.339
112.776 973.011
112.607 973.544
112.305 974.453
112.133 974.945
111.936 975.493
111.705 976.102
111.436 976.796
111.188 977.399
110.9 978.086
110.636 978.682
110.328 979.36
110.047 979.948
109.72 980.617
109.423 981.197
109.077 981.857
108.765 982.429
108.4 983.077
108.072 983.641
107.689 984.28
107.345 984.833
106.718 985.81
106.033 986.818
105.36 987.756
105.136 988.032
104.75 988.293
104.353 988.4
56
29.449 992.878
29.086 992.69
28.605 992.203
28.239 991.803
27.67 991.166
27.325 990.77
26.732 990.061
26.26 989.486
25.88 989.003
25.425 988.414
25.058 987.921
24.62 987.32
24.265 986.818
23.844 986.205
23.503 985.693
23.1 985.068
22.772 984.548
22.072 983.383
21.404 982.2
20.796 981.054
20.545 980.554
20.048 979.53
19.803 979.002
19.537 978.409
19.407 978.07
19.374 977.605
19.479 977.208
19.72 976.884
20.057 976.704
22.645 975.975
28.126 974.393
31.648 973.358
31.978 973.303
32.238 973.339
32.571 973.505
32.858 973.814
33.725 975.469
34.11 976.15
34.681 977.109
35.319 978.106
35.99 979.082
36.694 980.034
37.428 980.963
38.193 981.867
38.986 982.745
39.458 983.245
39.722 983.61
39.82 983.976
39.785 984.343
39.59 984.701
38.208 985.926
35.522 988.27
33.466 990.041
30.602 992.493
30.195 992.814
29.822 992.921
56
88.723 1001.75
88.375 1001.54
88.162 1001.22
87.167 998.726
85.019 993.441
83.623 990.046
83.534 989.723
83.542 989.461
83.673 989.112
83.949 988.795
84.851 988.203
85.441 987.8
86.406 987.113
87.346 986.394
88.263 985.645
89.154 984.865
90.02 984.057
90.857 983.221
91.667 982.357
92.24 981.713
92.629 981.254
92.974 980.944
93.328 980.809
93.696 980.805
94.036 980.934
95.436 982.208
98.048 984.634
100.024 986.493
102.762 989.085
103.124 989.457
103.269 989.817
103.265 990.192
103.117 990.573
102.676 991.111
102.305 991.53
101.659 992.238
101.301 992.617
100.725 993.213
100.265 993.676
99.733 994.196
99.261 994.646
98.714 995.15
98.23 995.587
97.668 996.076
97.173 996.5
96.09 997.382
94.982 998.234
93.852 999.053
92.7 999.841
92.26 1000.13
91.574 1000.57
91.05 1000.89
90.514 1001.21
89.897 1001.57
89.588 1001.73
89.128 1001.81
56
46.191 1004.38
45.543 1004.13
45.029 1003.91
44.233 1003.55
43.736 1003.32
42.94 1002.93
42.358 1002.63
41.699 1002.29
41.125 1001.98
40.477 1001.61
39.912 1001.29
39.273 1000.9
38.717 1000.56
37.544 999.807
36.928 999.388
36.392 999.017
35.263 998.195
34.157 997.342
33.749 997.013
33.117 996.496
32.178 995.687
31.647 995.211
31.402 994.965
31.183 994.553
31.117 994.148
31.205 993.753
31.438 993.459
33.507 991.735
37.871 988.06
40.667 985.683
40.948 985.498
41.199 985.425
41.571 985.441
41.958 985.606
42.801 986.282
43.366 986.718
44.318 987.423
45.292 988.095
46.288 988.736
47.304 989.343
48.34 989.915
49.395 990.454
50.466 990.957
51.255 991.303
51.812 991.531
52.214 991.764
52.451 992.058
52.569 992.408
52.551 992.77
51.772 994.495
50.044 998.212
48.204 1002.1
47.496 1003.59
47.253 1004.05
46.957 1004.3
46.598 1004.41
52
69.36 1007.8
69.015 1007.58
68.781 1007.25
68.715 1006.87
68.821 1004.19
69.01 998.486
69.115 994.816
69.165 994.485
69.279 994.249
69.539 993.983
69.921 993.806
71.301 993.574
72.464 993.351
73.619 993.09
74.765 992.791
75.899 992.455
77.023 992.08
78.133 991.669
79.229 991.221
80.31 990.738
80.931 990.444
81.36 990.304
81.737 990.325
82.076 990.472
82.333 990.727
83.094 992.461
84.492 995.74
85.543 998.242
86.99 1001.72
87.169 1002.21
87.157 1002.6
86.999 1002.94
86.709 1003.23
86.087 1003.54
85.578 1003.77
84.7 1004.15
84.219 1004.36
83.305 1004.72
82.611 1004.99
81.296 1005.46
79.968 1005.89
78.629 1006.29
77.28 1006.65
75.92 1006.97
74.553 1007.25
73.913 1007.37
73.178 1007.5
72.647 1007.58
71.402 1007.75
70.823 1007.82
70.176 1007.89
69.813 1007.91
57
64.079 1008.14
63.258 1008.11
62.607 1008.08
61.863 1008.04
61.214 1007.99
60.472 1007.93
59.824 1007.86
59.084 1007.78
58.438 1007.69
57.699 1007.59
57.056 1007.49
56.322 1007.36
55.681 1007.24
54.951 1007.09
54.315 1006.96
53.589 1006.79
52.956 1006.63
51.833 1006.34
50.663 1006
50.145 1005.84
49.563 1005.65
49.231 1005.52
48.864 1005.23
48.639 1004.89
48.559 1004.49
48.652 1004.12
49.841 1001.71
52.333 996.582
53.92 993.273
54.101 992.991
54.301 992.821
54.647 992.685
55.068 992.678
56.042 992.929
57.192 993.211
58.35 993.455
59.516 993.66
60.688 993.827
61.865 993.955
63.046 994.044
64.229 994.093
65.413 994.104
66.29 994.091
66.754 994.091
67.119 994.203
67.417 994.429
67.61 994.739
67.674 995.095
67.593 1000.37
67.536 1003.08
67.441 1006.85
67.407 1007.37
67.238 1007.72
66.923 1007.98
66.573 1008.11
65.878 1008.14
65.32 1008.15
