0.3
0.7
168
66.599 986.611
67.656 986.537
68.71 986.423
69.759 986.271
70.801 986.079
71.836 985.848
72.861 985.578
73.876 985.271
74.878 984.926
75.867 984.543
76.84 984.124
77.798 983.669
78.737 983.178
79.658 982.653
80.558 982.093
81.437 981.5
82.293 980.875
83.125 980.218
83.932 979.531
84.712 978.813
85.466 978.067
86.19 977.294
86.886 976.494
87.551 975.668
88.184 974.819
88.786 973.946
89.354 973.051
89.889 972.135
90.389 971.201
90.853 970.248
91.282 969.278
91.674 968.293
92.029 967.295
92.346 966.283
92.626 965.261
92.867 964.228
93.069 963.188
93.232 962.14
93.356 961.088
93.44 960.031
93.485 958.972
93.49 957.912
93.456 956.852
93.382 955.795
93.268 954.741
93.115 953.692
92.923 952.649
92.693 951.615
92.423 950.59
92.116 949.575
91.771 948.573
91.388 947.584
90.969 946.611
90.514 945.653
90.023 944.714
89.498 943.793
88.938 942.893
88.345 942.014
87.72 941.158
87.063 940.326
86.375 939.519
85.658 938.739
84.912 937.985
84.139 937.26
83.339 936.565
82.513 935.9
81.663 935.266
80.791 934.665
79.896 934.097
78.98 933.562
78.046 933.062
77.093 932.598
76.123 932.169
75.138 931.777
74.14 931.422
73.128 931.104
72.106 930.825
71.073 930.584
70.033 930.382
68.985 930.219
67.933 930.095
66.876 930.011
65.817 929.966
64.757 929.961
63.697 929.995
62.64 930.069
61.586 930.183
60.537 930.335
59.494 930.527
58.46 930.758
57.435 931.028
56.42 931.335
55.418 931.68
54.429 932.063
53.455 932.482
52.498 932.937
51.559 933.428
50.638 933.953
49.738 934.513
48.859 935.106
48.003 935.731
47.171 936.388
46.364 937.075
45.583 937.793
44.83 938.539
44.105 939.312
43.41 940.112
42.745 940.938
42.111 941.787
41.51 942.66
40.942 943.555
40.407 944.471
39.907 945.405
39.443 946.358
39.014 947.328
38.622 948.313
38.267 949.311
37.949 950.323
37.67 951.345
37.429 952.378
37.227 953.418
37.064 954.466
36.94 955.518
36.856 956.575
36.811 957.634
36.806 958.694
36.84 959.754
36.914 960.811
37.028 961.865
37.18 962.914
37.372 963.957
37.603 964.991
37.873 966.016
38.18 967.031
38.525 968.033
38.908 969.022
39.327 969.995
39.782 970.953
40.273 971.892
40.798 972.813
41.358 973.713
41.951 974.592
42.576 975.448
43.233 976.28
43.92 977.087
44.638 977.867
45.383 978.621
46.157 979.346
46.957 980.041
47.783 980.706
48.632 981.34
49.505 981.941
50.4 982.509
51.316 983.044
52.25 983.544
53.203 984.008
54.173 984.437
55.157 984.829
56.156 985.184
57.168 985.502
58.19 985.781
59.223 986.022
60.263 986.224
61.311 986.387
62.363 986.511
63.42 986.595
64.479 986.64
65.539 986.645
162
64.526 984.641
63.505 984.597
62.487 984.513
61.473 984.39
60.464 984.228
59.462 984.027
58.469 983.787
57.486 983.509
56.514 983.193
55.556 982.84
54.612 982.449
53.683 982.023
52.772 981.56
51.88 981.063
51.007 980.531
50.156 979.966
49.327 979.369
48.522 978.739
47.742 978.079
46.988 977.39
46.262 976.671
45.564 975.925
44.895 975.152
44.257 974.354
43.651 973.532
43.076 972.687
42.535 971.82
42.028 970.934
41.556 970.028
41.119 969.104
40.718 968.164
40.354 967.209
40.027 966.241
39.738 965.261
39.488 964.271
39.276 963.271
39.102 962.264
38.968 961.251
38.874 960.234
38.819 959.214
38.803 958.192
38.827 957.171
38.891 956.151
38.994 955.134
39.137 954.123
39.318 953.117
39.539 952.12
39.798 951.131
40.095 950.154
40.43 949.188
40.802 948.237
41.21 947.3
41.655 946.38
42.135 945.478
42.65 944.596
43.198 943.734
43.779 942.894
44.393 942.077
45.038 941.284
45.713 940.517
46.417 939.777
47.15 939.064
47.909 938.381
48.695 937.728
49.505 937.105
50.338 936.514
51.194 935.957
52.071 935.432
52.968 934.942
53.883 934.488
54.815 934.069
55.762 933.686
56.724 933.341
57.698 933.033
58.684 932.763
59.679 932.532
60.682 932.339
61.692 932.186
62.708 932.071
63.727 931.996
64.748 931.961
65.77 931.965
66.79 932.009
67.809 932.093
68.823 932.216
69.832 932.378
70.834 932.579
71.827 932.819
72.81 933.097
73.781 933.413
74.74 933.766
75.684 934.157
76.613 934.583
77.524 935.046
78.416 935.543
79.289 936.075
80.14 936.64
80.969 937.237
81.774 937.867
82.554 938.527
83.307 939.216
84.034 939.935
84.732 940.681
85.4 941.454
86.039 942.252
86.645 943.074
87.22 943.919
87.761 944.786
88.268 945.672
88.74 946.578
89.177 947.502
89.578 948.442
89.942 949.397
90.269 950.365
90.557 951.345
90.808 952.335
91.02 953.335
91.193 954.342
91.327 955.355
91.422 956.372
91.477 957.392
91.493 958.414
91.469 959.435
91.405 960.455
91.302 961.472
91.159 962.483
90.978 963.489
90.757 964.486
90.498 965.475
90.201 966.452
89.866 967.418
89.494 968.369
89.085 969.306
88.641 970.226
88.161 971.128
87.646 972.01
87.098 972.872
86.516 973.712
85.903 974.529
85.258 975.322
84.583 976.089
83.879 976.829
83.146 977.542
82.387 978.225
81.601 978.878
80.791 979.501
79.957 980.092
79.101 980.649
78.224 981.174
77.328 981.664
76.413 982.118
75.481 982.537
74.533 982.92
73.572 983.265
72.598 983.573
71.612 983.843
70.617 984.074
69.614 984.267
68.603 984.42
67.588 984.535
66.569 984.61
65.548 984.645
