0.3
0.7
216
65.884 994.191
67.069 994.147
68.171 994.07
68.743 994.015
69.319 993.954
70.165 993.842
71.053 993.706
71.781 993.58
72.943 993.342
74.097 993.065
75.242 992.75
76.375 992.397
77.497 992.008
78.604 991.581
79.697 991.118
80.774 990.619
81.432 990.287
82.51 989.716
83.035 989.422
83.965 988.871
84.52 988.516
85.27 988.022
85.88 987.606
86.838 986.905
87.771 986.172
88.681 985.409
89.563 984.615
90.421 983.794
91.249 982.944
92.05 982.068
92.821 981.165
93.561 980.238
94.29 979.259
94.692 978.682
95.35 977.694
95.826 976.931
96.206 976.299
96.784 975.262
97.328 974.207
97.836 973.134
98.309 972.045
98.745 970.941
99.144 969.823
99.507 968.694
99.831 967.552
100.099 966.481
100.223 965.92
100.343 965.353
100.497 964.514
100.641 963.627
100.748 962.896
100.881 961.717
100.974 960.534
101.029 959.348
101.044 958.161
101.019 956.974
100.956 955.789
100.853 954.607
100.711 953.428
100.599 952.699
100.388 951.498
100.271 950.907
100.035 949.853
99.869 949.216
99.632 948.349
99.423 947.641
99.052 946.513
98.643 945.399
98.199 944.298
97.717 943.213
97.201 942.145
96.649 941.094
96.063 940.062
95.443 939.05
94.79 938.058
94.083 937.063
93.659 936.502
92.922 935.571
92.345 934.883
91.86 934.326
91.053 933.456
90.218 932.613
89.355 931.798
88.465 931.012
87.55 930.256
86.61 929.53
85.647 928.837
84.662 928.175
83.726 927.59
83.231 927.298
82.729 927.009
81.979 926.603
81.179 926.192
80.517 925.865
79.436 925.374
78.34 924.92
77.229 924.502
76.105 924.121
74.968 923.777
73.822 923.471
72.665 923.204
71.501 922.974
70.773 922.855
69.565 922.684
68.968 922.613
67.893 922.512
67.235 922.472
66.337 922.433
65.6 922.41
64.412 922.415
63.227 922.459
62.042 922.542
60.861 922.664
59.686 922.825
58.515 923.026
57.352 923.264
56.198 923.541
55.054 923.856
53.889 924.22
53.224 924.45
52.112 924.863
51.279 925.2
50.599 925.488
49.521 925.987
48.462 926.522
47.421 927.091
46.398 927.694
45.396 928.331
44.416 929
43.458 929.701
42.525 930.434
41.679 931.143
41.248 931.524
40.819 931.912
40.2 932.501
39.562 933.133
39.047 933.662
38.246 934.538
37.475 935.441
36.735 936.368
36.025 937.319
35.346 938.293
34.701 939.29
34.089 940.307
33.511 941.344
33.174 941.999
32.638 943.095
32.385 943.641
31.957 944.633
31.716 945.246
31.4 946.087
31.152 946.783
30.789 947.912
30.464 949.054
30.177 950.206
29.929 951.367
29.719 952.535
29.548 953.71
29.415 954.889
29.321 956.072
29.267 957.258
29.254 958.479
29.268 959.182
29.317 960.368
29.38 961.264
29.443 961.999
29.585 963.178
29.766 964.352
29.985 965.518
30.243 966.677
30.539 967.826
30.873 968.965
31.244 970.093
31.652 971.207
32.065 972.231
32.294 972.758
32.53 973.286
32.899 974.057
33.303 974.859
33.648 975.511
34.233 976.544
34.853 977.556
35.506 978.548
36.192 979.516
36.909 980.462
37.657 981.384
38.435 982.28
39.242 983.15
39.762 983.674
40.638 984.523
41.079 984.931
41.89 985.645
42.399 986.063
43.101 986.624
43.686 987.076
44.649 987.769
45.634 988.431
46.641 989.059
47.668 989.655
48.714 990.216
49.778 990.741
50.859 991.232
51.956 991.686
53.066 992.104
53.669 992.31
54.224 992.494
54.896 992.699
56.039 993.019
56.911 993.235
57.63 993.402
58.795 993.632
59.967 993.823
61.144 993.974
62.325 994.088
63.51 994.162
64.696 994.196
154
64.041 981.853
63.081 981.787
62.125 981.684
61.174 981.541
60.229 981.359
59.293 981.14
58.367 980.882
57.451 980.587
56.548 980.254
55.661 979.884
54.788 979.48
53.933 979.04
53.097 978.565
52.28 978.056
51.485 977.515
50.713 976.942
49.965 976.337
49.242 975.703
48.545 975.04
47.877 974.349
47.237 973.631
46.626 972.887
46.047 972.12
45.499 971.329
44.984 970.517
44.503 969.684
44.056 968.833
43.644 967.963
43.268 967.078
42.928 966.178
42.626 965.265
42.36 964.341
42.134 963.406
41.944 962.463
41.794 961.514
41.682 960.558
41.61 959.6
41.577 958.638
41.581 957.676
41.626 956.716
41.71 955.757
41.833 954.804
41.996 953.856
42.196 952.915
42.436 951.983
42.712 951.062
43.027 950.153
43.377 949.258
43.764 948.377
44.187 947.514
44.644 946.668
45.136 945.841
45.661 945.035
46.218 944.251
46.807 943.491
47.427 942.755
48.076 942.045
48.753 941.363
49.458 940.708
50.188 940.083
50.944 939.488
51.724 938.924
52.526 938.393
53.348 937.895
54.19 937.431
55.05 937
55.928 936.607
56.82 936.249
57.727 935.927
58.646 935.644
59.576 935.397
60.515 935.189
61.462 935.019
62.415 934.889
63.372 934.796
64.332 934.744
65.294 934.73
66.255 934.753
67.214 934.819
68.171 934.922
69.122 935.065
70.067 935.247
71.003 935.466
71.929 935.724
72.845 936.019
73.747 936.352
74.635 936.722
75.508 937.126
76.363 937.566
77.199 938.041
78.016 938.55
78.811 939.091
79.583 939.664
80.331 940.269
81.054 940.903
81.75 941.566
82.419 942.257
83.059 942.975
83.67 943.719
84.249 944.486
84.797 945.277
85.312 946.089
85.793 946.922
86.24 947.773
86.651 948.643
87.028 949.528
87.368 950.428
87.67 951.341
87.936 952.265
88.162 953.2
88.352 954.143
88.502 955.092
88.613 956.048
88.686 957.006
88.719 957.968
88.715 958.93
88.67 959.89
88.585 960.849
88.462 961.802
88.3 962.75
88.099 963.691
87.86 964.623
87.584 965.544
87.269 966.453
86.919 967.348
86.532 968.229
86.109 969.092
85.652 969.938
85.16 970.765
84.635 971.571
84.077 972.355
83.489 973.115
82.869 973.851
82.22 974.561
81.543 975.243
80.838 975.898
80.107 976.523
79.351 977.118
78.572 977.682
77.77 978.213
76.948 978.711
76.106 979.175
75.245 979.606
74.367 979.999
73.475 980.357
72.569 980.679
71.65 980.962
70.72 981.209
69.781 981.417
68.834 981.587
67.881 981.717
66.924 981.81
65.964 981.862
65.002 981.876
340
67.204 1023.97
68.673 1023.91
70.14 1023.81
71.605 1023.68
73.067 1023.52
74.525 1023.33
75.978 1023.1
77.426 1022.85
78.867 1022.55
80.302 1022.23
81.232 1016.51
81.408 1015.88
81.716 1015.3
82.144 1014.8
82.669 1014.41
83.267 1014.14
84.621 1013.68
85.963 1013.19
87.293 1012.66
88.61 1012.11
89.237 1011.91
89.891 1011.86
90.541 1011.95
91.156 1012.18
91.706 1012.54
96.197 1016.2
97.485 1015.49
98.757 1014.76
100.013 1013.99
101.25 1013.2
102.47 1012.37
103.671 1011.52
104.852 1010.65
106.014 1009.75
107.155 1008.82
108.275 1007.87
106.439 1002.37
106.301 1001.73
106.305 1001.07
106.452 1000.43
106.734 999.837
107.139 999.321
108.125 998.286
109.085 997.228
110.02 996.147
110.928 995.044
111.392 994.58
111.946 994.228
112.563 994.005
113.214 993.922
113.868 993.982
119.548 995.142
120.359 993.915
121.142 992.67
121.898 991.408
122.624 990.13
123.322 988.835
123.991 987.526
124.631 986.201
125.24 984.863
125.819 983.511
126.368 982.147
122.187 978.131
121.766 977.627
121.465 977.044
121.298 976.409
121.273 975.754
121.391 975.108
121.783 973.734
122.142 972.351
122.467 970.959
122.758 969.56
122.954 968.934
123.281 968.365
123.724 967.881
124.261 967.504
124.868 967.254
130.437 965.641
130.585 964.178
130.7 962.712
130.782 961.243
130.831 959.774
130.848 958.303
130.831 956.832
130.782 955.363
130.7 953.894
130.585 952.428
130.437 950.965
124.868 949.352
124.261 949.102
123.724 948.725
123.281 948.241
122.954 947.672
122.758 947.046
122.467 945.647
122.142 944.255
121.783 942.872
121.391 941.498
121.273 940.852
121.298 940.197
121.465 939.562
121.766 938.979
122.187 938.475
126.368 934.459
125.843 933.153
125.29 931.857
124.71 930.575
124.102 929.304
123.467 928.048
122.805 926.805
122.039 925.441
121.24 924.096
120.41 922.77
119.548 921.464
113.868 922.624
113.214 922.684
112.563 922.601
111.946 922.378
111.392 922.026
110.928 921.562
110.02 920.459
109.085 919.378
108.125 918.32
107.139 917.285
106.734 916.769
106.452 916.176
106.305 915.537
106.301 914.88
106.439 914.239
108.275 908.74
107.155 907.787
106.014 906.859
104.852 905.957
103.671 905.082
102.47 904.233
101.25 903.411
100.013 902.617
98.757 901.85
97.485 901.112
96.197 900.403
91.706 904.07
91.156 904.427
90.541 904.655
89.891 904.745
89.237 904.691
88.61 904.496
87.293 903.941
85.963 903.418
84.621 902.927
83.267 902.469
82.669 902.2
82.144 901.807
81.716 901.309
81.408 900.73
81.232 900.097
80.302 894.375
78.867 894.051
77.426 893.76
75.978 893.502
74.525 893.276
73.067 893.082
71.605 892.921
70.14 892.793
68.673 892.698
67.204 892.635
65.733 892.606
63.461 897.939
63.139 898.511
62.701 899
62.167 899.381
61.562 899.637
60.917 899.756
59.493 899.876
58.072 900.031
56.656 900.22
55.245 900.444
54.59 900.484
53.942 900.38
53.332 900.137
52.789 899.768
52.34 899.29
48.857 894.655
47.437 895.035
46.025 895.448
44.623 895.891
43.231 896.366
41.85 896.872
40.481 897.409
39.124 897.977
37.781 898.574
36.451 899.202
35.135 899.859
35.602 905.638
35.583 906.294
35.421 906.93
35.126 907.516
34.71 908.023
34.193 908.428
32.988 909.196
31.803 909.994
30.636 910.82
29.491 911.674
28.929 912.013
28.307 912.222
27.654 912.291
27.002 912.216
26.382 912.001
21.144 909.516
20.063 910.513
19.005 911.534
17.97 912.579
16.958 913.646
15.971 914.736
15.008 915.847
14.07 916.98
13.158 918.134
12.272 919.308
11.413 920.501
14.511 925.401
14.799 925.991
14.952 926.629
14.962 927.285
14.83 927.928
14.561 928.526
13.851 929.767
13.172 931.024
12.523 932.297
11.906 933.586
11.566 934.147
11.112 934.621
10.566 934.986
9.954 935.222
9.305 935.32
3.512 935.554
3.018 936.939
2.556 938.335
2.125 939.741
1.725 941.156
1.357 942.58
1.021 944.012
0.717 945.451
0.446 946.896
0.207 948.347
0 949.803
5.021 952.702
5.55 953.09
5.982 953.584
6.296 954.16
6.478 954.791
6.517 955.446
6.465 956.874
6.448 958.303
6.465 959.732
6.517 961.16
6.478 961.815
6.296 962.446
5.982 963.022
5.55 963.516
5.021 963.904
2.41 965.411
0 966.803
0.108 967.56
0.207 968.259
0.446 969.71
0.717 971.155
1.021 972.594
1.357 974.026
1.725 975.45
2.125 976.865
2.556 978.271
3.018 979.667
3.512 981.052
9.305 981.286
9.954 981.384
10.566 981.62
11.112 981.985
11.566 982.459
11.906 983.02
12.523 984.309
13.172 985.582
13.851 986.839
14.561 988.08
14.83 988.678
14.962 989.321
14.952 989.977
14.799 990.615
14.511 991.205
11.413 996.105
12.272 997.298
13.158 998.472
14.07 999.626
15.008 1000.76
15.971 1001.87
16.958 1002.96
17.97 1004.03
19.005 1005.07
20.063 1006.09
21.144 1007.09
26.382 1004.61
27.002 1004.39
27.654 1004.32
28.307 1004.38
28.929 1004.59
29.491 1004.93
30.636 1005.79
31.803 1006.61
32.988 1007.41
34.193 1008.18
34.71 1008.58
35.126 1009.09
35.421 1009.68
35.583 1010.31
35.602 1010.97
35.135 1016.75
36.451 1017.4
37.781 1018.03
39.124 1018.63
40.481 1019.2
41.85 1019.73
43.231 1020.24
44.623 1020.72
46.025 1021.16
47.437 1021.57
48.857 1021.95
52.34 1017.32
52.789 1016.84
53.332 1016.47
53.942 1016.23
54.59 1016.12
55.245 1016.16
56.656 1016.39
58.072 1016.58
59.493 1016.73
60.917 1016.85
61.562 1016.97
62.167 1017.23
62.701 1017.61
63.139 1018.1
63.461 1018.67
65.733 1024
20
72.001 899.248
71.562 899.02
71.215 898.667
70.993 898.225
70.92 897.736
71.001 897.248
71.228 896.809
71.581 896.462
72.023 896.241
72.512 896.167
73 896.248
73.439 896.476
73.786 896.828
74.008 897.27
74.081 897.76
74 898.248
73.773 898.687
73.42 899.034
72.978 899.255
72.489 899.329
20
42.806 902.679
42.404 902.39
42.111 901.991
41.956 901.522
41.954 901.027
42.105 900.556
42.394 900.154
42.793 899.862
43.262 899.707
43.757 899.704
44.228 899.855
44.63 900.144
44.922 900.543
45.077 901.013
45.08 901.507
44.929 901.978
44.64 902.38
44.241 902.672
43.771 902.827
43.277 902.83
20
99.522 909.657
99.055 909.495
98.66 909.197
98.377 908.791
98.234 908.318
98.243 907.823
98.405 907.356
98.704 906.961
99.11 906.678
99.583 906.535
100.078 906.544
100.545 906.707
100.939 907.005
101.222 907.411
101.366 907.884
101.356 908.379
101.194 908.846
100.896 909.24
100.49 909.523
100.016 909.667
226
64.418 1009.28
63.001 1009.24
61.586 1009.16
60.173 1009.05
58.765 1008.89
57.361 1008.69
55.963 1008.46
54.573 1008.18
53.19 1007.87
51.817 1007.51
50.454 1007.13
49.103 1006.7
47.763 1006.23
46.438 1005.73
45.126 1005.19
43.831 1004.62
42.551 1004.01
41.29 1003.36
40.047 1002.68
38.823 1001.97
37.619 1001.22
36.437 1000.44
35.277 999.621
34.14 998.775
33.027 997.897
31.938 996.989
30.876 996.051
29.84 995.084
28.831 994.088
27.85 993.064
26.898 992.014
25.976 990.938
25.084 989.836
24.222 988.71
23.393 987.561
22.596 986.389
21.831 985.195
21.101 983.98
20.404 982.746
19.741 981.493
19.114 980.222
18.523 978.934
17.967 977.63
17.448 976.311
16.966 974.978
16.521 973.632
16.114 972.275
15.744 970.906
15.413 969.528
15.12 968.141
14.866 966.746
14.651 965.345
14.474 963.939
14.337 962.528
14.239 961.114
14.181 959.697
14.162 958.281
14.182 956.865
14.242 955.448
14.341 954.034
14.479 952.624
14.657 951.217
14.873 949.816
15.129 948.422
15.423 947.035
15.755 945.657
16.126 944.289
16.534 942.932
16.98 941.586
17.464 940.254
17.984 938.935
18.541 937.632
19.133 936.344
19.761 935.074
20.425 933.822
21.123 932.588
21.855 931.374
22.62 930.181
23.418 929.009
24.249 927.861
25.111 926.735
26.004 925.634
26.927 924.559
27.88 923.509
28.862 922.487
29.871 921.492
30.908 920.525
31.972 919.588
33.061 918.681
34.175 917.804
35.313 916.959
36.473 916.145
37.656 915.364
38.861 914.617
40.085 913.903
41.329 913.223
42.591 912.579
43.871 911.969
45.167 911.396
46.479 910.858
47.805 910.358
49.144 909.894
50.496 909.468
51.859 909.079
53.233 908.729
54.616 908.417
56.006 908.143
57.404 907.909
58.808 907.713
60.217 907.556
61.63 907.439
63.045 907.36
64.462 907.322
65.878 907.322
67.295 907.362
68.71 907.442
70.122 907.56
71.531 907.718
72.935 907.915
74.333 908.151
75.723 908.426
77.106 908.739
78.479 909.091
79.842 909.48
81.193 909.908
82.532 910.373
83.858 910.874
85.169 911.413
86.465 911.988
87.745 912.598
89.006 913.244
90.249 913.925
91.473 914.639
92.676 915.388
93.859 916.17
95.019 916.985
96.156 917.831
97.269 918.709
98.357 919.617
99.42 920.555
100.456 921.522
101.465 922.518
102.446 923.542
103.398 924.592
104.32 925.668
105.212 926.77
106.073 927.896
106.903 929.045
107.7 930.217
108.464 931.411
109.195 932.626
109.892 933.86
110.554 935.113
111.181 936.384
111.773 937.672
112.329 938.976
112.848 940.295
113.33 941.628
113.775 942.974
114.182 944.331
114.552 945.7
114.883 947.078
115.176 948.465
115.43 949.86
115.645 951.261
115.821 952.667
115.959 954.078
116.056 955.492
116.115 956.909
116.134 958.325
116.114 959.741
116.054 961.158
115.955 962.572
115.817 963.982
115.639 965.389
115.423 966.79
115.167 968.184
114.873 969.571
114.541 970.949
114.17 972.317
113.762 973.674
113.315 975.02
112.832 976.352
112.312 977.671
111.755 978.974
111.163 980.262
110.534 981.532
109.871 982.784
109.173 984.018
108.441 985.232
107.676 986.425
106.878 987.597
106.047 988.745
105.185 989.871
104.292 990.972
103.369 992.047
102.416 993.097
101.434 994.119
100.424 995.114
99.388 996.081
98.324 997.018
97.235 997.925
96.121 998.802
94.983 999.647
93.822 1000.46
92.639 1001.24
91.435 1001.99
90.211 1002.7
88.967 1003.38
87.705 1004.03
86.425 1004.64
85.129 1005.21
83.817 1005.75
82.491 1006.25
81.152 1006.71
79.8 1007.14
78.436 1007.53
77.063 1007.88
75.68 1008.19
74.289 1008.46
72.891 1008.7
71.487 1008.89
70.079 1009.05
68.666 1009.17
67.251 1009.25
65.834 1009.28
20
19.025 919.364
18.581 919.147
18.225 918.803
17.993 918.366
17.908 917.879
17.977 917.389
18.194 916.945
18.538 916.589
18.975 916.357
19.462 916.272
19.952 916.341
20.396 916.558
20.752 916.902
20.984 917.339
21.069 917.826
21 918.316
20.783 918.76
20.439 919.116
20.002 919.348
19.515 919.433
20
118.625 931.442
118.191 931.204
117.853 930.843
117.642 930.395
117.58 929.905
117.673 929.419
117.912 928.985
118.272 928.647
118.72 928.436
119.211 928.375
119.697 928.467
120.13 928.706
120.468 929.066
120.679 929.514
120.741 930.005
120.648 930.491
120.41 930.924
120.049 931.263
119.601 931.473
119.111 931.535
20
5.243 945.134
4.835 944.855
4.533 944.463
4.367 943.997
4.352 943.503
4.492 943.028
4.771 942.62
5.162 942.317
5.628 942.151
6.123 942.137
6.597 942.276
7.006 942.555
7.308 942.947
7.474 943.413
7.488 943.907
7.349 944.382
7.07 944.79
6.678 945.092
6.213 945.259
5.718 945.273
20
125.833 959.852
125.369 959.679
124.982 959.371
124.709 958.958
124.577 958.482
124.599 957.987
124.772 957.524
125.08 957.137
125.492 956.864
125.969 956.732
126.463 956.754
126.927 956.927
127.314 957.235
127.587 957.647
127.719 958.124
127.697 958.618
127.524 959.082
127.216 959.469
126.803 959.742
126.327 959.874
20
5.494 974.424
5.044 974.217
4.68 973.882
4.438 973.451
4.341 972.966
4.398 972.475
4.605 972.025
4.94 971.661
5.371 971.419
5.856 971.322
6.347 971.379
6.797 971.585
7.161 971.921
7.403 972.352
7.5 972.837
7.443 973.328
7.236 973.778
6.901 974.141
6.47 974.384
5.985 974.481
20
118.589 988.125
118.162 987.876
117.832 987.507
117.632 987.055
117.582 986.563
117.687 986.079
117.936 985.652
118.304 985.322
118.757 985.122
119.249 985.072
119.732 985.177
120.16 985.426
120.49 985.794
120.689 986.247
120.739 986.739
120.635 987.223
120.386 987.65
120.017 987.98
119.565 988.18
119.073 988.23
20
18.847 1000.2
18.432 999.929
18.12 999.545
17.943 999.083
17.916 998.589
18.044 998.111
18.313 997.696
18.698 997.385
19.159 997.207
19.653 997.181
20.131 997.309
20.546 997.578
20.858 997.962
21.035 998.424
21.061 998.918
20.934 999.396
20.664 999.811
20.28 1000.12
19.818 1000.3
19.325 1000.33
20
99.447 1010.05
98.988 1009.86
98.609 1009.54
98.346 1009.12
98.225 1008.65
98.259 1008.15
98.443 1007.69
98.76 1007.31
99.179 1007.05
99.659 1006.93
100.153 1006.96
100.612 1007.15
100.991 1007.47
101.254 1007.88
101.375 1008.36
101.341 1008.86
101.157 1009.32
100.84 1009.7
100.421 1009.96
99.941 1010.08
20
43.127 1016.87
42.673 1016.68
42.301 1016.35
42.048 1015.92
41.94 1015.44
41.985 1014.95
42.18 1014.5
42.507 1014.12
42.932 1013.87
43.414 1013.76
43.907 1013.81
44.361 1014
44.733 1014.33
44.986 1014.75
45.095 1015.24
45.049 1015.73
44.854 1016.18
44.528 1016.55
44.102 1016.81
43.62 1016.92
20
71.894 1020.32
71.472 1020.06
71.152 1019.68
70.963 1019.23
70.925 1018.73
71.041 1018.25
71.3 1017.83
71.677 1017.51
72.134 1017.32
72.627 1017.28
73.108 1017.4
73.529 1017.66
73.85 1018.03
74.039 1018.49
74.077 1018.99
73.961 1019.47
73.702 1019.89
73.325 1020.21
72.868 1020.4
72.374 1020.43
