0.3
0.7
162
66.582 984.841
67.61 984.765
68.634 984.65
69.653 984.495
70.665 984.3
71.669 984.067
72.663 983.795
73.646 983.484
74.616 983.136
75.571 982.75
76.512 982.327
77.435 981.868
78.339 981.374
79.224 980.846
80.087 980.283
80.928 979.687
81.746 979.059
82.538 978.4
83.304 977.71
84.043 976.992
84.753 976.245
85.434 975.471
86.085 974.672
86.704 973.848
87.29 973
87.844 972.13
88.363 971.24
88.847 970.33
89.295 969.402
89.708 968.458
90.083 967.498
90.421 966.524
90.72 965.538
90.982 964.541
91.204 963.534
91.387 962.52
91.531 961.499
91.635 960.474
91.7 959.445
91.724 958.415
91.708 957.384
91.653 956.355
91.557 955.329
91.422 954.307
91.247 953.291
91.033 952.283
90.78 951.284
90.489 950.295
90.159 949.319
89.792 948.355
89.388 947.407
88.947 946.476
88.471 945.562
87.959 944.667
87.413 943.793
86.834 942.94
86.222 942.111
85.578 941.306
84.904 940.527
84.2 939.774
83.467 939.049
82.706 938.353
81.92 937.687
81.108 937.053
80.272 936.45
79.413 935.88
78.533 935.343
77.632 934.842
76.713 934.375
75.777 933.945
74.824 933.551
73.857 933.194
72.877 932.876
71.885 932.595
70.883 932.353
69.873 932.15
68.855 931.987
67.832 931.863
66.805 931.778
65.775 931.734
64.744 931.73
63.714 931.765
62.686 931.841
61.662 931.956
60.643 932.111
59.631 932.306
58.627 932.539
57.633 932.811
56.65 933.122
55.68 933.47
54.724 933.856
53.784 934.279
52.861 934.738
51.957 935.232
51.072 935.76
50.209 936.323
49.368 936.919
48.55 937.547
47.758 938.206
46.992 938.896
46.253 939.614
45.542 940.361
44.861 941.135
44.211 941.934
43.592 942.758
43.005 943.606
42.452 944.476
41.933 945.366
41.449 946.276
41 947.204
40.588 948.148
40.213 949.108
39.875 950.082
39.575 951.068
39.314 952.065
39.092 953.072
38.908 954.086
38.765 955.107
38.661 956.132
38.596 957.161
38.572 958.191
38.588 959.222
38.643 960.251
38.739 961.277
38.874 962.299
39.049 963.315
39.263 964.323
39.515 965.322
39.807 966.311
40.136 967.287
40.504 968.251
40.908 969.199
41.349 970.13
41.825 971.044
42.337 971.939
42.883 972.813
43.462 973.666
44.074 974.495
44.718 975.3
45.392 976.079
46.096 976.832
46.829 977.557
47.589 978.253
48.376 978.919
49.188 979.553
50.024 980.156
50.883 980.726
51.763 981.263
52.663 981.764
53.583 982.231
54.519 982.661
55.472 983.055
56.439 983.412
57.419 983.73
58.411 984.011
59.412 984.253
60.423 984.456
61.441 984.619
62.464 984.743
63.491 984.828
64.521 984.872
65.551 984.876
154
63.951 981.849
62.991 981.78
62.036 981.673
61.085 981.526
60.141 981.341
59.206 981.118
58.28 980.857
57.366 980.558
56.464 980.222
55.578 979.849
54.707 979.441
53.853 978.998
53.019 978.52
52.204 978.008
51.411 977.464
50.641 976.888
49.895 976.28
49.174 975.643
48.48 974.977
47.814 974.284
47.177 973.563
46.569 972.817
45.993 972.048
45.448 971.255
44.936 970.441
44.458 969.606
44.014 968.753
43.605 967.882
43.233 966.995
42.896 966.094
42.597 965.18
42.335 964.255
42.112 963.319
41.926 962.375
41.779 961.425
41.671 960.469
41.603 959.51
41.573 958.548
41.583 957.586
41.631 956.626
41.719 955.668
41.846 954.715
42.012 953.767
42.216 952.827
42.459 951.896
42.739 950.976
43.057 950.068
43.411 949.174
43.801 948.295
44.227 947.433
44.688 946.589
45.183 945.764
45.711 944.96
46.271 944.178
46.863 943.42
47.485 942.686
48.137 941.979
48.817 941.299
49.524 940.647
50.257 940.024
51.015 939.432
51.797 938.871
52.601 938.343
53.425 937.848
54.269 937.387
55.131 936.96
56.01 936.57
56.904 936.215
57.812 935.897
58.732 935.617
59.663 935.374
60.603 935.169
61.55 935.003
62.504 934.876
63.461 934.787
64.422 934.738
65.384 934.728
66.345 934.757
67.304 934.826
68.26 934.933
69.211 935.08
70.155 935.265
71.09 935.488
72.016 935.749
72.93 936.048
73.831 936.384
74.718 936.757
75.589 937.165
76.443 937.608
77.277 938.086
78.092 938.598
78.885 939.142
79.655 939.718
80.401 940.326
81.121 940.963
81.815 941.629
82.482 942.322
83.119 943.043
83.727 943.789
84.303 944.558
84.848 945.351
85.36 946.165
85.838 947
86.282 947.853
86.69 948.724
87.063 949.611
87.4 950.512
87.699 951.426
87.961 952.351
88.184 953.287
88.37 954.231
88.517 955.181
88.624 956.137
88.693 957.096
88.723 958.058
88.713 959.02
88.664 959.98
88.576 960.938
88.449 961.891
88.284 962.839
88.079 963.779
87.837 964.71
87.557 965.63
87.239 966.538
86.885 967.432
86.495 968.311
86.069 969.173
85.608 970.017
85.113 970.842
84.585 971.646
84.024 972.428
83.433 973.186
82.81 973.92
82.159 974.627
81.479 975.307
80.772 975.959
80.038 976.582
79.28 977.174
78.499 977.735
77.695 978.263
76.871 978.758
76.027 979.219
75.164 979.646
74.285 980.036
73.391 980.391
72.484 980.709
71.564 980.989
70.633 981.232
69.693 981.437
68.746 981.603
67.792 981.73
66.835 981.819
65.874 981.868
64.912 981.878
230
65.996 1010.89
67.436 1010.84
68.874 1010.76
70.311 1010.64
71.742 1010.48
73.169 1010.28
74.589 1010.04
76.003 1009.76
77.409 1009.44
78.805 1009.09
80.191 1008.7
81.566 1008.26
82.928 1007.8
84.277 1007.29
85.612 1006.75
86.931 1006.17
88.234 1005.55
89.52 1004.9
90.787 1004.22
92.036 1003.5
93.263 1002.75
94.471 1001.96
95.656 1001.14
96.818 1000.29
97.956 999.406
99.069 998.492
100.157 997.548
101.22 996.574
102.254 995.572
103.261 994.541
104.24 993.484
105.188 992.399
106.107 991.29
106.996 990.155
107.853 988.997
108.677 987.816
109.469 986.613
110.229 985.388
110.953 984.142
111.644 982.878
112.3 981.596
112.92 980.295
113.505 978.98
114.053 977.648
114.564 976.301
115.039 974.941
115.476 973.568
115.876 972.183
116.237 970.789
116.559 969.385
116.843 967.972
117.088 966.553
117.295 965.126
117.462 963.696
117.591 962.261
117.679 960.823
117.729 959.382
117.738 957.942
117.709 956.502
117.64 955.062
117.532 953.625
117.384 952.193
117.197 950.764
116.971 949.341
116.706 947.925
116.402 946.516
116.06 945.117
115.679 943.727
115.261 942.349
114.805 940.982
114.312 939.628
113.782 938.288
113.215 936.964
112.613 935.655
111.975 934.363
111.302 933.089
110.823 932.241
110.092 930.999
109.327 929.778
108.531 928.579
107.701 927.402
106.838 926.248
105.944 925.118
105.02 924.013
104.066 922.934
103.083 921.881
102.071 920.855
101.031 919.858
99.964 918.889
98.872 917.95
97.755 917.042
96.612 916.164
95.446 915.318
94.257 914.504
93.046 913.723
91.815 912.976
90.563 912.262
89.292 911.583
88.004 910.94
86.697 910.331
85.375 909.759
84.038 909.223
82.687 908.724
81.322 908.262
79.945 907.837
78.558 907.451
77.159 907.103
75.752 906.793
74.338 906.522
72.915 906.29
71.488 906.096
70.055 905.943
68.619 905.827
67.181 905.752
65.741 905.716
64.3 905.72
62.86 905.762
61.421 905.845
59.985 905.967
58.554 906.128
57.127 906.328
55.706 906.567
54.293 906.845
52.887 907.162
51.491 907.517
50.105 907.91
48.73 908.341
47.368 908.81
46.019 909.315
44.684 909.857
43.365 910.436
42.061 911.051
40.776 911.701
39.509 912.386
38.26 913.106
37.032 913.859
35.825 914.646
34.64 915.465
33.478 916.317
32.34 917.2
31.227 918.114
30.139 919.058
29.076 920.032
28.042 921.034
27.035 922.065
26.056 923.122
25.108 924.207
24.189 925.316
23.3 926.451
22.443 927.609
21.619 928.79
20.827 929.993
20.067 931.218
19.343 932.464
18.652 933.728
17.996 935.01
17.376 936.311
16.791 937.626
16.243 938.958
15.731 940.305
15.257 941.665
14.82 943.038
14.42 944.423
14.059 945.817
13.736 947.221
13.453 948.634
13.207 950.053
13.001 951.48
12.833 952.91
12.705 954.345
12.616 955.783
12.567 957.224
12.558 958.664
12.587 960.104
12.656 961.544
12.764 962.981
12.912 964.413
13.099 965.842
13.325 967.265
13.59 968.681
13.894 970.09
14.236 971.489
14.616 972.879
15.035 974.257
15.491 975.624
15.984 976.978
16.514 978.318
17.08 979.642
17.683 980.951
18.321 982.243
18.994 983.517
19.473 984.365
20.204 985.607
20.969 986.828
21.765 988.027
22.595 989.204
23.457 990.358
24.351 991.488
25.276 992.593
26.23 993.672
27.213 994.725
28.225 995.751
29.265 996.748
30.331 997.717
31.424 998.656
32.541 999.564
33.684 1000.44
34.85 1001.29
36.039 1002.1
37.25 1002.88
38.481 1003.63
39.732 1004.34
41.004 1005.02
42.292 1005.67
43.598 1006.27
44.92 1006.85
46.258 1007.38
47.609 1007.88
48.974 1008.34
50.35 1008.77
51.738 1009.15
53.137 1009.5
54.544 1009.81
55.958 1010.08
57.381 1010.32
58.808 1010.51
60.24 1010.66
61.677 1010.78
63.115 1010.85
64.555 1010.89
48
54.32 924.192
53.976 924.001
53.729 923.685
53.319 922.288
52.912 920.828
52.535 919.501
51.911 917.301
51.738 916.688
50.122 911.057
50.086 910.669
50.203 910.301
50.451 910.003
50.794 909.822
52.12 909.45
53.528 909.096
54.671 908.842
56.117 908.556
57.575 908.313
58.955 908.123
60.342 907.972
61.731 907.858
63.123 907.783
64.516 907.747
65.91 907.748
67.304 907.789
67.855 907.815
68.317 907.874
68.638 908.046
68.878 908.325
69.001 908.675
69 908.981
68.331 913.125
67.596 917.58
66.938 921.497
66.837 922.007
66.651 922.346
66.362 922.578
66.039 922.688
64.418 922.7
63.242 922.743
62.067 922.826
60.896 922.947
59.729 923.107
58.568 923.305
57.415 923.542
56.27 923.817
55.134 924.129
54.709 924.235
49
80.448 926.13
79.325 925.634
78.236 925.184
77.133 924.77
76.018 924.392
74.891 924.051
73.753 923.747
72.606 923.482
71.45 923.254
70.288 923.065
69.727 922.989
69.469 922.934
69.13 922.736
68.893 922.423
68.795 922.032
68.99 920.59
69.214 919.092
69.406 917.725
69.734 915.461
69.825 914.831
70.637 909.03
70.763 908.661
71.019 908.372
71.367 908.201
71.755 908.176
73.116 908.375
74.545 908.624
75.695 908.857
77.132 909.185
78.439 909.524
79.779 909.908
81.107 910.33
82.424 910.788
83.728 911.283
85.017 911.812
86.29 912.378
87.549 912.978
88.156 913.282
88.555 913.523
88.778 913.81
88.884 914.163
88.853 914.533
88.728 914.812
86.431 918.326
83.948 922.097
81.753 925.406
81.454 925.833
81.146 926.066
80.787 926.16
49
40.989 931.512
40.635 931.323
39.692 930.213
38.728 929.044
37.843 927.986
36.379 926.23
35.972 925.74
32.204 921.255
32.014 920.913
31.97 920.529
32.076 920.156
32.316 919.852
33.377 918.973
34.519 918.077
35.459 917.379
36.544 916.615
37.845 915.75
39.029 915.014
40.232 914.31
41.454 913.64
42.695 913.003
43.951 912.401
45.225 911.834
46.513 911.303
47.037 911.099
47.532 910.945
47.895 910.971
48.228 911.128
48.482 911.399
48.606 911.678
49.68 915.736
50.821 920.105
51.811 923.951
51.928 924.458
51.896 924.843
51.726 925.173
51.476 925.404
50.713 925.747
49.646 926.243
48.594 926.773
47.561 927.338
46.547 927.936
45.553 928.568
44.58 929.232
43.631 929.928
42.704 930.655
41.998 931.246
41.755 931.425
41.381 931.545
49
92.508 935.301
92.211 935.134
91.65 934.515
90.848 933.653
90.019 932.816
89.163 932.008
88.28 931.228
87.372 930.478
86.44 929.758
85.485 929.07
84.507 928.414
83.727 927.925
83.482 927.749
83.253 927.43
83.163 927.048
83.233 926.652
83.997 925.414
84.811 924.135
85.543 922.966
86.761 921.03
87.102 920.492
90.205 915.523
90.468 915.237
90.82 915.076
91.208 915.062
91.572 915.196
92.735 915.933
93.94 916.742
94.895 917.422
96.101 918.326
97.18 919.186
98.247 920.084
99.288 921.012
100.303 921.967
101.292 922.95
102.253 923.96
103.185 924.995
104.089 926.056
104.479 926.532
104.744 926.915
104.832 927.268
104.786 927.632
104.648 927.912
104.379 928.163
98.952 931.658
97.049 932.873
93.698 935.004
93.252 935.272
92.875 935.36
48
31.78 943.626
30.468 942.995
29.112 942.319
27.872 941.713
25.82 940.705
25.249 940.422
19.983 937.856
19.671 937.623
19.475 937.29
19.42 936.906
19.515 936.53
20.126 935.295
20.805 934.013
21.382 932.992
22.137 931.727
22.864 930.588
23.644 929.434
24.455 928.3
25.297 927.19
26.17 926.102
27.072 925.04
28.004 924.003
28.964 922.991
29.44 922.508
29.793 922.204
30.135 922.081
30.502 922.088
30.795 922.197
31.073 922.437
36.524 929.235
38.992 932.345
39.306 932.761
39.432 933.126
39.413 933.497
39.278 933.81
38.458 934.725
37.694 935.622
36.959 936.542
36.255 937.486
35.583 938.452
34.943 939.441
34.335 940.45
33.762 941.478
33.223 942.525
32.978 943.036
32.846 943.264
32.552 943.524
32.181 943.654
182
64.275 991.4
63.132 991.35
61.993 991.26
60.858 991.132
59.727 990.964
58.603 990.757
57.486 990.512
56.379 990.229
55.283 989.907
54.197 989.548
53.126 989.151
52.068 988.718
51.026 988.248
50.001 987.743
48.994 987.202
48.005 986.628
47.038 986.019
46.093 985.378
45.169 984.704
44.27 983.999
43.395 983.262
42.547 982.497
41.725 981.702
40.932 980.88
40.167 980.031
39.432 979.155
38.727 978.256
38.054 977.332
37.414 976.385
36.807 975.417
36.232 974.429
35.693 973.421
35.189 972.395
34.72 971.353
34.288 970.295
33.893 969.222
33.534 968.137
33.214 967.04
32.931 965.932
32.687 964.816
32.482 963.691
32.315 962.561
32.187 961.425
32.099 960.286
32.05 959.144
32.041 958.001
32.071 956.858
32.141 955.717
32.25 954.58
32.398 953.447
32.586 952.319
32.811 951.199
33.076 950.086
33.378 948.985
33.719 947.894
34.097 946.815
34.512 945.75
34.964 944.7
35.451 943.666
35.974 942.65
36.531 941.652
37.124 940.675
37.748 939.718
38.406 938.783
39.096 937.872
39.816 936.985
40.568 936.123
41.348 935.288
42.156 934.48
42.992 933.7
43.855 932.951
44.742 932.231
45.654 931.542
46.59 930.885
47.547 930.261
48.526 929.67
49.524 929.114
50.541 928.592
51.575 928.105
52.626 927.655
53.691 927.241
54.77 926.863
55.861 926.524
56.963 926.222
58.076 925.959
59.196 925.735
60.324 925.548
61.457 925.401
62.595 925.293
63.736 925.225
64.878 925.196
66.021 925.206
67.164 925.256
68.303 925.346
69.438 925.474
70.569 925.642
71.693 925.849
72.809 926.094
73.917 926.377
75.013 926.699
76.099 927.058
77.17 927.455
78.228 927.888
79.27 928.358
80.295 928.863
81.302 929.404
82.29 929.978
83.258 930.587
84.203 931.228
85.126 931.902
86.026 932.607
86.901 933.344
87.749 934.109
88.57 934.904
89.364 935.726
90.129 936.575
90.864 937.451
91.569 938.35
92.242 939.274
92.882 940.221
93.489 941.189
94.064 942.177
94.603 943.185
95.107 944.211
95.576 945.253
96.008 946.311
96.403 947.384
96.762 948.469
97.082 949.566
97.365 950.674
97.609 951.79
97.814 952.915
97.981 954.045
98.108 955.181
98.197 956.32
98.245 957.462
98.255 958.605
98.225 959.748
98.155 960.889
98.046 962.026
97.898 963.159
97.71 964.287
97.485 965.407
97.22 966.52
96.918 967.621
96.577 968.712
96.198 969.791
95.784 970.856
95.332 971.906
94.845 972.94
94.322 973.956
93.765 974.954
93.172 975.931
92.548 976.888
91.89 977.823
91.2 978.734
90.479 979.621
89.728 980.483
88.948 981.318
88.14 982.126
87.304 982.906
86.441 983.655
85.554 984.375
84.642 985.064
83.706 985.721
82.749 986.345
81.77 986.936
80.772 987.492
79.755 988.014
78.721 988.501
77.67 988.951
76.605 989.365
75.526 989.743
74.435 990.082
73.332 990.384
72.22 990.647
71.1 990.871
69.972 991.058
68.839 991.205
67.701 991.313
66.56 991.381
65.417 991.41
47
99.81 948.621
99.499 948.418
99.295 948.145
98.783 946.607
98.378 945.501
97.937 944.409
97.46 943.333
96.947 942.273
96.401 941.23
95.818 940.206
95.203 939.202
94.555 938.219
94.325 937.847
94.243 937.463
94.317 937.077
94.543 936.745
95.745 935.924
97.008 935.086
103.455 930.755
105.437 929.412
105.796 929.258
106.183 929.256
106.542 929.4
106.821 929.671
107.543 930.754
108.138 931.692
108.819 932.824
109.497 934.024
110.006 934.982
110.634 936.228
111.192 937.417
111.72 938.62
112.215 939.839
112.679 941.068
113.112 942.309
113.511 943.561
113.877 944.823
114.031 945.388
114.087 945.733
114.024 946.092
113.833 946.406
113.538 946.631
113.246 946.725
106.867 947.711
104.633 948.047
100.705 948.63
100.19 948.693
48
27.24 958.424
25.726 958.358
24.347 958.31
22.062 958.221
21.426 958.196
15.571 957.994
15.191 957.908
14.876 957.683
14.67 957.355
14.605 956.972
14.661 955.597
14.759 954.149
14.871 952.983
15.046 951.519
15.265 950.058
15.511 948.686
15.795 947.321
16.116 945.964
16.476 944.617
16.872 943.281
17.304 941.956
17.773 940.643
17.968 940.127
18.167 939.705
18.429 939.453
18.768 939.311
19.079 939.291
19.431 939.398
23.165 941.315
27.176 943.391
30.695 945.227
31.151 945.481
31.415 945.762
31.546 946.11
31.552 946.45
31.062 947.995
30.739 949.128
30.455 950.271
30.208 951.422
30 952.581
29.83 953.746
29.698 954.916
29.606 956.09
29.552 957.267
29.522 957.702
29.36 958.06
29.073 958.329
28.695 958.466
49
113.797 967.289
109.746 966.191
105.391 964.994
101.566 963.93
101.068 963.777
100.751 963.556
100.551 963.244
100.475 962.912
100.598 961.69
100.69 960.516
100.744 959.339
100.758 958.162
100.734 956.985
100.671 955.809
100.569 954.636
100.429 953.467
100.25 952.303
100.149 951.745
100.12 951.483
100.205 951.1
100.429 950.778
100.771 950.565
102.202 950.303
103.697 950.051
105.056 949.815
107.309 949.425
107.937 949.317
113.705 948.297
114.095 948.303
114.45 948.457
114.72 948.735
114.864 949.096
115.095 950.453
115.3 951.891
115.433 953.054
115.571 954.584
115.647 955.869
115.695 957.263
115.705 958.656
115.676 960.05
115.609 961.442
115.503 962.832
115.359 964.219
115.178 965.601
115.076 966.273
114.968 966.726
114.765 967.028
114.463 967.237
114.101 967.323
46
18.971 978.184
18.649 977.968
18.433 977.645
17.924 976.365
17.426 975.002
17.053 973.893
16.618 972.484
16.24 971.121
15.906 969.768
15.608 968.406
15.349 967.037
15.126 965.66
14.942 964.279
14.797 962.892
14.689 961.503
14.654 960.888
14.643 960.667
14.694 960.302
14.874 959.981
15.158 959.748
15.509 959.632
16.209 959.656
24.393 960.125
28.356 960.371
28.874 960.418
29.23 960.567
29.492 960.83
29.635 961.139
29.725 961.971
29.867 963.139
30.046 964.303
30.264 965.46
30.52 966.61
30.813 967.75
31.144 968.88
31.513 969.999
31.918 971.105
32.262 971.959
32.357 972.246
32.355 972.637
32.202 972.999
31.913 973.278
30.567 973.832
29.157 974.388
19.732 978.186
19.349 978.261
49
106.201 986.453
105.936 986.3
102.682 983.649
99.191 980.785
96.129 978.256
95.736 977.914
95.536 977.583
95.48 977.216
95.545 976.882
95.961 976.157
96.534 975.128
97.073 974.081
97.577 973.017
98.046 971.937
98.479 970.841
98.875 969.732
99.234 968.611
99.556 967.478
99.78 966.585
99.871 966.297
100.104 965.981
100.44 965.778
100.839 965.721
102.253 966.066
103.719 966.446
105.058 966.78
107.276 967.34
107.893 967.498
113.577 968.913
113.931 969.076
114.192 969.361
114.326 969.725
114.31 970.112
113.969 971.447
113.572 972.843
113.22 973.961
112.724 975.414
112.249 976.68
111.724 977.972
111.165 979.249
110.57 980.509
109.94 981.753
109.277 982.979
108.58 984.186
107.849 985.373
107.517 985.891
107.236 986.262
106.927 986.455
106.565 986.523
49
30.667 995.181
30.339 994.974
29.391 994.048
28.508 993.142
27.595 992.156
26.748 991.191
25.942 990.225
25.119 989.188
24.323 988.129
23.556 987.05
22.817 985.951
22.108 984.832
21.427 983.696
20.777 982.542
20.299 981.644
20.046 981.154
19.891 980.773
19.878 980.409
20 980.063
20.243 979.78
20.508 979.628
26.543 977.338
32.731 975.027
33.113 974.967
33.452 975.037
33.744 975.219
33.976 975.517
34.478 976.4
35.093 977.404
35.741 978.387
36.421 979.348
37.132 980.287
37.875 981.201
38.647 982.09
39.448 982.953
40.277 983.79
40.687 984.181
40.862 984.377
41.021 984.737
41.029 985.13
40.878 985.503
39.873 986.555
38.811 987.636
37.852 988.628
36.258 990.267
35.813 990.724
31.746 994.939
31.427 995.164
31.049 995.247
47
91.507 1000.93
91.244 1000.76
91.022 1000.47
87.103 992.687
85.335 989.131
85.114 988.66
85.067 988.276
85.164 987.918
85.361 987.64
86.665 986.678
87.592 985.951
88.494 985.194
89.37 984.407
90.22 983.592
91.042 982.749
91.837 981.88
92.602 980.984
93.337 980.064
93.618 979.73
93.959 979.535
94.349 979.486
94.735 979.597
95.887 980.487
97.074 981.43
98.16 982.28
99.957 983.694
100.457 984.089
105.075 987.693
105.332 987.986
105.454 988.353
105.428 988.74
105.257 989.088
104.402 990.168
103.472 991.281
102.695 992.16
101.65 993.286
100.657 994.295
99.651 995.26
98.619 996.197
97.562 997.105
96.48 997.984
95.374 998.833
94.245 999.651
93.094 1000.44
92.633 1000.74
92.225 1000.96
91.865 1001.01
48
48.264 1005.96
46.973 1005.48
45.626 1004.94
44.551 1004.48
43.213 1003.86
41.891 1003.2
40.662 1002.54
39.452 1001.85
38.262 1001.12
37.091 1000.36
35.943 999.574
34.816 998.754
33.712 997.901
33.282 997.557
33.111 997.417
32.873 997.135
32.755 996.786
32.771 996.418
32.921 996.081
33.414 995.57
39.231 989.809
42.066 987.028
42.447 986.673
42.796 986.51
43.168 986.491
43.493 986.592
44.811 987.536
45.789 988.192
46.788 988.816
47.807 989.406
48.844 989.963
49.9 990.484
50.972 990.971
52.06 991.422
53.162 991.836
53.567 992.001
53.857 992.265
54.025 992.62
54.039 993.022
53.549 994.393
53.018 995.812
52.546 997.109
52.193 998.058
50.349 1003.11
49.534 1005.36
49.335 1005.69
49.024 1005.92
48.648 1006.02
49
72.183 1008.19
71.89 1007.97
71.697 1007.65
71.635 1007.35
71.428 1003.16
71.22 998.645
71.052 994.677
71.042 994.157
71.154 993.787
71.388 993.499
71.681 993.325
72.882 993.065
74.026 992.789
75.162 992.477
76.286 992.127
77.399 991.74
78.498 991.317
79.582 990.858
80.65 990.363
81.702 989.833
82.2 989.564
82.442 989.458
82.832 989.417
83.208 989.532
83.515 989.79
84.206 991.072
84.908 992.415
85.553 993.634
86.62 995.657
86.917 996.221
89.669 1001.39
89.784 1001.76
89.747 1002.15
89.566 1002.49
89.268 1002.74
88.047 1003.38
86.744 1004.02
85.679 1004.51
84.265 1005.11
83.068 1005.58
81.758 1006.05
80.435 1006.5
79.1 1006.9
77.756 1007.26
76.401 1007.59
75.038 1007.89
73.668 1008.14
72.997 1008.25
72.532 1008.29
49
63.786 1008.84
62.225 1008.78
60.835 1008.68
59.448 1008.54
58.065 1008.36
56.688 1008.15
55.316 1007.9
53.953 1007.61
52.598 1007.28
52.002 1007.12
51.563 1006.97
51.284 1006.74
51.108 1006.41
51.061 1006.04
51.125 1005.75
52.641 1001.83
54.287 997.627
55.745 993.934
55.95 993.454
56.202 993.162
56.533 992.995
56.871 992.954
57.689 993.125
58.846 993.352
60.008 993.541
61.176 993.692
62.348 993.804
63.523 993.877
64.7 993.911
65.878 993.906
67.054 993.863
67.973 993.8
68.275 993.797
68.648 993.921
68.944 994.178
69.12 994.54
69.231 995.99
69.325 997.503
69.419 998.88
69.57 1001.16
69.612 1001.8
70.023 1007.64
69.977 1008.03
69.786 1008.36
69.482 1008.6
69.108 1008.71
67.734 1008.8
66.285 1008.85
64.992 1008.86
