0.3
0.7
955
55.718 1014.68
56.338 1013.7
57.068 1012.65
57.847 1011.63
58.675 1010.66
59.548 1009.72
60.466 1008.83
61.426 1007.98
62.425 1007.18
63.462 1006.43
64.534 1005.73
65.639 1005.09
66.773 1004.49
67.934 1003.95
69.12 1003.47
70.328 1003.05
71.555 1002.68
72.798 1002.38
74.054 1002.13
75.321 1001.95
76.595 1001.83
77.874 1001.77
79.154 1001.77
80.432 1001.83
81.706 1001.95
82.973 1002.14
84.228 1002.38
85.471 1002.69
86.697 1003.06
87.905 1003.48
89.091 1003.97
90.252 1004.5
91.385 1005.1
92.489 1005.75
93.559 1006.45
94.595 1007.2
95.593 1008
96.552 1008.85
97.469 1009.74
98.341 1010.68
99.167 1011.66
99.628 1012.25
100.168 1012.98
100.907 1012.24
102.303 1010.85
101.441 1009.74
101.164 1009.31
101.1 1008.98
101.14 1008.67
101.272 1008.38
102.267 1006.89
103.49 1004.98
104.687 1003.06
105.903 1001.11
106.357 1000.4
106.854 999.631
107.171 999.157
107.827 998.207
108.551 997.219
108.979 996.668
109.373 996.189
109.775 995.722
110.149 995.312
110.705 994.738
111.243 994.225
111.923 993.632
112.418 993.241
112.87 992.897
113.465 992.484
114.075 992.096
114.701 991.732
115.448 991.339
116.214 990.975
116.997 990.642
117.801 990.335
118.439 990.114
119.089 989.905
119.828 989.687
120.575 989.481
121.325 989.288
123.834 988.666
124.433 988.526
125.771 988.179
126.917 987.852
128.047 987.496
129.165 987.104
130.263 986.677
131.343 986.214
132.339 985.747
133.3 985.258
134.06 984.847
134.786 984.433
135.506 983.999
136.421 983.42
137.407 982.76
138.399 982.06
139.401 981.319
140.418 980.533
141.382 979.759
142.337 978.966
143.254 978.187
144.876 976.77
147.297 974.598
148.382 973.607
149.158 972.883
149.309 972.742
148.612 971.866
148.134 971.276
147.492 970.51
147.269 970.245
146.724 970.755
145.596 971.778
144.529 972.726
143.944 973.239
143.53 973.612
141.555 975.314
140.003 976.621
139.441 977.086
138.222 978.066
137.4 978.707
136.559 979.346
135.722 979.959
134.877 980.554
134.026 981.129
133.168 981.683
132.476 982.11
131.78 982.523
131.078 982.921
130.277 983.353
129.465 983.768
128.642 984.165
127.801 984.545
126.973 984.899
126.47 985.09
125.919 985.313
125.04 985.614
124.546 985.798
122.573 986.407
121.186 986.812
119.841 987.199
119.006 987.447
118.298 987.664
117.674 987.866
117.039 988.082
116.388 988.319
115.798 988.55
114.998 988.89
114.393 989.174
113.493 989.63
112.758 990.049
112.067 990.483
111.364 990.969
110.757 991.433
110.354 991.756
109.573 992.451
109.107 992.903
108.658 993.368
108.032 994.068
107.443 994.782
106.837 995.571
106.184 996.483
105.546 997.429
105.18 997.994
104.198 999.558
101.763 1003.53
101.203 1004.42
100.033 1006.23
99.758 1006.56
99.439 1006.74
99.086 1006.79
98.721 1006.71
98.43 1006.53
97.493 1005.72
96.392 1004.83
95.25 1004
94.892 1003.68
94.745 1003.4
94.694 1003.08
94.742 1002.77
95.273 1001.06
95.91 998.883
97.135 994.49
97.37 993.678
97.629 992.803
97.802 992.258
98.164 991.162
98.58 990.01
98.835 989.361
99.078 988.791
99.333 988.23
99.576 987.73
99.947 987.024
100.319 986.379
100.804 985.618
101.169 985.104
101.506 984.646
101.96 984.084
102.437 983.539
102.935 983.013
103.541 982.425
104.173 981.861
104.83 981.321
105.516 980.799
106.065 980.407
106.63 980.024
107.278 979.606
107.937 979.2
108.602 978.803
110.834 977.499
111.37 977.197
112.555 976.485
113.562 975.849
114.547 975.189
115.509 974.498
116.442 973.779
117.348 973.03
118.172 972.301
118.957 971.561
119.57 970.953
120.149 970.35
120.718 969.732
121.432 968.918
122.193 968.007
122.948 967.057
123.7 966.063
124.454 965.022
125.161 964.008
125.855 962.978
126.514 961.972
127.091 961.072
127.672 960.156
129.383 957.39
130.145 956.133
130.686 955.22
130.791 955.042
129.875 954.398
129.25 953.967
128.418 953.413
128.13 953.221
127.751 953.865
126.957 955.163
125.491 957.505
124.076 959.695
122.955 961.387
122.546 961.99
121.654 963.273
121.046 964.119
120.418 964.971
119.787 965.795
119.144 966.603
118.489 967.395
117.822 968.168
117.279 968.773
116.727 969.365
116.165 969.946
115.519 970.586
114.858 971.212
114.179 971.826
113.479 972.426
112.785 972.999
112.356 973.324
111.89 973.693
111.13 974.231
110.709 974.546
108.989 975.687
106.589 977.216
105.857 977.689
105.238 978.098
104.696 978.466
104.15 978.852
103.592 979.263
103.088 979.652
102.416 980.202
101.919 980.645
101.183 981.337
100.596 981.945
100.056 982.557
99.518 983.221
99.066 983.837
98.77 984.26
98.217 985.148
97.898 985.712
97.597 986.286
97.194 987.133
96.83 987.985
96.471 988.912
96.101 989.971
95.756 991.058
95.565 991.704
95.062 993.481
94.24 996.534
93.845 997.981
93.558 998.991
92.946 1001.06
92.775 1001.45
92.518 1001.71
92.195 1001.86
91.822 1001.89
91.491 1001.79
90.324 1001.26
89.017 1000.73
87.688 1000.25
87.294 1000.06
87.073 999.829
86.937 999.541
86.896 999.231
86.921 997.433
86.921 995.168
86.892 992.91
86.867 991.448
86.858 990.609
86.855 989.763
86.857 988.85
86.868 988.279
86.906 987.125
86.981 985.902
87.044 985.208
87.116 984.592
87.202 983.982
87.294 983.434
87.452 982.652
87.628 981.929
87.878 981.062
88.083 980.466
88.278 979.932
88.555 979.264
88.859 978.607
89.189 977.963
89.605 977.227
90.052 976.508
90.531 975.805
91.042 975.111
91.458 974.58
91.893 974.053
92.396 973.469
92.914 972.894
93.44 972.326
95.215 970.446
95.643 970.004
96.58 968.988
97.367 968.094
98.126 967.184
98.854 966.25
99.548 965.297
100.206 964.323
100.791 963.392
101.335 962.46
101.751 961.704
102.137 960.962
102.51 960.209
102.965 959.227
103.439 958.138
103.895 957.014
104.337 955.849
104.768 954.637
105.159 953.465
105.536 952.282
105.885 951.13
106.186 950.104
106.484 949.062
107.348 945.925
107.724 944.505
107.986 943.476
108.036 943.277
106.976 942.916
106.255 942.679
105.301 942.382
104.97 942.278
104.786 943.003
104.568 943.827
104.207 945.138
103.792 946.594
103.645 947.132
102.903 949.633
102.306 951.571
102.083 952.266
101.839 953.005
101.588 953.748
101.243 954.732
100.88 955.725
100.508 956.693
100.119 957.651
99.713 958.595
99.29 959.525
98.94 960.258
98.578 960.982
98.202 961.697
97.762 962.493
97.304 963.28
96.825 964.06
96.323 964.833
95.818 965.579
95.499 966.011
95.155 966.497
94.578 967.226
94.263 967.648
92.932 969.227
91.983 970.318
91.06 971.371
90.492 972.031
90.014 972.596
89.598 973.102
89.182 973.627
88.763 974.179
88.389 974.693
87.9 975.411
87.547 975.976
87.036 976.848
86.644 977.597
86.298 978.336
85.969 979.124
85.709 979.843
85.545 980.332
85.264 981.34
85.116 981.972
84.99 982.606
84.841 983.533
84.732 984.452
84.648 985.444
84.592 986.564
84.567 987.705
84.564 988.378
84.582 990.225
84.684 994.884
84.692 995.935
84.688 998.091
84.634 998.514
84.461 998.836
84.195 999.075
83.845 999.205
83.5 999.206
82.186 999.018
80.782 998.875
79.373 998.798
78.984 998.724
78.708 998.565
78.495 998.328
78.369 998.042
77.887 996.309
77.248 994.137
76.583 991.978
76.148 990.583
75.903 989.78
75.662 988.97
75.407 988.093
75.258 987.542
74.969 986.423
74.697 985.229
74.561 984.546
74.455 983.934
74.367 983.324
74.301 982.773
74.231 981.979
74.196 981.235
74.193 980.332
74.221 979.702
74.258 979.135
74.336 978.416
74.442 977.7
74.577 976.989
74.769 976.167
74.996 975.351
75.256 974.54
75.551 973.731
75.801 973.104
76.069 972.476
76.388 971.775
76.722 971.076
77.068 970.382
78.24 968.08
78.527 967.535
79.141 966.296
79.644 965.217
80.115 964.128
80.551 963.027
80.948 961.918
81.304 960.798
81.603 959.74
81.863 958.693
82.049 957.849
82.211 957.029
82.356 956.202
82.517 955.131
82.665 953.953
82.786 952.745
82.881 951.503
82.953 950.219
82.998 948.984
83.026 947.742
83.036 946.539
83.036 945.471
83.029 944.386
82.974 941.135
82.934 939.665
82.896 938.604
82.889 938.398
81.769 938.351
81.01 938.327
80.012 938.31
79.665 938.304
79.693 939.051
79.716 939.903
79.739 941.263
79.751 942.777
79.761 943.335
79.749 946.464
79.726 947.972
79.709 948.701
79.683 949.478
79.651 950.262
79.598 951.303
79.53 952.359
79.445 953.393
79.342 954.42
79.218 955.44
79.074 956.453
78.945 957.254
78.802 958.051
78.643 958.843
78.444 959.731
78.226 960.615
77.987 961.498
77.723 962.382
77.449 963.24
77.264 963.744
77.071 964.307
76.723 965.169
76.539 965.663
75.707 967.553
74.516 970.137
74.157 970.929
73.857 971.607
73.601 972.21
73.349 972.83
73.102 973.478
72.888 974.077
72.622 974.904
72.441 975.546
72.198 976.526
72.032 977.355
71.908 978.162
71.815 979.011
71.767 979.774
71.748 980.289
71.762 981.335
71.799 981.984
71.855 982.627
71.974 983.559
72.128 984.472
72.327 985.446
72.59 986.537
72.887 987.638
73.074 988.285
73.612 990.052
75.022 994.495
75.325 995.5
75.929 997.569
75.996 997.991
75.921 998.349
75.733 998.653
75.434 998.876
75.08 998.98
74.466 999.064
73.747 999.17
72.36 999.432
70.992 999.753
70.635 999.785
70.324 999.71
70.054 999.542
69.852 999.304
68.902 997.777
67.676 995.873
66.43 993.988
65.158 992.071
64.698 991.361
64.207 990.591
63.909 990.105
63.317 989.113
62.719 988.045
62.396 987.427
62.123 986.87
61.866 986.31
61.647 985.799
61.357 985.056
61.113 984.352
60.856 983.488
60.707 982.875
60.581 982.321
60.453 981.609
60.353 980.892
60.283 980.172
60.234 979.328
60.222 978.482
60.244 977.631
60.299 976.771
60.363 976.1
60.443 975.421
60.551 974.658
60.675 973.894
60.81 973.131
61.288 970.591
61.409 969.988
61.648 968.626
61.827 967.449
61.973 966.272
62.081 965.092
62.149 963.917
62.176 962.741
62.164 961.641
62.118 960.563
62.059 959.702
61.984 958.869
61.89 958.034
61.742 956.962
61.552 955.79
61.328 954.597
61.07 953.378
60.777 952.126
60.473 950.928
60.149 949.729
59.821 948.572
59.519 947.548
59.207 946.508
58.237 943.404
57.786 942.004
57.45 940.998
57.385 940.802
56.298 941.073
55.562 941.262
54.6 941.528
54.266 941.62
54.503 942.328
54.966 943.778
55.776 946.42
56.504 948.924
57.047 950.879
57.237 951.583
57.432 952.335
57.622 953.097
57.864 954.111
58.096 955.144
58.305 956.159
58.495 957.175
58.665 958.188
58.813 959.2
58.914 960.006
59 960.811
59.071 961.615
59.131 962.523
59.171 963.433
59.19 964.347
59.186 965.27
59.164 966.17
59.129 966.705
59.103 967.301
59.012 968.226
58.974 968.751
58.709 970.799
58.293 973.614
58.172 974.475
58.076 975.211
58 975.861
57.933 976.527
57.879 977.22
57.843 977.853
57.819 978.721
57.827 979.388
57.868 980.398
57.944 981.24
58.052 982.049
58.201 982.889
58.372 983.634
58.498 984.135
58.806 985.135
59.024 985.746
59.26 986.348
59.637 987.209
60.041 988.041
60.507 988.92
61.066 989.893
61.661 990.866
62.023 991.433
63.037 992.976
65.641 996.843
66.216 997.721
67.378 999.538
67.561 999.923
67.59 1000.29
67.495 1000.63
67.271 1000.93
66.979 1001.12
66.479 1001.35
65.696 1001.71
64.44 1002.35
63.695 1002.78
63.232 1003.03
62.921 1003.15
62.604 1003.17
62.296 1003.09
62.035 1002.91
60.693 1001.72
58.981 1000.23
55.494 997.296
54.853 996.745
54.165 996.144
53.742 995.762
52.894 994.977
52.019 994.12
51.536 993.618
51.117 993.161
50.712 992.696
50.358 992.268
49.87 991.636
49.438 991.03
48.948 990.273
48.632 989.727
48.355 989.231
48.032 988.584
47.735 987.924
47.464 987.253
47.18 986.456
46.93 985.648
46.711 984.825
46.522 983.985
46.393 983.323
46.279 982.649
46.168 981.887
46.071 981.118
45.987 980.348
45.838 978.863
45.646 976.88
45.522 975.789
45.362 974.61
45.17 973.439
44.941 972.278
44.675 971.13
44.37 969.994
44.049 968.942
43.702 967.921
43.402 967.111
43.094 966.333
42.771 965.559
42.327 964.571
41.814 963.501
41.263 962.419
40.672 961.322
40.038 960.204
39.409 959.14
38.76 958.081
38.12 957.063
36.948 955.256
35.142 952.55
34.317 951.334
33.71 950.463
33.592 950.294
32.625 950.86
31.973 951.249
31.124 951.775
30.829 951.958
31.257 952.57
32.11 953.833
33.32 955.676
33.631 956.138
35.035 958.336
36.107 960.058
36.487 960.68
37.284 962.026
37.801 962.928
38.314 963.854
38.802 964.77
39.27 965.691
39.718 966.616
40.145 967.544
40.469 968.289
40.779 969.037
41.073 969.789
41.387 970.644
41.681 971.505
41.957 972.377
42.213 973.263
42.446 974.133
42.564 974.658
42.706 975.235
42.879 976.148
42.991 976.664
43.313 978.702
43.708 981.52
43.835 982.381
43.949 983.114
44.059 983.759
44.183 984.418
44.326 985.097
44.469 985.715
44.691 986.555
44.887 987.194
45.211 988.15
45.521 988.936
45.852 989.682
46.233 990.447
46.605 991.114
46.868 991.557
47.446 992.43
47.827 992.956
48.223 993.467
48.827 994.186
49.449 994.871
50.144 995.583
50.954 996.36
51.799 997.125
52.307 997.567
53.714 998.762
57.303 1001.74
58.101 1002.42
59.728 1003.84
60.011 1004.15
60.143 1004.5
60.148 1004.85
60.018 1005.2
59.747 1005.5
59.277 1005.91
58.692 1006.42
57.67 1007.39
57.081 1008.01
56.716 1008.37
56.471 1008.56
56.171 1008.67
55.851 1008.67
55.552 1008.58
53.927 1007.81
51.867 1006.87
47.694 1005.03
46.923 1004.68
46.094 1004.3
45.58 1004.05
44.545 1003.54
43.465 1002.97
42.859 1002.62
42.328 1002.3
41.809 1001.97
41.35 1001.65
40.703 1001.19
40.118 1000.73
39.434 1000.14
38.977 999.704
38.572 999.305
38.08 998.775
37.608 998.226
37.159 997.658
36.662 996.975
36.195 996.269
35.753 995.541
35.334 994.788
35.024 994.189
34.725 993.575
34.404 992.874
34.094 992.164
33.798 991.449
33.235 990.066
32.495 988.218
32.066 987.206
31.58 986.119
31.066 985.051
30.519 984.001
29.941 982.975
29.328 981.97
28.724 981.052
28.103 980.169
27.589 979.476
27.075 978.817
26.544 978.166
25.84 977.343
25.046 976.46
24.213 975.578
23.336 974.692
22.413 973.797
21.51 972.953
20.59 972.12
19.688 971.324
18.879 970.625
18.055 969.92
15.56 967.832
14.425 966.9
13.597 966.234
13.437 966.105
12.668 966.92
12.153 967.477
11.486 968.221
11.255 968.479
12.497 969.488
13.54 970.362
14.692 971.344
15.12 971.701
17.477 973.761
18.601 974.764
19.141 975.254
19.712 975.784
20.283 976.321
21.035 977.043
21.788 977.786
22.513 978.527
23.222 979.278
23.913 980.04
24.584 980.81
25.105 981.433
25.613 982.064
26.107 982.702
26.649 983.434
27.174 984.177
27.684 984.937
28.18 985.714
28.648 986.484
28.909 986.954
29.208 987.468
29.632 988.295
29.884 988.758
30.768 990.624
32.304 994.008
32.621 994.679
32.909 995.267
33.212 995.863
33.54 996.474
33.853 997.026
34.303 997.769
34.67 998.327
35.25 999.154
35.769 999.821
36.298 1000.44
36.878 1001.07
37.424 1001.61
37.801 1001.96
38.6 1002.63
39.114 1003.03
39.638 1003.41
40.42 1003.93
41.21 1004.41
42.077 1004.9
43.073 1005.41
44.101 1005.91
44.712 1006.19
46.399 1006.94
49.305 1008.19
50.513 1008.71
51.639 1009.21
53.612 1010.12
53.961 1010.33
54.183 1010.63
54.288 1010.97
54.258 1011.35
54.1 1011.69
53.51 1012.62
53.053 1013.36
52.883 1013.63
53.871 1014.25
55.082 1015
55.408 1015.21
