0.3
0.7
142
76.598 997.409
76.869 997.352
76.691 996.565
76.562 995.94
75.408 990.912
75.243 990.169
74.962 988.826
74.811 988.03
74.68 987.253
74.565 986.469
74.467 985.657
74.403 984.965
74.364 984.278
74.345 983.336
74.359 982.799
74.396 982.062
74.442 981.543
74.556 980.698
74.71 979.865
74.949 978.875
74.849 978.866
75.057 978.341
75.247 977.846
75.555 977.095
75.864 976.395
76.207 975.669
76.471 975.143
76.718 974.674
77.007 974.15
77.274 973.685
77.589 973.162
77.961 972.564
78.321 972.003
78.662 971.495
79.193 970.714
79.842 969.791
80.793 968.455
82.006 966.721
82.436 966.083
83.327 964.687
83.979 963.573
84.579 962.447
84.919 961.736
85.198 961.137
85.518 960.386
85.703 959.901
86.034 958.959
86.197 958.436
86.275 958.215
86.355 958.247
86.523 957.757
86.736 957.091
86.918 956.483
87.075 955.918
87.277 955.131
87.429 954.468
87.634 953.497
87.831 952.373
87.931 951.721
88.063 950.709
88.223 949.001
88.291 947.828
88.319 946.77
88.321 945.727
88.313 945.057
88.257 943.774
88.201 942.992
88.138 942.283
88.063 941.579
87.975 940.881
87.851 940.053
87.625 938.726
87.109 938.825
86.82 938.881
87.041 940.18
87.199 941.333
87.303 942.159
87.406 943.434
87.503 945.5
87.508 946.344
87.494 947.19
87.462 948.034
87.425 948.681
87.29 950.258
87.211 950.887
87.075 951.924
86.896 952.976
86.727 953.843
86.524 954.757
86.385 955.316
86.165 956.135
86.018 956.635
85.818 957.275
85.607 957.906
85.581 957.978
85.769 958.049
85.262 959.243
84.962 959.926
84.645 960.62
84.254 961.435
83.879 962.17
83.486 962.906
83.045 963.694
82.611 964.429
82.157 965.163
81.666 965.933
81.018 966.904
80.554 967.581
79.014 969.798
78.338 970.789
77.817 971.577
77.391 972.259
77.075 972.779
76.613 973.58
76.337 974.094
76.037 974.685
75.694 975.423
75.387 976.165
75.116 976.912
74.863 977.754
74.675 978.598
74.622 978.798
74.159 978.665
73.996 979.296
73.811 980.19
73.676 981.056
73.617 981.573
73.569 982.114
73.538 982.697
73.524 983.237
73.527 983.78
73.55 984.455
73.615 985.379
73.705 986.222
73.792 986.848
73.899 987.554
74 988.149
74.185 989.122
74.416 990.229
74.612 991.112
75.785 996.225
76.066 997.522
140
67.976 999.196
68.218 999.064
67.526 997.795
65.002 993.297
64.634 992.63
63.987 991.421
63.617 990.699
63.272 989.991
62.942 989.271
62.618 988.52
62.363 987.874
62.131 987.226
61.848 986.327
61.71 985.808
61.538 985.091
61.438 984.579
61.307 983.736
61.22 982.893
61.17 981.876
61.072 981.895
61.169 980.804
61.251 979.998
61.35 979.238
61.474 978.446
61.579 977.867
61.684 977.346
61.814 976.763
61.939 976.241
62.094 975.65
62.282 974.972
62.471 974.334
62.653 973.749
62.943 972.85
63.306 971.782
63.843 970.231
64.518 968.226
64.751 967.493
65.212 965.902
65.523 964.65
65.783 963.401
65.908 962.622
66.007 961.969
66.103 961.159
66.144 960.642
66.196 959.643
66.207 959.097
66.217 958.862
66.303 958.871
66.327 958.353
66.343 957.654
66.347 957.02
66.338 956.434
66.31 955.621
66.27 954.942
66.192 953.953
66.067 952.819
65.976 952.165
65.819 951.157
65.492 949.472
65.223 948.328
64.954 947.306
64.662 946.304
64.466 945.663
64.051 944.447
63.777 943.713
63.517 943.051
63.245 942.397
62.965 941.751
62.613 940.992
62.022 939.782
61.555 940.023
61.293 940.158
61.871 941.342
62.348 942.403
62.68 943.167
63.139 944.361
63.813 946.316
64.055 947.125
64.281 947.94
64.488 948.759
64.633 949.391
64.948 950.942
65.051 951.568
65.211 952.601
65.335 953.661
65.419 954.54
65.481 955.475
65.506 956.049
65.526 956.898
65.526 957.419
65.515 958.09
65.489 958.754
65.485 958.831
65.686 958.847
65.535 960.134
65.439 960.874
65.331 961.629
65.186 962.522
65.034 963.332
64.864 964.149
64.662 965.029
64.452 965.857
64.225 966.689
63.97 967.566
63.621 968.68
63.367 969.461
62.513 972.022
62.145 973.163
61.867 974.066
61.651 974.841
61.493 975.429
61.275 976.326
61.156 976.898
61.034 977.55
60.913 978.354
60.828 979.153
60.778 979.946
60.772 980.825
60.83 981.688
60.861 981.886
60.353 981.898
60.375 982.549
60.449 983.459
60.563 984.328
60.65 984.84
60.759 985.373
60.893 985.941
61.033 986.463
61.188 986.983
61.402 987.623
61.724 988.493
62.047 989.276
62.306 989.852
62.609 990.499
62.873 991.042
63.325 991.924
63.858 992.921
64.295 993.713
66.861 998.288
67.496 999.453
141
85.755 996.704
86.062 991.556
86.114 990.796
86.225 989.43
86.305 988.622
86.395 987.839
86.506 987.055
86.642 986.248
86.775 985.567
86.931 984.896
87.179 983.987
87.343 983.476
87.586 982.78
87.777 982.295
88.124 981.515
88.506 980.76
89.015 979.876
88.922 979.84
89.591 978.974
90.098 978.34
90.592 977.756
91.125 977.155
91.526 976.725
91.896 976.345
92.32 975.924
92.709 975.553
93.158 975.139
93.682 974.671
94.186 974.234
94.656 973.843
95.387 973.243
96.269 972.541
97.558 971.526
99.211 970.204
99.803 969.713
101.051 968.624
101.99 967.739
102.883 966.83
103.41 966.241
103.845 965.745
104.364 965.117
104.679 964.701
105.262 963.89
105.565 963.435
105.702 963.244
105.771 963.298
106.07 962.875
106.462 962.296
106.807 961.764
107.116 961.266
107.533 960.568
107.866 959.975
108.336 959.1
108.842 958.079
109.121 957.48
109.532 956.547
110.168 954.953
110.563 953.847
110.888 952.84
111.184 951.839
111.365 951.194
111.673 949.947
111.841 949.181
111.979 948.482
112.104 947.786
112.217 947.092
112.331 946.263
112.489 944.926
111.966 944.875
111.673 944.847
111.518 946.156
111.347 947.306
111.213 948.128
110.954 949.382
110.597 950.862
110.463 951.39
110.23 952.201
109.978 953.009
109.71 953.811
109.492 954.421
108.918 955.895
108.665 956.477
108.242 957.433
107.774 958.393
107.368 959.177
106.915 959.998
106.625 960.494
106.183 961.218
105.901 961.656
105.529 962.215
105.148 962.76
105.103 962.821
105.264 962.943
104.44 963.945
103.96 964.517
103.461 965.093
102.856 965.765
102.29 966.366
101.705 966.961
101.061 967.591
100.435 968.175
99.794 968.752
99.106 969.351
98.21 970.101
97.575 970.62
95.471 972.313
94.545 973.073
93.823 973.681
93.222 974.217
92.772 974.627
92.104 975.263
91.694 975.681
91.239 976.162
90.702 976.775
90.199 977.4
89.729 978.039
89.248 978.776
88.83 979.533
88.748 979.718
88.315 979.453
87.982 980.013
87.551 980.818
87.179 981.61
86.976 982.089
86.778 982.596
86.584 983.146
86.419 983.661
86.268 984.182
86.103 984.837
85.903 985.741
85.751 986.576
85.658 987.201
85.566 987.896
85.491 988.509
85.395 989.494
85.305 990.622
85.243 991.524
84.929 996.759
84.833 998.083
85.376 998.124
85.651 998.146
141
60.204 1003.34
60.4 1003.14
59.378 1002.12
55.69 998.517
55.149 997.98
54.188 997.002
53.63 996.414
53.099 995.832
52.578 995.234
52.057 994.604
51.629 994.057
51.225 993.5
50.7 992.718
50.421 992.258
50.054 991.618
49.813 991.156
49.451 990.384
49.129 989.6
48.796 988.638
48.708 988.684
48.492 987.611
48.345 986.813
48.227 986.056
48.122 985.26
48.06 984.675
48.015 984.146
47.974 983.551
47.948 983.014
47.93 982.404
47.919 981.7
47.918 981.035
47.929 980.422
47.956 979.478
48.001 978.35
48.079 976.712
48.162 974.598
48.179 973.829
48.174 972.173
48.12 970.883
48.017 969.612
47.919 968.829
47.828 968.175
47.692 967.37
47.585 966.862
47.353 965.89
47.21 965.363
47.154 965.134
47.239 965.118
47.116 964.615
46.935 963.939
46.759 963.33
46.586 962.77
46.33 961.998
46.1 961.358
45.747 960.431
45.307 959.378
45.037 958.776
44.602 957.853
43.813 956.329
43.234 955.307
42.687 954.402
42.124 953.523
41.755 952.963
41.015 951.914
40.545 951.286
40.108 950.724
39.664 950.173
39.213 949.633
38.661 949.004
37.754 948.009
37.373 948.372
37.16 948.574
38.048 949.548
38.805 950.432
39.339 951.071
40.116 952.087
41.001 953.327
41.313 953.774
41.773 954.481
42.219 955.2
42.649 955.928
42.966 956.493
43.705 957.892
43.98 958.464
44.425 959.409
44.843 960.392
45.171 961.212
45.494 962.092
45.68 962.636
45.937 963.444
46.084 963.944
46.263 964.591
46.426 965.236
46.442 965.311
46.639 965.268
46.857 966.547
46.975 967.284
47.082 968.039
47.196 968.936
47.279 969.756
47.346 970.587
47.4 971.49
47.432 972.342
47.448 973.205
47.45 974.119
47.43 975.286
47.407 976.106
47.307 978.805
47.276 980.003
47.263 980.947
47.273 981.752
47.289 982.36
47.332 983.283
47.378 983.865
47.446 984.525
47.557 985.331
47.7 986.121
47.875 986.896
48.117 987.741
48.416 988.553
48.502 988.735
48.018 988.888
48.222 989.507
48.549 990.36
48.904 991.161
49.133 991.628
49.386 992.109
49.675 992.616
49.956 993.077
50.251 993.533
50.637 994.087
51.191 994.83
51.721 995.492
52.133 995.971
52.606 996.506
53.012 996.953
53.694 997.671
54.487 998.478
55.129 999.115
58.879 1002.78
59.817 1003.72
142
94.128 1000.62
94.36 1000.03
96.106 995.176
96.369 994.461
96.86 993.181
97.164 992.428
97.472 991.703
97.8 990.982
98.156 990.246
98.477 989.63
98.814 989.03
99.308 988.227
99.61 987.783
100.04 987.183
100.36 986.773
100.911 986.122
101.492 985.505
102.228 984.801
102.15 984.74
103.036 984.098
103.701 983.632
104.34 983.211
105.021 982.784
105.527 982.485
105.988 982.224
106.514 981.939
106.991 981.693
107.539 981.423
108.174 981.121
108.78 980.844
109.342 980.601
110.211 980.231
111.256 979.806
112.779 979.195
114.737 978.393
115.443 978.088
116.947 977.395
118.097 976.81
119.211 976.189
119.882 975.774
120.44 975.42
121.115 974.962
121.533 974.653
122.321 974.039
122.741 973.689
122.926 973.544
122.976 973.615
123.382 973.293
123.921 972.848
124.403 972.435
124.841 972.045
125.436 971.492
125.923 971.017
126.62 970.31
127.394 969.472
127.83 968.976
128.488 968.197
129.547 966.847
130.237 965.896
130.833 965.021
131.399 964.145
131.755 963.577
132.401 962.467
132.778 961.78
133.107 961.148
133.424 960.515
133.727 959.881
134.071 959.118
134.599 957.879
134.11 957.684
133.838 957.574
133.321 958.786
132.832 959.842
132.472 960.593
131.87 961.722
131.11 963.042
130.833 963.511
130.381 964.224
129.912 964.928
129.429 965.621
129.047 966.145
128.081 967.398
127.675 967.885
127 968.684
126.28 969.472
125.67 970.11
125.004 970.77
124.586 971.164
123.958 971.735
123.565 972.076
123.05 972.507
122.53 972.923
122.47 972.969
122.59 973.131
121.517 973.861
120.896 974.274
120.254 974.685
119.485 975.161
118.772 975.577
118.043 975.983
117.248 976.406
116.483 976.791
115.705 977.164
114.877 977.545
113.807 978.012
113.051 978.331
110.555 979.362
109.451 979.831
108.587 980.211
107.86 980.555
107.313 980.822
106.492 981.245
105.981 981.529
105.409 981.864
104.721 982.3
104.063 982.759
103.431 983.239
102.762 983.811
102.148 984.419
102.017 984.573
101.677 984.197
101.199 984.64
100.56 985.292
99.978 985.947
99.649 986.349
99.316 986.78
98.975 987.254
98.672 987.7
98.38 988.159
98.037 988.739
97.591 989.552
97.21 990.309
96.945 990.883
96.659 991.524
96.416 992.091
96.046 993.009
95.642 994.065
95.329 994.914
93.551 999.849
93.087 1001.09
93.596 1001.28
93.854 1001.38
142
53.915 1009.5
54.049 1009.26
52.78 1008.57
48.226 1006.15
47.555 1005.79
46.358 1005.12
45.657 1004.71
44.983 1004.3
44.315 1003.88
43.637 1003.42
43.073 1003.01
42.528 1002.59
41.804 1001.99
41.407 1001.63
40.875 1001.12
40.513 1000.74
39.948 1000.1
39.419 999.441
38.827 998.612
38.756 998.681
38.496 998.18
38.247 997.712
37.88 996.988
37.554 996.296
37.229 995.561
37.005 995.017
36.812 994.523
36.606 993.963
36.429 993.455
36.24 992.875
36.032 992.203
35.843 991.563
35.682 990.973
35.441 990.06
35.168 988.965
34.781 987.371
34.265 985.319
34.063 984.577
33.591 982.989
33.177 981.767
32.721 980.577
32.405 979.853
32.134 979.251
31.777 978.517
31.531 978.059
31.035 977.192
30.748 976.727
30.632 976.523
30.708 976.483
30.448 976.036
30.083 975.439
29.744 974.903
29.419 974.415
28.956 973.746
28.555 973.197
27.955 972.406
27.236 971.521
26.807 971.019
26.13 970.257
24.944 969.016
24.1 968.198
23.32 967.484
22.533 966.799
22.022 966.366
21.015 965.568
20.388 965.097
19.81 964.681
19.229 964.278
18.644 963.887
17.937 963.438
16.786 962.74
16.523 963.195
16.376 963.45
17.502 964.134
18.477 964.768
19.17 965.231
20.202 965.987
21.4 966.927
21.825 967.268
22.466 967.817
23.097 968.381
23.714 968.958
24.178 969.411
25.281 970.545
25.706 971.017
26.399 971.799
27.078 972.623
27.623 973.318
28.181 974.071
28.511 974.541
28.987 975.245
29.269 975.682
29.622 976.253
29.96 976.825
29.997 976.892
30.174 976.797
30.743 977.963
31.064 978.636
31.38 979.329
31.742 980.159
32.052 980.924
32.35 981.703
32.656 982.551
32.928 983.363
33.187 984.184
33.446 985.06
33.755 986.185
33.963 986.978
34.63 989.596
34.935 990.755
35.19 991.665
35.427 992.434
35.613 993.013
35.914 993.886
36.123 994.432
36.373 995.045
36.707 995.788
37.067 996.506
37.453 997.2
37.924 997.943
38.439 998.637
38.557 998.809
38.152 999.072
38.522 999.608
39.076 1000.33
39.642 1001
39.993 1001.38
40.372 1001.78
40.792 1002.18
41.191 1002.54
41.603 1002.9
42.129 1003.32
42.87 1003.88
43.565 1004.36
44.095 1004.71
44.7 1005.09
45.216 1005.4
46.072 1005.9
47.06 1006.45
47.856 1006.88
52.487 1009.34
53.652 1009.98
142
101.29 1006.15
101.679 1005.64
104.722 1001.48
105.176 1000.87
106.008 999.776
106.511 999.14
107.011 998.531
107.528 997.931
108.078 997.325
108.56 996.824
109.053 996.345
109.753 995.714
110.167 995.372
110.749 994.919
111.172 994.613
111.884 994.145
112.615 993.716
113.52 993.248
113.462 993.167
114.493 992.802
115.262 992.542
115.994 992.317
116.767 992.1
117.337 991.956
117.853 991.835
118.438 991.71
118.965 991.608
119.566 991.503
120.261 991.393
120.921 991.297
121.529 991.222
122.466 991.113
123.59 990.999
125.222 990.843
127.326 990.625
128.09 990.53
129.729 990.289
130.997 990.052
132.241 989.77
133.002 989.561
133.637 989.378
134.413 989.13
134.901 988.951
135.831 988.583
136.332 988.366
136.55 988.279
136.579 988.36
137.059 988.167
137.702 987.891
138.28 987.631
138.81 987.379
139.537 987.017
140.138 986.698
141.006 986.216
141.985 985.63
142.543 985.277
143.393 984.715
144.791 983.718
145.72 982.999
146.537 982.329
147.327 981.647
147.829 981.202
148.763 980.32
149.317 979.766
149.812 979.253
150.294 978.735
150.763 978.212
151.308 977.576
152.164 976.537
151.75 976.212
151.519 976.029
150.681 977.047
149.915 977.922
149.358 978.541
148.463 979.455
147.362 980.507
146.964 980.88
146.329 981.436
145.681 981.98
145.022 982.509
144.508 982.903
143.228 983.834
142.701 984.188
141.828 984.762
140.916 985.316
140.151 985.757
139.326 986.203
138.814 986.463
138.05 986.833
137.576 987.05
136.961 987.319
136.346 987.571
136.274 987.598
136.344 987.788
135.109 988.185
134.397 988.407
133.665 988.621
132.794 988.861
131.992 989.059
131.178 989.244
130.295 989.425
129.455 989.579
128.603 989.718
127.699 989.849
126.541 989.996
125.727 990.09
123.041 990.376
121.85 990.513
120.914 990.637
120.119 990.761
119.519 990.863
118.612 991.038
118.042 991.166
117.399 991.327
116.616 991.551
115.855 991.805
115.113 992.089
114.31 992.449
113.55 992.86
113.381 992.971
113.161 992.514
112.578 992.804
111.78 993.249
111.037 993.714
110.608 994.007
110.168 994.327
109.707 994.685
109.29 995.029
108.881 995.386
108.388 995.846
107.731 996.5
107.152 997.12
106.736 997.595
106.274 998.139
105.888 998.605
105.275 999.382
104.59 1000.28
104.05 1001.01
100.955 1005.24
100.159 1006.3
100.593 1006.63
100.813 1006.8
103
67.059 1022.77
67.352 1022.2
67.681 1021.64
68.403 1020.58
68.803 1020.09
69.141 1019.71
69.603 1019.23
70.207 1018.67
71.174 1017.92
71.983 1017.39
72.665 1017.01
73.71 1016.53
74.296 1016.31
74.791 1016.14
75.547 1015.94
76.494 1015.75
77.451 1015.64
78.083 1015.6
78.598 1015.59
79.562 1015.63
80.52 1015.75
81.467 1015.94
82.396 1016.2
83.06 1016.44
84.182 1016.93
85.027 1017.4
85.836 1017.93
86.567 1018.49
87.07 1018.93
87.452 1019.28
87.988 1019.86
88.6 1020.6
89.155 1021.39
89.73 1022.36
102.216 1009.97
101.803 1009.45
100.662 1008.1
100.353 1007.64
100.097 1007.32
99.267 1006.68
98.868 1006.31
97.792 1005.36
96.674 1004.46
95.513 1003.62
94.076 1002.67
93.65 1002.32
93.201 1002.03
92.715 1001.86
92.096 1001.58
91.592 1001.34
90.51 1000.84
89.183 1000.29
87.831 999.812
86.214 999.32
85.72 999.103
85.206 998.95
84.693 998.924
84.008 998.829
83.424 998.733
82.243 998.557
80.817 998.412
79.386 998.335
78.534 998.324
77.961 998.323
77.448 998.287
76.926 998.231
76.42 998.301
75.904 998.421
75.334 998.486
73.673 998.713
72.264 998.978
70.869 999.309
69.724 999.638
69.168 999.777
68.622 999.864
68.173 1000.03
67.725 1000.29
67.18 1000.54
66.581 1000.8
65.495 1001.29
64.219 1001.94
62.974 1002.65
61.97 1003.29
61.514 1003.56
61.014 1003.8
60.63 1004.09
60.274 1004.46
59.809 1004.86
59.283 1005.3
58.381 1006.08
57.342 1007.06
56.351 1008.1
55.569 1009
55.212 1009.37
54.822 1009.72
54.473 1010.22
54.226 1010.69
53.916 1011.14
53.559 1011.68
52.914 1012.68
52.282 1013.77
52.109 1014.08
66.831 1023.27
10
76.995 1011.89
75.742 1009.72
75.492 1009.29
76.774 1007.07
76.995 1006.69
80 1006.69
81.282 1008.91
81.503 1009.29
80.251 1011.46
80 1011.89
7
89.029 1015.63
89.807 1012.73
92.71 1011.95
94.835 1014.08
94.058 1016.98
91.638 1017.63
91.155 1017.76
8
62.937 1016.98
62.159 1014.08
64.284 1011.95
67.188 1012.73
67.836 1015.15
67.965 1015.63
67.611 1015.99
65.84 1017.76
