0.3
0.7
174
66.574 988.13
67.657 988.059
68.735 987.948
69.81 987.797
70.764 987.629
71.826 987.406
72.879 987.144
73.922 986.845
74.953 986.507
75.971 986.132
76.975 985.721
77.963 985.274
78.934 984.79
79.887 984.272
80.821 983.72
81.734 983.134
82.625 982.515
83.493 981.864
84.336 981.182
85.155 980.47
85.947 979.729
86.712 978.959
87.37 978.247
88.079 977.428
88.759 976.582
89.407 975.712
90.024 974.819
90.607 973.905
91.158 972.97
91.673 972.016
92.154 971.043
92.599 970.053
93.008 969.049
93.38 968.03
93.715 966.998
94.011 965.954
94.27 964.901
94.491 963.838
94.673 962.769
94.8 961.808
94.909 960.728
94.977 959.646
95.007 958.562
94.996 957.477
94.947 956.393
94.858 955.312
94.73 954.235
94.562 953.163
94.357 952.098
94.112 951.041
93.829 949.993
93.509 948.957
93.15 947.933
92.755 946.922
92.324 945.927
91.856 944.948
91.353 943.987
90.873 943.145
90.306 942.22
89.705 941.317
89.072 940.436
88.408 939.579
87.712 938.746
86.987 937.939
86.233 937.159
85.451 936.407
84.642 935.684
83.808 934.991
82.949 934.328
82.066 933.698
81.161 933.099
80.235 932.534
79.289 932.003
78.325 931.506
77.448 931.095
76.451 930.666
75.44 930.273
74.414 929.918
73.378 929.6
72.33 929.32
71.272 929.078
70.206 928.874
69.134 928.71
68.057 928.584
66.975 928.499
65.891 928.452
64.806 928.444
63.721 928.476
62.639 928.547
61.561 928.658
60.486 928.809
59.531 928.977
58.47 929.2
57.417 929.462
56.374 929.761
55.343 930.099
54.325 930.474
53.321 930.885
52.333 931.332
51.362 931.816
50.409 932.334
49.475 932.886
48.562 933.472
47.671 934.091
46.803 934.742
45.959 935.424
45.141 936.136
44.348 936.877
43.584 937.647
42.926 938.359
42.216 939.178
41.537 940.024
40.889 940.894
40.272 941.787
39.688 942.701
39.138 943.636
38.622 944.59
38.142 945.563
37.697 946.553
37.288 947.557
36.915 948.576
36.581 949.608
36.284 950.652
36.025 951.705
35.805 952.768
35.623 953.837
35.496 954.798
35.387 955.878
35.319 956.96
35.289 958.044
35.3 959.129
35.349 960.213
35.438 961.294
35.566 962.371
35.733 963.443
35.939 964.508
36.184 965.565
36.467 966.613
36.787 967.649
37.146 968.673
37.541 969.684
37.972 970.679
38.44 971.658
38.942 972.619
39.422 973.461
39.99 974.386
40.59 975.289
41.224 976.17
41.888 977.027
42.584 977.86
43.309 978.667
44.063 979.447
44.845 980.199
45.654 980.922
46.488 981.615
47.347 982.278
48.23 982.908
49.135 983.507
50.061 984.072
51.007 984.603
51.971 985.1
52.848 985.511
53.845 985.94
54.856 986.333
55.881 986.688
56.918 987.006
57.966 987.286
59.024 987.528
60.09 987.732
61.162 987.896
62.239 988.022
63.321 988.107
64.405 988.154
65.489 988.162
166
63.83 985.77
62.791 985.701
61.756 985.592
60.726 985.444
59.702 985.258
58.686 985.032
57.679 984.769
56.683 984.466
55.699 984.127
54.729 983.751
53.773 983.339
52.834 982.891
51.912 982.407
51.009 981.889
50.127 981.337
49.266 980.752
48.428 980.135
47.614 979.487
46.825 978.808
46.062 978.1
45.326 977.364
44.619 976.6
43.941 975.81
43.294 974.994
42.679 974.156
42.095 973.295
41.543 972.411
41.026 971.508
40.545 970.586
40.097 969.645
39.686 968.69
39.311 967.719
38.973 966.735
38.672 965.738
38.411 964.73
38.187 963.714
38.001 962.69
37.854 961.66
37.747 960.625
37.679 959.586
37.65 958.545
37.66 957.505
37.71 956.465
37.8 955.428
37.928 954.395
38.096 953.368
38.302 952.348
38.546 951.336
38.829 950.334
39.149 949.344
39.506 948.367
39.901 947.403
40.332 946.456
40.798 945.526
41.299 944.613
41.834 943.721
42.402 942.848
43.004 941.999
43.636 941.172
44.3 940.371
44.993 939.595
45.716 938.846
46.466 938.124
47.242 937.431
48.046 936.769
48.872 936.137
49.723 935.537
50.595 934.97
51.489 934.436
52.402 933.936
53.333 933.471
54.281 933.042
55.245 932.649
56.223 932.293
57.213 931.974
58.216 931.692
59.228 931.449
60.248 931.244
61.275 931.078
62.308 930.951
63.345 930.863
64.385 930.815
65.426 930.806
66.466 930.836
67.505 930.905
68.54 931.014
69.57 931.162
70.594 931.348
71.61 931.574
72.617 931.837
73.613 932.14
74.597 932.479
75.567 932.855
76.523 933.267
77.462 933.715
78.383 934.199
79.287 934.717
80.169 935.269
81.03 935.854
81.868 936.471
82.682 937.119
83.471 937.798
84.234 938.506
84.97 939.242
85.676 940.006
86.354 940.796
87.002 941.612
87.617 942.45
88.201 943.311
88.752 944.195
89.27 945.098
89.751 946.02
90.199 946.961
90.61 947.916
90.985 948.887
91.323 949.871
91.623 950.868
91.885 951.876
92.109 952.892
92.295 953.916
92.441 954.946
92.549 955.981
92.617 957.02
92.646 958.061
92.636 959.101
92.586 960.141
92.496 961.178
92.368 962.211
92.2 963.238
91.994 964.258
91.75 965.27
91.467 966.272
91.147 967.262
90.789 968.239
90.395 969.203
89.964 970.15
89.498 971.08
88.997 971.993
88.462 972.885
87.894 973.758
87.292 974.607
86.66 975.434
85.996 976.235
85.303 977.011
84.58 977.76
83.83 978.482
83.053 979.175
82.25 979.837
81.423 980.469
80.572 981.069
79.7 981.636
78.807 982.17
77.894 982.67
76.962 983.135
76.015 983.564
75.051 983.957
74.073 984.313
73.083 984.632
72.08 984.914
71.068 985.157
70.047 985.362
69.021 985.528
67.988 985.655
66.95 985.743
65.911 985.791
64.87 985.8
193
65.858 992.951
67.003 992.909
68.146 992.829
69.286 992.711
70.422 992.555
71.551 992.362
72.674 992.132
73.788 991.864
74.893 991.56
75.987 991.22
77.07 990.844
78.14 990.432
79.195 989.984
80.234 989.503
81.258 988.987
82.264 988.437
83.25 987.855
84.217 987.241
85.164 986.594
86.089 985.917
86.99 985.21
87.868 984.473
88.72 983.707
89.548 982.914
90.348 982.093
91.121 981.247
91.865 980.376
92.58 979.481
93.266 978.562
93.92 977.621
94.543 976.659
95.134 975.677
95.692 974.677
96.217 973.657
96.707 972.622
97.164 971.571
97.585 970.505
97.97 969.426
98.32 968.335
98.634 967.232
98.911 966.12
99.15 964.999
99.353 963.872
99.519 962.738
99.647 961.599
99.737 960.456
99.789 959.312
99.803 958.165
99.78 957.02
99.719 955.876
99.62 954.734
99.482 953.596
99.308 952.463
99.096 951.337
98.848 950.218
98.562 949.109
98.24 948.009
97.882 946.921
97.487 945.845
97.058 944.782
96.593 943.735
96.094 942.703
95.739 942.025
95.224 941.094
94.683 940.18
94.397 939.714
93.766 938.758
93.104 937.822
92.412 936.909
91.69 936.019
90.938 935.154
90.159 934.313
89.352 933.5
88.518 932.713
87.66 931.955
86.776 931.225
85.869 930.525
84.939 929.854
83.988 929.216
83.016 928.608
82.024 928.034
81.496 927.751
81.014 927.493
80.477 927.228
79.987 926.985
78.943 926.511
77.885 926.072
76.812 925.669
75.727 925.301
74.63 924.969
73.522 924.674
72.406 924.416
71.282 924.194
70.151 924.01
69.014 923.863
67.873 923.754
66.729 923.683
65.584 923.65
64.438 923.655
63.293 923.697
62.149 923.777
61.01 923.895
59.874 924.051
58.745 924.244
57.622 924.474
56.507 924.742
55.403 925.046
54.309 925.386
53.226 925.762
52.156 926.174
51.101 926.622
50.062 927.103
49.038 927.619
48.032 928.169
47.046 928.751
46.078 929.365
45.132 930.012
44.207 930.689
43.306 931.396
42.428 932.133
41.576 932.899
40.748 933.692
39.948 934.513
39.175 935.359
38.431 936.23
37.716 937.125
37.03 938.044
36.376 938.985
35.753 939.947
35.162 940.929
34.604 941.929
34.079 942.949
33.589 943.984
33.132 945.035
32.711 946.101
32.325 947.18
31.976 948.271
31.662 949.374
31.385 950.486
31.145 951.607
30.942 952.734
30.777 953.868
30.649 955.007
30.559 956.15
30.507 957.294
30.493 958.441
30.516 959.586
30.577 960.73
30.676 961.872
30.813 963.01
30.987 964.143
31.2 965.269
31.448 966.388
31.734 967.497
32.056 968.597
32.414 969.685
32.808 970.761
33.238 971.824
33.703 972.871
34.202 973.903
34.736 974.918
35.301 975.914
35.899 976.892
36.53 977.848
37.192 978.784
37.884 979.697
38.606 980.587
39.357 981.452
40.137 982.293
40.944 983.106
41.777 983.893
42.636 984.651
43.519 985.381
44.427 986.081
45.357 986.752
46.308 987.39
47.28 987.998
48.271 988.572
49.282 989.113
50.309 989.621
51.352 990.095
52.411 990.534
53.484 990.937
54.569 991.305
55.666 991.637
56.773 991.932
57.89 992.19
59.014 992.412
60.145 992.596
61.282 992.743
62.423 992.852
63.566 992.923
64.712 992.956
182
64.158 990.311
63.048 990.257
61.943 990.165
60.84 990.034
59.743 989.866
58.652 989.661
57.569 989.417
56.496 989.135
55.433 988.817
54.381 988.462
53.343 988.07
52.318 987.644
51.309 987.182
50.316 986.684
49.342 986.154
48.386 985.589
47.451 984.992
46.536 984.363
45.644 983.702
44.776 983.011
43.931 982.29
43.113 981.54
42.321 980.763
41.557 979.958
40.82 979.128
40.112 978.272
39.436 977.392
38.79 976.49
38.175 975.565
37.593 974.62
37.045 973.656
36.529 972.673
36.135 971.856
35.683 970.841
35.266 969.813
34.885 968.771
34.541 967.716
34.232 966.649
33.962 965.573
33.729 964.488
33.533 963.396
33.375 962.296
33.256 961.193
33.175 960.086
33.132 958.977
33.129 957.867
33.162 956.758
33.236 955.65
33.347 954.546
33.496 953.446
33.683 952.352
33.908 951.265
34.171 950.187
34.471 949.118
34.807 948.06
35.18 947.015
35.59 945.983
36.034 944.966
36.513 943.966
37.028 942.982
37.576 942.016
38.156 941.07
38.77 940.145
39.415 939.242
40.091 938.362
40.797 937.506
41.532 936.674
42.296 935.868
43.088 935.09
43.905 934.34
44.748 933.618
45.616 932.925
46.507 932.264
47.421 931.634
48.356 931.035
49.31 930.469
50.284 929.937
51.095 929.529
52.101 929.059
53.121 928.625
54.157 928.226
55.206 927.863
56.267 927.536
57.339 927.247
58.42 926.996
59.509 926.781
60.604 926.604
61.705 926.466
62.811 926.366
63.919 926.304
65.029 926.281
66.138 926.295
67.247 926.349
68.353 926.441
69.456 926.572
70.553 926.74
71.644 926.945
72.726 927.189
73.8 927.471
74.863 927.789
75.915 928.144
76.953 928.536
77.978 928.962
78.987 929.424
79.98 929.922
80.954 930.452
81.91 931.017
82.845 931.614
83.76 932.243
84.652 932.904
85.52 933.595
86.365 934.316
87.183 935.066
87.975 935.843
88.739 936.648
89.476 937.478
90.183 938.334
90.86 939.214
91.506 940.116
92.121 941.041
92.702 941.986
93.251 942.95
93.766 943.933
94.16 944.75
94.613 945.765
95.03 946.793
95.411 947.835
95.755 948.89
96.064 949.957
96.334 951.033
96.567 952.118
96.763 953.21
96.921 954.31
97.04 955.413
97.121 956.52
97.164 957.629
97.167 958.739
97.133 959.848
97.06 960.956
96.949 962.06
96.8 963.16
96.613 964.254
96.388 965.341
96.125 966.419
95.825 967.488
95.489 968.546
95.116 969.591
94.706 970.623
94.262 971.64
93.783 972.64
93.268 973.624
92.72 974.59
92.14 975.536
91.526 976.461
90.881 977.364
90.205 978.244
89.499 979.1
88.764 979.932
88 980.738
87.208 981.516
86.391 982.266
85.547 982.988
84.68 983.681
83.789 984.342
82.875 984.972
81.94 985.571
80.986 986.137
80.011 986.669
79.201 987.077
78.195 987.547
77.174 987.981
76.138 988.38
75.09 988.743
74.029 989.07
72.957 989.359
71.876 989.61
70.787 989.825
69.691 990.002
68.591 990.14
67.485 990.24
66.377 990.302
65.267 990.325
232
67.125 1010.11
68.531 1010.03
69.936 1009.92
71.336 1009.77
72.732 1009.59
74.122 1009.36
75.506 1009.1
76.881 1008.8
78.249 1008.46
79.606 1008.09
80.953 1007.67
82.289 1007.23
83.611 1006.74
84.92 1006.22
86.215 1005.67
87.494 1005.08
88.756 1004.46
90.001 1003.8
91.005 1003.23
92.216 1002.51
93.407 1001.76
94.577 1000.98
95.726 1000.16
96.851 999.316
97.953 998.44
99.031 997.534
100.085 996.599
101.113 995.636
102.114 994.645
103.087 993.628
104.033 992.584
104.95 991.515
105.837 990.421
106.695 989.305
107.522 988.165
108.317 987.003
109.081 985.82
109.812 984.616
110.511 983.393
111.176 982.151
111.807 980.892
112.403 979.616
112.965 978.325
113.491 977.018
113.981 975.699
114.436 974.366
114.854 973.021
115.235 971.665
115.58 970.299
115.888 968.926
116.157 967.543
116.389 966.154
116.584 964.759
116.741 963.359
116.859 961.956
116.939 960.55
116.981 959.142
116.984 957.734
116.95 956.326
116.877 954.92
116.767 953.515
116.617 952.115
116.43 950.719
116.206 949.329
115.942 947.945
115.643 946.57
115.306 945.202
114.931 943.844
114.52 942.498
114.072 941.162
113.589 939.839
113.069 938.531
112.514 937.236
111.925 935.957
111.3 934.695
110.642 933.45
110.076 932.446
109.357 931.235
108.606 930.044
107.822 928.874
107.007 927.725
106.16 926.6
105.285 925.497
104.379 924.419
103.444 923.366
102.481 922.338
101.49 921.337
100.473 920.364
99.429 919.418
98.36 918.501
97.266 917.614
96.149 916.756
95.01 915.929
93.848 915.134
92.665 914.37
91.461 913.639
90.238 912.94
88.996 912.275
87.737 911.644
86.461 911.048
85.17 910.486
83.863 909.96
82.544 909.47
81.211 909.015
79.866 908.597
78.51 908.216
77.144 907.87
75.77 907.563
74.388 907.294
72.999 907.061
71.604 906.867
70.204 906.71
68.801 906.592
67.395 906.512
65.987 906.47
64.579 906.466
63.171 906.501
61.765 906.574
60.36 906.684
58.96 906.833
57.564 907.021
56.174 907.245
54.79 907.508
53.414 907.808
52.047 908.145
50.689 908.52
49.343 908.931
48.007 909.379
46.684 909.862
45.376 910.382
44.081 910.937
42.802 911.526
41.54 912.151
40.295 912.809
39.291 913.375
38.08 914.094
36.889 914.845
35.719 915.629
34.57 916.444
33.445 917.29
32.342 918.166
31.264 919.072
30.211 920.007
29.183 920.97
28.182 921.961
27.209 922.978
26.263 924.022
25.346 925.091
24.459 926.185
23.601 927.301
22.774 928.441
21.979 929.603
21.215 930.786
20.483 931.99
19.785 933.213
19.12 934.455
18.489 935.714
17.893 936.99
17.331 938.281
16.805 939.588
16.315 940.907
15.86 942.24
15.441 943.585
15.06 944.941
14.715 946.307
14.408 947.68
14.139 949.063
13.906 950.452
13.712 951.847
13.555 953.247
13.437 954.65
13.357 956.056
13.315 957.464
13.311 958.872
13.346 960.28
13.419 961.686
13.529 963.091
13.678 964.491
13.866 965.887
14.09 967.277
14.353 968.661
14.653 970.036
14.99 971.404
15.365 972.762
15.776 974.108
16.224 975.444
16.707 976.767
17.227 978.075
17.782 979.37
18.371 980.649
18.996 981.911
19.654 983.156
20.22 984.16
20.939 985.371
21.69 986.562
22.474 987.732
23.289 988.881
24.135 990.006
25.011 991.109
25.917 992.187
26.852 993.24
27.815 994.268
28.805 995.269
29.823 996.242
30.867 997.188
31.936 998.105
33.029 998.992
34.146 999.85
35.286 1000.68
36.448 1001.47
37.631 1002.24
38.835 1002.97
40.058 1003.67
41.3 1004.33
42.559 1004.96
43.835 1005.56
45.126 1006.12
46.433 1006.65
47.752 1007.14
49.085 1007.59
50.43 1008.01
51.786 1008.39
53.152 1008.74
54.525 1009.04
55.908 1009.31
57.297 1009.54
58.692 1009.74
60.092 1009.9
61.495 1010.01
62.901 1010.09
64.309 1010.14
65.717 1010.14
250
64.252 1007.55
63.487 1007.53
62.924 1007.5
61.722 1007.44
60.329 1007.32
58.94 1007.16
57.554 1006.97
56.176 1006.73
54.805 1006.46
53.442 1006.14
51.967 1005.76
50.676 1005.38
49.34 1004.95
48.139 1004.53
46.94 1004.07
46.362 1003.83
45.41 1003.43
44.394 1002.97
42.92 1002.25
41.681 1001.61
40.461 1000.92
39.261 1000.2
38.082 999.451
36.925 998.667
35.79 997.848
34.68 996.999
33.455 996.006
32.401 995.093
31.381 994.16
30.453 993.262
29.717 992.512
29.316 992.095
28.967 991.72
28.49 991.198
27.614 990.192
26.625 988.994
25.776 987.896
24.959 986.777
24.173 985.634
23.421 984.468
22.701 983.282
22.014 982.077
21.284 980.706
20.656 979.431
20.064 978.136
19.528 976.87
19.048 975.643
18.819 975.014
18.555 974.271
18.375 973.729
18.102 972.883
17.82 971.935
17.667 971.393
17.36 970.228
17.041 968.867
16.761 967.497
16.519 966.119
16.316 964.736
16.154 963.347
16.03 961.953
15.94 960.433
15.9 959.089
15.898 957.683
15.931 956.41
15.998 955.128
16.042 954.505
16.131 953.476
16.265 952.278
16.479 950.744
16.713 949.366
16.987 947.995
17.298 946.631
17.65 945.277
18.039 943.935
18.466 942.603
18.93 941.283
19.497 939.811
20.039 938.527
20.611 937.269
21.178 936.108
21.665 935.177
21.938 934.667
22.186 934.219
22.535 933.604
23.096 932.663
23.437 932.115
24.086 931.103
24.875 929.948
25.696 928.816
26.549 927.708
27.433 926.624
28.348 925.566
29.293 924.534
30.266 923.53
31.305 922.517
32.354 921.555
33.392 920.653
34.229 919.966
34.642 919.635
35.621 918.881
36.428 918.291
37.339 917.656
37.864 917.299
39.038 916.539
40.235 915.815
41.451 915.124
42.687 914.469
43.94 913.849
45.211 913.266
46.498 912.718
47.907 912.165
49.183 911.708
50.518 911.272
51.739 910.91
52.979 910.578
53.584 910.428
54.592 910.194
55.152 910.077
55.919 909.922
57.298 909.681
58.68 909.477
60.069 909.313
61.462 909.189
62.858 909.104
64.255 909.059
65.654 909.054
67.053 909.089
68.627 909.172
70.016 909.291
71.389 909.446
72.669 909.627
74.273 909.903
75.47 910.143
76.67 910.416
77.164 910.541
78.329 910.846
79.67 911.239
81 911.67
82.318 912.139
83.622 912.645
84.911 913.188
86.184 913.767
87.44 914.382
88.723 915.058
89.964 915.758
91.142 916.467
92.055 917.051
92.496 917.342
93.516 918.039
94.244 918.564
94.699 918.901
95.371 919.416
95.867 919.806
96.799 920.565
97.858 921.48
98.89 922.424
99.895 923.396
100.873 924.397
101.82 925.425
102.739 926.479
103.706 927.656
104.529 928.721
105.356 929.855
106.077 930.905
106.777 931.982
107.107 932.511
107.641 933.397
108.236 934.445
109.018 935.916
109.631 937.157
110.209 938.417
110.75 939.692
111.255 940.982
111.724 942.286
112.155 943.603
112.55 944.931
112.949 946.43
113.266 947.788
113.542 949.142
113.766 950.415
113.957 951.705
114.025 952.235
114.14 953.238
114.188 953.741
114.259 954.566
114.356 956.173
114.396 957.571
114.397 958.97
114.358 960.368
114.28 961.764
114.162 963.157
114.004 964.546
113.807 965.932
113.562 967.361
113.279 968.757
112.969 970.097
112.696 971.145
112.556 971.655
112.207 972.841
111.933 973.694
111.754 974.231
111.449 975.094
111.254 975.622
110.818 976.744
110.277 978.033
109.698 979.307
109.084 980.563
108.434 981.802
107.749 983.02
107.031 984.22
106.21 985.503
105.452 986.614
104.628 987.752
103.852 988.763
103.045 989.761
102.643 990.239
101.965 991.02
101.051 992.019
100.079 993.025
99.08 994.003
98.052 994.951
96.999 995.871
95.919 996.76
94.814 997.618
93.686 998.444
92.535 999.237
91.211 1000.1
90.019 1000.82
88.816 1001.5
87.674 1002.1
87.168 1002.36
86.507 1002.68
86.023 1002.91
85.011 1003.37
83.878 1003.86
82.38 1004.44
81.063 1004.91
79.733 1005.35
78.392 1005.74
77.039 1006.1
75.677 1006.42
74.307 1006.7
72.93 1006.94
71.493 1007.15
70.079 1007.31
68.709 1007.43
67.628 1007.49
67.1 1007.52
65.864 1007.55
64.76 1007.55
