0.3
0.7
163
66.083 984.858
67.112 984.802
68.138 984.706
69.159 984.57
70.175 984.394
71.183 984.18
72.181 983.927
73.17 983.635
74.146 983.305
75.108 982.937
76.056 982.532
76.988 982.09
77.901 981.613
78.795 981.102
79.669 980.556
80.521 979.976
81.35 979.363
82.154 978.719
82.933 978.044
83.685 977.34
84.409 976.607
85.104 975.846
85.77 975.059
86.404 974.247
87.006 973.411
87.576 972.551
88.112 971.671
88.613 970.771
89.078 969.852
89.508 968.915
89.901 967.963
90.257 966.996
90.575 966.016
90.855 965.024
91.096 964.022
91.298 963.011
91.461 961.994
91.585 960.971
91.669 959.943
91.712 958.914
91.716 957.883
91.68 956.853
91.604 955.826
91.487 954.802
91.332 953.783
91.137 952.771
90.903 951.768
90.63 950.774
90.319 949.792
89.97 948.822
89.584 947.866
89.161 946.927
88.702 946.005
88.207 945.101
87.678 944.216
87.114 943.353
86.518 942.513
85.89 941.696
85.231 940.904
84.541 940.139
83.822 939.4
83.075 938.69
82.301 938.01
81.501 937.36
80.677 936.742
79.829 936.156
78.959 935.603
78.068 935.085
77.158 934.601
76.23 934.153
75.286 933.742
74.325 933.367
73.352 933.03
72.366 932.731
71.368 932.47
70.362 932.248
69.348 932.066
68.328 931.923
67.303 931.819
66.274 931.755
65.243 931.732
64.213 931.748
63.184 931.804
62.158 931.9
61.137 932.036
60.121 932.212
59.113 932.426
58.115 932.679
57.126 932.971
56.15 933.301
55.187 933.669
54.239 934.074
53.308 934.516
52.395 934.993
51.501 935.504
50.627 936.05
49.775 936.63
48.946 937.243
48.142 937.887
47.363 938.562
46.611 939.266
45.886 939.999
45.191 940.76
44.526 941.547
43.892 942.359
43.289 943.195
42.72 944.055
42.184 944.935
41.683 945.835
41.218 946.754
41 947.204
40.788 947.691
40.395 948.643
40.039 949.61
39.72 950.59
39.44 951.582
39.2 952.584
38.997 953.595
38.834 954.612
38.711 955.635
38.627 956.663
38.584 957.692
38.58 958.723
38.616 959.753
38.692 960.78
38.809 961.804
38.964 962.823
39.159 963.835
39.393 964.838
39.666 965.832
39.977 966.814
40.326 967.784
40.712 968.74
41.135 969.679
41.594 970.601
42.089 971.505
42.618 972.39
43.182 973.253
43.778 974.093
44.406 974.91
45.065 975.702
45.755 976.467
46.474 977.206
47.221 977.916
47.995 978.596
48.795 979.246
49.619 979.864
50.467 980.45
51.337 981.003
52.227 981.521
53.137 982.005
54.066 982.453
55.01 982.864
55.971 983.239
56.944 983.576
57.93 983.875
58.927 984.136
59.933 984.358
60.948 984.54
61.968 984.683
62.993 984.787
64.022 984.851
65.052 984.874
154
63.951 981.849
62.991 981.78
62.036 981.673
61.085 981.526
60.141 981.341
59.206 981.118
58.28 980.857
57.366 980.558
56.464 980.222
55.578 979.849
54.707 979.441
53.853 978.998
53.019 978.52
52.204 978.008
51.411 977.464
50.641 976.888
49.895 976.28
49.174 975.643
48.48 974.977
47.814 974.284
47.177 973.563
46.569 972.817
45.993 972.048
45.448 971.255
44.936 970.441
44.458 969.606
44.014 968.753
43.605 967.882
43.233 966.995
42.896 966.094
42.597 965.18
42.335 964.255
42.112 963.319
41.926 962.375
41.779 961.425
41.671 960.469
41.603 959.51
41.573 958.548
41.583 957.586
41.631 956.626
41.719 955.668
41.846 954.715
42.012 953.767
42.216 952.827
42.459 951.896
42.739 950.976
43.057 950.068
43.411 949.174
43.801 948.295
44.227 947.433
44.688 946.589
45.183 945.764
45.711 944.96
46.271 944.178
46.863 943.42
47.485 942.686
48.137 941.979
48.817 941.299
49.524 940.647
50.257 940.024
51.015 939.432
51.797 938.871
52.601 938.343
53.425 937.848
54.269 937.387
55.131 936.96
56.01 936.57
56.904 936.215
57.812 935.897
58.732 935.617
59.663 935.374
60.603 935.169
61.55 935.003
62.504 934.876
63.461 934.787
64.422 934.738
65.384 934.728
66.345 934.757
67.304 934.826
68.26 934.933
69.211 935.08
70.155 935.265
71.09 935.488
72.016 935.749
72.93 936.048
73.831 936.384
74.718 936.757
75.589 937.165
76.443 937.608
77.277 938.086
78.092 938.598
78.885 939.142
79.655 939.718
80.401 940.326
81.121 940.963
81.815 941.629
82.482 942.322
83.119 943.043
83.727 943.789
84.303 944.558
84.848 945.351
85.36 946.165
85.838 947
86.282 947.853
86.69 948.724
87.063 949.611
87.4 950.512
87.699 951.426
87.961 952.351
88.184 953.287
88.37 954.231
88.517 955.181
88.624 956.137
88.693 957.096
88.723 958.058
88.713 959.02
88.664 959.98
88.576 960.938
88.449 961.891
88.284 962.839
88.079 963.779
87.837 964.71
87.557 965.63
87.239 966.538
86.885 967.432
86.495 968.311
86.069 969.173
85.608 970.017
85.113 970.842
84.585 971.646
84.024 972.428
83.433 973.186
82.81 973.92
82.159 974.627
81.479 975.307
80.772 975.959
80.038 976.582
79.28 977.174
78.499 977.735
77.695 978.263
76.871 978.758
76.027 979.219
75.164 979.646
74.285 980.036
73.391 980.391
72.484 980.709
71.564 980.989
70.633 981.232
69.693 981.437
68.746 981.603
67.792 981.73
66.835 981.819
65.874 981.868
64.912 981.878
230
66.632 1010.54
68.067 1010.48
69.499 1010.38
70.928 1010.24
72.353 1010.06
73.773 1009.85
75.186 1009.59
76.591 1009.29
77.988 1008.96
79.375 1008.59
80.751 1008.18
82.116 1007.73
83.468 1007.25
84.805 1006.73
86.128 1006.17
87.435 1005.57
88.726 1004.94
89.999 1004.28
91.252 1003.58
92.486 1002.84
93.699 1002.07
94.892 1001.27
96.061 1000.44
97.207 999.573
98.329 998.677
99.425 997.75
100.496 996.793
101.541 995.808
102.557 994.793
103.545 993.752
104.505 992.683
105.435 991.589
106.335 990.469
107.203 989.325
108.039 988.159
108.843 986.969
109.614 985.757
110.352 984.524
111.055 983.273
111.724 982.002
112.357 980.713
112.955 979.408
113.517 978.086
114.042 976.749
114.531 975.399
114.981 974.036
115.395 972.661
115.771 971.274
116.107 969.879
116.407 968.474
116.666 967.062
116.888 965.643
117.07 964.218
117.213 962.79
117.316 961.358
117.38 959.923
117.405 958.487
117.391 957.051
117.336 955.616
117.243 954.183
117.11 952.754
116.937 951.328
116.727 949.908
116.476 948.494
116.187 947.087
115.86 945.689
115.494 944.3
115.09 942.923
114.648 941.556
114.169 940.202
113.653 938.862
113.101 937.537
112.512 936.227
111.888 934.934
111.228 933.659
110.782 932.844
110.305 931.997
109.565 930.766
108.792 929.556
107.986 928.368
107.147 927.202
106.276 926.06
105.375 924.942
104.443 923.849
103.482 922.783
102.491 921.743
101.473 920.731
100.426 919.747
99.354 918.792
98.256 917.867
97.132 916.973
95.984 916.11
94.813 915.278
93.62 914.48
92.405 913.714
91.169 912.982
89.914 912.284
88.641 911.62
87.349 910.993
86.04 910.4
84.716 909.845
83.377 909.325
82.025 908.843
80.66 908.398
79.283 907.99
77.895 907.621
76.497 907.29
75.092 906.997
73.678 906.744
72.258 906.529
70.833 906.353
69.404 906.216
67.971 906.119
66.536 906.061
65.1 906.043
63.664 906.064
62.229 906.124
60.796 906.224
59.368 906.364
57.943 906.543
56.523 906.759
55.11 907.016
53.705 907.311
52.308 907.645
50.921 908.017
49.545 908.427
48.18 908.875
46.828 909.36
45.49 909.881
44.168 910.44
42.861 911.034
41.57 911.665
40.297 912.33
39.044 913.031
37.81 913.764
36.596 914.533
35.404 915.334
34.235 916.167
33.089 917.033
31.967 917.929
30.871 918.856
29.8 919.813
28.755 920.798
27.739 921.813
26.75 922.854
25.791 923.923
24.861 925.017
23.961 926.137
23.093 927.281
22.256 928.447
21.453 929.637
20.682 930.849
19.944 932.082
19.241 933.333
18.572 934.604
17.938 935.893
17.341 937.198
16.779 938.52
16.253 939.857
15.765 941.207
15.314 942.57
14.901 943.945
14.525 945.332
14.188 946.727
13.889 948.132
13.63 949.544
13.408 950.963
13.226 952.388
13.083 953.816
12.979 955.248
12.916 956.683
12.891 958.119
12.905 959.555
12.96 960.99
13.053 962.423
13.186 963.852
13.358 965.278
13.569 966.698
13.82 968.112
14.109 969.519
14.436 970.917
14.802 972.306
15.206 973.683
15.648 975.05
16.127 976.404
16.642 977.744
17.195 979.069
17.783 980.379
18.408 981.672
19.068 982.947
19.514 983.762
19.991 984.609
20.73 985.84
21.504 987.05
22.31 988.238
23.149 989.404
24.019 990.546
24.921 991.664
25.853 992.757
26.814 993.823
27.804 994.863
28.823 995.875
29.87 996.859
30.942 997.814
32.04 998.739
33.164 999.633
34.312 1000.5
35.482 1001.33
36.676 1002.13
37.891 1002.89
39.126 1003.62
40.381 1004.32
41.655 1004.99
42.947 1005.61
44.255 1006.21
45.58 1006.76
46.918 1007.28
48.271 1007.76
49.636 1008.21
51.013 1008.62
52.401 1008.99
53.799 1009.32
55.204 1009.61
56.618 1009.86
58.038 1010.08
59.463 1010.25
60.892 1010.39
62.325 1010.49
63.76 1010.54
65.196 1010.56
51
54.349 924.017
54.056 923.815
53.848 923.508
53.289 921.343
52.858 919.646
52.297 917.426
50.719 911.219
50.679 910.848
50.728 910.579
50.922 910.25
51.228 910.016
51.775 909.844
52.336 909.691
53.573 909.383
54.963 909.073
56.002 908.871
56.589 908.766
57.556 908.608
58.937 908.417
60.324 908.264
61.714 908.149
63.107 908.073
64.502 908.036
65.897 908.037
67.292 908.078
67.933 908.11
68.46 908.149
68.74 908.23
69.054 908.453
69.268 908.784
69.345 909.145
69.254 909.718
68.166 915.614
67.952 916.741
67.751 917.838
67.266 920.391
67.006 921.794
66.88 922.125
66.646 922.392
66.333 922.563
65.981 922.617
64.416 922.614
63.237 922.657
62.059 922.74
60.885 922.862
59.716 923.022
58.552 923.221
57.396 923.458
56.248 923.734
55.11 924.047
54.695 924.104
49
80.417 926.038
79.358 925.556
78.267 925.105
77.163 924.689
76.045 924.31
74.915 923.968
73.774 923.664
72.624 923.398
71.465 923.17
69.694 922.884
69.359 922.712
69.121 922.445
68.994 922.115
68.992 921.759
69.645 917.99
70.034 915.733
71.116 909.421
71.231 909.066
71.387 908.84
71.697 908.618
72.072 908.529
72.642 908.595
73.216 908.682
74.47 908.904
75.368 909.084
76.146 909.25
76.898 909.426
78.157 909.748
79.5 910.127
80.83 910.544
82.15 910.998
83.456 911.487
84.749 912.013
86.025 912.575
87.286 913.171
88.165 913.611
88.656 913.886
88.91 914.176
89.041 914.538
89.027 914.937
88.883 915.266
85.269 920.532
84.614 921.475
83.984 922.395
82.503 924.53
81.694 925.707
81.445 925.957
81.123 926.106
80.768 926.135
51
40.988 931.308
40.673 931.112
39.281 929.362
38.197 927.985
36.781 926.186
32.815 921.159
32.628 920.836
32.564 920.569
32.607 920.189
32.791 919.851
33.222 919.473
33.672 919.105
34.676 918.32
35.82 917.472
37.066 916.606
37.885 916.068
39.068 915.328
40.27 914.621
41.492 913.947
42.732 913.307
43.988 912.703
45.262 912.133
46.55 911.599
47.282 911.315
47.775 911.138
48.062 911.097
48.441 911.173
48.771 911.388
48.987 911.686
49.138 912.248
50.542 918.076
50.805 919.194
51.067 920.278
51.663 922.807
51.996 924.195
52.015 924.549
51.91 924.887
51.695 925.171
51.394 925.363
50.78 925.627
49.609 926.167
48.554 926.698
47.518 927.264
46.502 927.864
45.505 928.497
44.531 929.163
43.579 929.86
42.65 930.588
41.998 931.132
41.689 931.313
41.337 931.374
52
92.502 935.27
92.225 935.043
91.785 934.541
90.91 933.593
90.079 932.755
89.22 931.945
88.335 931.163
87.425 930.411
86.491 929.691
85.533 929.001
84.554 928.342
83.836 927.89
83.569 927.652
83.402 927.337
83.355 926.984
83.444 926.623
84.679 924.76
85.654 923.304
86.928 921.401
90.482 916.074
90.732 915.797
90.966 915.654
91.34 915.578
91.719 915.648
92.211 915.94
92.701 916.254
93.757 916.967
94.504 917.496
95.147 917.964
95.819 918.473
96.89 919.323
97.96 920.219
99.004 921.144
100.022 922.098
101.013 923.079
101.978 924.088
102.912 925.122
103.819 926.183
104.272 926.739
104.636 927.205
104.764 927.466
104.808 927.85
104.706 928.23
104.488 928.529
104.001 928.845
98.893 931.981
97.911 932.577
96.962 933.16
94.74 934.509
93.522 935.255
93.192 935.382
92.837 935.387
48
31.581 943.354
28.197 941.568
26.171 940.501
20.502 937.522
20.2 937.302
20.033 937.085
19.919 936.721
19.949 936.336
20.188 935.815
20.449 935.296
21.048 934.172
21.749 932.93
22.294 932.024
22.99 930.926
23.766 929.767
24.573 928.629
25.412 927.515
26.281 926.424
27.18 925.357
28.109 924.316
29.067 923.301
29.757 922.601
30.169 922.22
30.524 922.068
30.908 922.056
31.284 922.192
31.552 922.43
35.444 927.495
36.138 928.409
36.818 929.291
38.391 931.361
39.26 932.494
39.422 932.808
39.463 933.161
39.382 933.507
39.18 933.81
38.394 934.669
37.628 935.567
36.892 936.49
36.187 937.436
35.512 938.404
34.871 939.395
34.262 940.407
33.687 941.438
32.867 943.035
32.599 943.3
32.274 943.444
31.918 943.463
182
63.982 991.479
62.838 991.419
61.696 991.32
60.558 991.181
59.426 991.002
58.301 990.785
57.184 990.53
56.076 990.236
54.979 989.904
53.895 989.534
52.824 989.127
51.767 988.683
50.726 988.204
49.703 987.687
48.698 987.137
47.713 986.553
46.748 985.934
45.805 985.282
44.886 984.598
43.99 983.884
43.119 983.138
42.276 982.363
41.459 981.559
40.671 980.728
39.911 979.869
39.182 978.986
38.483 978.077
37.817 977.145
37.183 976.191
36.582 975.214
36.016 974.218
35.484 973.204
34.987 972.171
34.526 971.121
34.102 970.057
33.715 968.978
33.365 967.887
33.053 966.785
32.78 965.672
32.545 964.55
32.349 963.421
32.191 962.286
32.073 961.146
31.995 960.003
31.956 958.857
31.957 957.71
31.997 956.565
32.077 955.421
32.196 954.281
32.355 953.147
32.552 952.018
32.789 950.896
33.063 949.784
33.376 948.682
33.727 947.591
34.116 946.513
34.541 945.449
35.003 944.4
35.501 943.368
36.034 942.354
36.602 941.358
37.204 940.383
37.839 939.43
38.507 938.498
39.206 937.59
39.936 936.707
40.697 935.849
41.486 935.019
42.304 934.216
43.148 933.442
44.02 932.698
44.917 931.984
45.837 931.301
46.781 930.651
47.746 930.033
48.732 929.45
49.738 928.901
50.761 928.386
51.802 927.907
52.86 927.465
53.931 927.059
55.016 926.69
56.114 926.36
57.222 926.067
58.339 925.813
59.464 925.597
60.597 925.42
61.735 925.282
62.876 925.184
64.02 925.126
65.167 925.107
66.314 925.127
67.458 925.187
68.6 925.286
69.738 925.425
70.87 925.604
71.995 925.821
73.112 926.076
74.219 926.37
75.316 926.702
76.401 927.072
77.472 927.479
78.529 927.923
79.569 928.402
80.592 928.919
81.598 929.469
82.583 930.053
83.548 930.672
84.491 931.324
85.41 932.008
86.306 932.722
87.176 933.468
88.02 934.243
88.837 935.047
89.625 935.878
90.385 936.737
91.114 937.62
91.812 938.529
92.479 939.461
93.113 940.415
93.714 941.392
94.28 942.388
94.812 943.402
95.309 944.435
95.769 945.485
96.194 946.549
96.581 947.628
96.931 948.719
97.242 949.821
97.516 950.934
97.751 952.056
97.947 953.185
98.105 954.32
98.222 955.46
98.301 956.603
98.34 957.749
98.339 958.896
98.299 960.041
98.219 961.185
98.1 962.325
97.941 963.459
97.743 964.588
97.507 965.71
97.232 966.822
96.92 967.924
96.569 969.015
96.18 970.093
95.754 971.157
95.293 972.206
94.795 973.238
94.262 974.252
93.694 975.248
93.092 976.223
92.457 977.176
91.789 978.108
91.09 979.016
90.36 979.899
89.599 980.757
88.81 981.587
87.992 982.39
87.147 983.164
86.276 983.908
85.379 984.622
84.459 985.305
83.515 985.955
82.55 986.573
81.564 987.156
80.558 987.705
79.535 988.22
78.493 988.699
77.436 989.141
76.364 989.547
75.28 989.916
74.182 990.246
73.074 990.539
71.957 990.793
70.832 991.009
69.699 991.186
68.561 991.324
67.419 991.422
66.276 991.48
65.129 991.499
49
100.09 948.771
99.764 948.631
99.505 948.387
99.345 948.068
98.864 946.578
98.458 945.471
98.015 944.376
97.537 943.297
97.023 942.234
96.67 941.561
96.267 940.826
95.892 940.162
95.275 939.156
94.625 938.17
94.443 937.794
94.418 937.438
94.52 937.097
94.748 936.803
96.634 935.604
105.468 930.03
105.809 929.878
106.081 929.842
106.454 929.924
106.772 930.143
107.103 930.611
107.767 931.643
108.044 932.088
108.48 932.818
108.842 933.445
109.218 934.116
109.888 935.376
110.295 936.194
110.864 937.396
111.402 938.612
111.907 939.844
112.379 941.087
112.818 942.343
113.223 943.609
113.595 944.886
113.746 945.441
113.871 945.953
113.88 946.245
113.765 946.613
113.518 946.919
113.196 947.103
112.638 947.193
104.437 948.274
101.859 948.602
100.444 948.788
51
26.333 958.16
24.585 958.045
22.3 957.893
15.909 957.478
15.544 957.4
15.304 957.269
15.051 956.983
14.923 956.619
14.929 956.047
14.956 955.466
15.045 954.195
15.181 952.777
15.31 951.726
15.392 951.135
15.54 950.167
15.785 948.794
16.068 947.427
16.388 946.07
16.747 944.722
17.142 943.384
17.574 942.058
18.043 940.744
18.272 940.143
18.472 939.654
18.635 939.413
18.944 939.183
19.325 939.082
19.693 939.121
20.21 939.384
25.481 942.24
26.487 942.793
27.467 943.323
29.746 944.573
31.002 945.254
31.276 945.476
31.458 945.781
31.524 946.131
31.466 946.483
30.98 947.97
30.657 949.105
30.371 950.251
30.124 951.405
29.915 952.567
29.745 953.735
29.613 954.908
29.52 956.085
29.466 957.264
29.393 957.676
29.204 957.978
28.921 958.195
28.564 958.298
49
113.413 967.577
107.287 965.767
106.189 965.436
105.119 965.121
102.631 964.373
101.263 963.967
100.946 963.807
100.705 963.547
100.568 963.218
100.552 962.855
100.684 961.698
100.776 960.521
100.83 959.342
100.844 958.162
100.82 956.981
100.757 955.803
100.655 954.626
100.514 953.455
100.24 951.681
100.298 951.309
100.478 951.002
100.753 950.778
101.091 950.667
104.877 950.122
107.144 949.795
113.483 948.874
113.855 948.874
114.118 948.951
114.425 949.179
114.625 949.507
114.739 950.069
114.833 950.643
115.011 951.906
115.117 952.813
115.199 953.605
115.275 954.508
115.346 955.671
115.401 957.065
115.416 958.459
115.392 959.854
115.33 961.248
115.229 962.639
115.09 964.027
114.912 965.411
114.765 966.383
114.655 966.935
114.457 967.266
114.154 967.502
113.771 967.613
47
19.191 977.632
18.844 977.474
18.579 977.194
18.353 976.668
18.141 976.126
17.706 974.928
17.252 973.578
16.944 972.566
16.555 971.181
16.217 969.828
15.915 968.466
15.653 967.096
15.427 965.719
15.241 964.337
15.093 962.95
14.982 961.559
14.942 960.843
14.922 960.253
14.974 959.965
15.163 959.629
15.291 959.502
15.635 959.309
16.009 959.266
24.633 959.944
27.222 960.159
28.645 960.272
28.988 960.362
29.277 960.566
29.48 960.859
29.571 961.205
29.632 961.87
29.782 963.151
29.962 964.318
30.18 965.478
30.436 966.63
30.73 967.773
31.062 968.906
31.432 970.028
31.838 971.135
32.153 971.923
32.229 972.273
32.179 972.626
32.009 972.938
31.725 973.178
29.631 973.96
19.83 977.576
19.466 977.654
52
105.622 986.517
105.17 986.152
100.609 982.262
99.739 981.513
98.891 980.79
96.922 979.094
95.836 978.166
95.613 977.892
95.498 977.556
95.507 977.2
95.637 976.868
95.979 976.293
96.609 975.168
97.149 974.119
97.655 973.052
98.125 971.969
98.559 970.871
98.956 969.76
99.316 968.636
99.639 967.501
99.847 966.678
99.991 966.35
100.239 966.094
100.561 965.941
100.931 965.914
103.085 966.512
104.77 966.989
106.974 967.612
113.139 969.348
113.48 969.5
113.688 969.678
113.876 970.01
113.926 970.392
113.8 970.952
113.654 971.513
113.302 972.738
113.029 973.612
112.783 974.368
112.485 975.225
112.029 976.446
111.508 977.74
110.951 979.019
110.359 980.282
109.731 981.528
109.07 982.756
108.375 983.966
107.646 985.155
107.257 985.758
106.927 986.248
106.717 986.451
106.367 986.612
105.972 986.631
51
30.644 994.649
30.289 994.501
29.868 994.113
29.472 993.723
28.795 993.025
28.305 992.503
27.855 992.013
27.508 991.624
27.028 991.075
26.261 990.159
25.427 989.113
24.62 988.045
23.843 986.956
23.094 985.847
22.376 984.717
21.688 983.569
21.031 982.404
20.641 981.672
20.257 980.93
20.021 980.42
19.986 980.035
20.093 979.666
20.339 979.351
20.65 979.17
26.668 977.034
27.752 976.655
28.801 976.282
32.603 974.949
32.952 974.893
33.3 974.963
33.606 975.149
33.827 975.425
34.314 976.282
35.021 977.45
35.671 978.436
36.353 979.399
37.065 980.339
37.809 981.256
38.583 982.147
39.386 983.013
40.651 984.287
40.821 984.622
40.857 984.977
40.765 985.32
40.558 985.608
37.813 988.275
36.172 989.872
33.018 992.942
31.587 994.342
31.285 994.561
31.026 994.653
50
90.92 1000.79
90.647 1000.54
90.383 1000.02
87.799 994.614
87.309 993.575
86.828 992.571
85.104 988.931
85.012 988.589
85.044 988.236
85.196 987.914
85.45 987.664
86.717 986.746
87.645 986.018
88.55 985.259
89.428 984.47
90.28 983.653
91.105 982.808
91.901 981.936
92.668 981.039
93.404 980.116
93.706 979.826
94.037 979.693
94.393 979.684
94.742 979.811
96.466 981.234
97.812 982.355
99.572 983.82
104.497 987.913
104.747 988.19
104.866 988.438
104.902 988.818
104.792 989.187
104.45 989.647
104.086 990.101
103.267 991.076
102.662 991.763
102.13 992.354
101.509 993.016
100.498 994.045
99.493 995.012
98.462 995.95
97.405 996.86
96.322 997.741
95.215 998.591
94.086 999.409
92.935 1000.2
92.396 1000.55
91.948 1000.83
91.675 1000.92
91.289 1000.93
49
47.483 1005.37
46.939 1005.16
45.758 1004.68
44.451 1004.12
43.492 1003.67
42.955 1003.41
42.08 1002.97
40.85 1002.31
39.638 1001.62
38.446 1000.9
37.274 1000.14
36.124 999.349
34.996 998.528
33.892 997.675
33.391 997.272
32.988 996.932
32.809 996.702
32.685 996.336
32.679 996.166
32.763 995.771
32.983 995.464
37.614 991.065
38.45 990.279
39.257 989.511
41.15 987.73
42.186 986.746
42.482 986.553
42.828 986.475
43.181 986.52
43.498 986.684
44.762 987.605
45.742 988.264
46.743 988.889
47.765 989.481
48.805 990.038
49.864 990.562
50.939 991.049
52.029 991.501
53.133 991.917
53.503 992.114
53.732 992.388
53.85 992.724
53.838 993.095
53.018 995.174
49.147 1004.88
48.96 1005.2
48.761 1005.39
48.412 1005.54
48.026 1005.55
49
71.861 1007.97
71.542 1007.75
71.319 1007.42
71.242 1007.07
71.071 1000.69
71.046 999.54
71.016 998.425
70.958 995.827
70.921 994.4
70.976 994.05
71.149 993.741
71.419 993.509
71.759 993.381
72.901 993.149
74.048 992.872
75.186 992.559
76.313 992.208
77.428 991.821
78.529 991.396
79.616 990.936
80.687 990.439
82.29 989.631
82.661 989.571
83.01 989.648
83.308 989.84
83.517 990.128
85.206 993.561
86.218 995.616
89.051 1001.36
89.168 1001.71
89.175 1001.99
89.054 1002.35
88.803 1002.64
88.304 1002.92
87.787 1003.19
86.641 1003.75
85.811 1004.13
85.083 1004.45
84.246 1004.8
83.164 1005.23
81.855 1005.71
80.533 1006.16
79.199 1006.57
77.855 1006.94
76.5 1007.27
75.137 1007.57
73.767 1007.83
72.796 1007.99
72.238 1008.05
51
63.358 1008.54
62.38 1008.5
60.988 1008.4
59.6 1008.27
58.216 1008.09
56.837 1007.88
55.464 1007.63
54.099 1007.34
52.743 1007.02
52.049 1006.84
51.48 1006.67
51.223 1006.54
50.962 1006.25
50.821 1005.88
50.822 1005.51
51.03 1004.97
53.319 999.431
53.763 998.373
54.189 997.343
55.194 994.946
55.741 993.626
55.932 993.33
56.216 993.118
56.557 993.015
56.914 993.036
57.565 993.184
58.83 993.436
59.996 993.626
61.165 993.777
62.341 993.889
63.519 993.963
64.699 993.997
65.88 993.992
67.059 993.949
67.906 993.892
68.262 993.927
68.583 994.085
68.827 994.343
68.967 994.687
69.064 996.92
69.132 998.67
69.219 1000.96
69.472 1007.36
69.435 1007.73
69.33 1007.98
69.072 1008.26
68.724 1008.43
68.153 1008.48
67.573 1008.52
66.3 1008.56
65.124 1008.57
