0.3
0.7
256
58.063 1023
58.993 1022.25
59.897 1021.47
60.775 1020.66
61.626 1019.82
62.447 1018.95
63.24 1018.06
64.002 1017.14
64.732 1016.2
65.431 1015.23
66.098 1014.23
66.731 1013.22
67.329 1012.19
67.892 1011.13
68.421 1010.06
68.912 1008.98
69.368 1007.87
69.786 1006.75
70.167 1005.62
70.509 1004.47
70.813 1003.32
71.078 1002.15
71.305 1000.98
71.492 999.802
71.639 998.617
71.747 997.427
71.815 996.234
71.842 995.04
71.831 993.846
71.779 992.652
71.687 991.461
71.556 990.274
71.385 989.092
71.175 987.916
70.926 986.748
70.637 985.588
70.31 984.439
69.945 983.303
69.541 982.178
69.101 981.068
68.625 979.973
68.111 978.893
67.562 977.833
66.977 976.791
66.358 975.769
65.705 974.769
65.02 973.791
64.302 972.836
63.552 971.906
62.772 971.002
61.962 970.124
61.123 969.274
60.256 968.452
59.363 967.659
58.443 966.897
57.498 966.166
56.529 965.467
55.538 964.8
54.525 964.168
53.491 963.569
52.438 963.005
51.367 962.478
50.278 961.985
49.174 961.53
48.055 961.111
46.923 960.731
45.779 960.388
44.623 960.083
43.459 959.818
42.286 959.591
41.107 959.404
39.922 959.256
38.732 959.149
37.539 959.081
36.345 959.053
35.15 959.065
33.957 959.116
32.766 959.207
31.579 959.339
30.396 959.51
29.221 959.719
28.053 959.969
26.894 960.257
25.744 960.584
24.607 960.949
23.482 961.352
22.372 961.792
21.277 962.269
20.198 962.783
19.138 963.332
18.096 963.916
17.074 964.534
16.074 965.187
15.096 965.873
14.141 966.59
13.211 967.339
12.306 968.12
11.429 968.93
10.578 969.768
9.755 970.635
8.963 971.529
8.2 972.448
7.469 973.392
6.771 974.361
6.104 975.352
5.472 976.365
4.873 977.399
4.309 978.452
3.78 979.523
3.288 980.611
2.833 981.716
2.414 982.834
2.033 983.966
1.69 985.11
1.386 986.265
1.12 987.43
0.894 988.603
0.706 989.782
0.558 990.968
0.45 992.157
0.383 993.349
0.354 994.544
0.351 994.798
1.858 994.798
1.876 993.666
1.931 992.558
1.969 992.041
2.024 991.721
2.163 991.469
2.406 991.283
2.688 991.238
3.662 991.352
5.242 991.515
6.199 991.626
7.066 991.715
8.025 991.828
9.601 992
9.966 992.063
10.206 992.255
10.328 992.555
10.288 993.442
10.256 994.477
10.251 994.798
12.003 994.798
12.022 993.824
12.081 992.851
12.18 991.882
12.317 990.918
12.493 989.96
12.709 989.009
12.961 988.069
13.252 987.139
13.581 986.221
13.945 985.318
14.347 984.43
14.784 983.559
15.256 982.707
15.761 981.875
16.3 981.063
16.871 980.274
17.475 979.509
18.108 978.768
18.77 978.055
19.462 977.367
20.179 976.71
20.924 976.08
21.693 975.483
22.485 974.916
23.301 974.382
24.136 973.882
24.991 973.415
25.865 972.984
26.755 972.588
27.66 972.228
28.58 971.906
29.511 971.621
30.454 971.374
31.405 971.164
32.364 970.995
33.33 970.863
34.299 970.77
35.272 970.717
36.246 970.704
37.22 970.729
38.192 970.794
39.161 970.899
40.125 971.043
41.081 971.225
42.03 971.446
42.97 971.704
43.898 972.001
44.813 972.336
45.713 972.706
46.599 973.113
47.467 973.555
48.317 974.032
49.146 974.543
49.954 975.087
50.74 975.663
51.501 976.271
52.237 976.909
52.948 977.576
53.63 978.271
54.283 978.994
54.908 979.741
55.501 980.515
56.062 981.311
56.591 982.128
57.087 982.968
57.548 983.826
57.974 984.702
58.364 985.595
58.718 986.502
59.034 987.423
59.314 988.357
59.555 989.3
59.759 990.253
59.923 991.213
60.049 992.179
60.135 993.15
60.182 994.123
60.189 995.098
60.157 996.071
60.086 997.043
59.975 998.011
59.826 998.974
59.638 999.929
59.411 1000.88
59.147 1001.81
58.844 1002.74
58.504 1003.65
58.129 1004.55
57.716 1005.43
57.268 1006.3
56.786 1007.15
56.27 1007.97
55.721 1008.78
55.139 1009.56
54.527 1010.32
53.885 1011.05
53.213 1011.75
52.514 1012.43
51.787 1013.08
51.035 1013.7
50.259 1014.29
51.289 1015.71
51.527 1015.6
51.754 1015.58
52.036 1015.7
52.553 1016.34
56.556 1021.5
56.67 1021.74
56.663 1022.01
56.539 1022.25
56.221 1022.5
57.108 1023.72
28
37.555 968.994
36.752 968.962
36.19 968.953
35.838 968.902
35.646 968.782
35.487 968.52
35.444 967.698
35.238 961.172
35.289 960.908
35.452 960.695
35.693 960.575
36.57 960.561
37.637 960.592
38.872 960.672
39.173 960.725
39.426 960.864
39.611 961.107
39.656 961.389
39.542 962.363
39.38 963.943
39.268 964.9
39.179 965.767
39.066 966.726
38.894 968.302
38.863 968.537
38.752 968.798
38.498 968.985
38.171 969.035
26
31.718 969.245
31.467 969.069
31.337 968.791
31.213 968.134
29.988 961.72
29.998 961.452
30.125 961.216
30.345 961.06
31.241 960.904
32.267 960.772
33.499 960.658
33.805 960.663
34.076 960.761
34.298 960.972
34.386 961.243
34.426 962.224
34.512 963.81
34.551 964.772
34.599 965.642
34.638 966.607
34.715 968.191
34.71 968.561
34.558 968.828
34.28 968.996
32.702 969.178
32.146 969.257
27
40.785 969.382
40.232 969.286
39.829 969.142
39.645 968.897
39.606 968.593
39.691 967.93
40.509 961.452
40.6 961.199
40.795 961.014
41.052 960.934
41.952 961.062
42.877 961.236
43.371 961.341
43.912 961.462
44.435 961.606
44.694 961.802
44.838 962.072
44.839 962.356
44.574 963.302
44.166 964.836
43.906 965.764
43.682 966.606
43.421 967.536
43.004 969.066
42.885 969.416
42.658 969.623
42.343 969.697
26
27.499 970.11
27.327 969.856
27.102 969.226
24.889 963.083
24.856 962.816
24.945 962.563
25.138 962.375
25.968 962.09
26.901 961.816
27.926 961.547
28.457 961.438
28.777 961.494
29.028 961.668
29.158 961.922
29.351 962.886
29.685 964.439
29.874 965.384
30.058 966.236
30.247 967.182
30.567 968.735
30.623 969.099
30.514 969.388
30.266 969.597
28.736 970.024
28.199 970.188
27.774 970.245
29
46.03 970.936
45.457 970.706
44.703 970.429
44.172 970.247
43.853 970.089
43.707 969.916
43.637 969.618
43.85 968.823
45.671 962.552
45.801 962.317
46.022 962.165
46.288 962.126
47.158 962.393
48.131 962.743
48.667 962.952
49.282 963.198
49.551 963.343
49.749 963.553
49.85 963.842
49.806 964.124
49.396 965.016
48.753 966.467
48.351 967.343
47.998 968.14
47.596 969.017
46.944 970.463
46.843 970.677
46.657 970.892
46.357 970.991
28
23.884 971.823
23.624 971.662
23.212 970.949
20.066 965.227
19.991 964.969
20.04 964.704
20.201 964.488
20.976 964.078
21.939 963.622
23.076 963.131
23.369 963.042
23.657 963.05
23.933 963.182
24.1 963.412
24.442 964.334
25.013 965.815
25.349 966.719
25.662 967.532
25.998 968.437
26.559 969.92
26.639 970.143
26.659 970.426
26.518 970.709
26.248 970.901
25.681 971.145
24.951 971.48
24.446 971.726
24.19 971.836
27
49.793 972.856
49.11 972.467
48.41 972.076
47.914 971.812
47.574 971.551
47.475 971.261
47.532 970.96
47.818 970.356
50.597 964.447
50.762 964.235
51.005 964.119
51.274 964.122
52.089 964.523
52.998 965.02
54.063 965.65
54.306 965.835
54.469 966.074
54.524 966.374
54.436 966.646
53.892 967.462
53.03 968.796
52.495 969.598
52.022 970.33
51.487 971.133
50.617 972.459
50.397 972.757
50.116 972.883
26
20.291 973.975
20.049 973.787
19.641 973.258
15.638 968.099
15.524 967.855
15.53 967.587
15.655 967.349
16.382 966.803
17.237 966.22
18.282 965.558
18.558 965.424
18.843 965.386
19.137 965.474
19.339 965.676
19.82 966.533
20.616 967.906
21.089 968.746
21.525 969.5
21.999 970.342
22.785 971.718
22.95 972.049
22.935 972.358
22.764 972.632
21.441 973.512
20.981 973.833
20.594 974.018
28
52.917 975.174
52.443 974.779
51.813 974.281
51.364 973.944
51.109 973.695
51.024 973.485
51.05 973.18
51.497 972.49
55.167 967.089
55.363 966.905
55.62 966.829
55.886 966.874
56.629 967.398
57.448 968.03
58.401 968.819
58.613 969.041
58.737 969.301
58.743 969.607
58.615 969.861
57.948 970.583
56.888 971.765
56.235 972.474
55.654 973.122
55 973.833
53.933 975.006
53.771 975.178
53.527 975.324
53.212 975.327
26
16.96 976.556
16.473 976.097
11.713 971.628
11.562 971.405
11.526 971.139
11.613 970.884
12.247 970.232
12.93 969.585
13.721 968.881
14.145 968.542
14.456 968.448
14.759 968.488
14.989 968.656
15.599 969.427
16.6 970.659
17.198 971.415
17.747 972.091
18.347 972.848
19.338 974.085
19.553 974.385
19.587 974.692
19.461 974.991
18.291 976.066
17.888 976.456
17.535 976.698
17.228 976.703
26
55.903 978.162
54.828 976.992
54.438 976.589
54.196 976.236
54.192 975.929
54.339 975.661
54.797 975.174
59.267 970.414
59.489 970.263
59.755 970.227
60.01 970.314
60.663 970.947
61.372 971.7
62.19 972.628
62.365 972.88
62.446 973.157
62.406 973.46
62.239 973.69
61.467 974.3
60.235 975.301
59.48 975.899
58.803 976.448
58.046 977.048
56.809 978.039
56.509 978.254
56.202 978.288
25
14.342 979.774
8.388 975.727
8.204 975.532
8.128 975.274
8.173 975.009
8.677 974.291
9.271 973.519
9.942 972.7
10.309 972.299
10.6 972.158
10.906 972.151
11.16 972.279
11.882 972.946
13.064 974.006
13.773 974.659
14.421 975.241
15.132 975.895
16.305 976.962
16.564 977.225
16.645 977.523
16.567 977.837
15.581 979.082
15.243 979.531
14.932 979.824
14.63 979.877
28
58.391 981.569
58.158 981.332
57.829 980.81
57.383 980.142
57.061 979.682
56.913 979.445
56.878 979.141
56.996 978.858
57.637 978.341
62.796 974.339
63.04 974.225
63.307 974.231
63.546 974.356
64.09 975.084
64.675 975.938
65.336 976.983
65.47 977.259
65.508 977.544
65.42 977.838
65.219 978.04
64.362 978.521
62.988 979.317
62.148 979.79
61.394 980.226
60.553 980.699
59.176 981.486
58.968 981.6
58.692 981.664
28
12.259 983.362
11.655 983.076
5.746 980.297
5.534 980.132
5.418 979.89
5.421 979.621
5.821 978.804
6.319 977.897
6.61 977.4
6.949 976.832
7.135 976.588
7.373 976.425
7.674 976.37
7.945 976.458
8.762 977.003
10.095 977.865
10.897 978.399
11.629 978.872
12.432 979.407
13.758 980.277
14.056 980.497
14.182 980.778
14.155 981.101
13.766 981.784
13.375 982.485
13.111 982.981
12.85 983.32
12.56 983.419
26
60.32 985.309
60.075 985.096
59.414 983.652
59.168 983.147
59.045 982.737
59.136 982.444
59.359 982.234
59.945 981.913
65.668 978.767
65.926 978.692
66.19 978.74
66.406 978.902
66.831 979.706
67.272 980.64
67.763 981.777
67.853 982.07
67.844 982.358
67.712 982.634
67.482 982.801
66.56 983.143
65.079 983.714
64.175 984.05
63.362 984.363
62.457 984.699
60.974 985.26
60.622 985.371
26
10.764 987.232
3.851 985.223
3.616 985.093
3.464 984.872
3.425 984.606
3.693 983.738
4.009 982.85
4.394 981.864
4.618 981.37
4.852 981.145
5.141 981.044
5.423 981.088
6.315 981.498
7.766 982.141
8.642 982.543
9.439 982.896
10.316 983.298
11.762 983.95
12.09 984.121
12.259 984.379
12.282 984.702
12.005 985.437
11.728 986.191
11.546 986.722
11.341 987.098
11.071 987.241
28
61.645 989.289
61.387 989.106
61.24 988.809
61.087 988.21
60.87 987.437
60.706 986.9
60.639 986.63
60.699 986.329
60.899 986.097
61.668 985.803
67.811 983.59
68.078 983.557
68.331 983.646
68.519 983.839
68.814 984.7
69.103 985.692
69.41 986.891
69.453 987.194
69.4 987.478
69.226 987.729
68.973 987.859
68.009 988.052
66.455 988.386
65.511 988.574
64.659 988.758
63.712 988.947
62.16 989.268
61.928 989.313
29
9.229 991.203
2.751 990.385
2.498 990.294
2.313 990.099
2.233 989.842
2.356 988.974
2.535 988.017
2.64 987.523
2.761 986.983
2.905 986.46
3.101 986.201
3.371 986.056
3.655 986.055
4.601 986.321
6.135 986.728
7.063 986.988
7.905 987.212
8.835 987.473
10.365 987.89
10.592 987.957
10.833 988.108
10.978 988.388
10.975 988.719
10.838 989.321
10.681 990.109
10.585 990.662
10.479 991.002
10.331 991.173
10.047 991.289
26
62.333 993.411
62.066 993.259
61.899 992.981
61.717 991.403
61.637 990.847
61.65 990.419
61.825 990.168
62.103 990.038
62.76 989.914
69.174 988.689
69.443 988.698
69.679 988.826
69.835 989.046
69.989 989.941
70.122 990.968
70.237 992.2
70.231 992.506
70.134 992.777
69.922 992.999
69.652 993.087
68.671 993.127
67.085 993.213
66.122 993.252
65.252 993.3
64.288 993.339
62.703 993.416
28
68.531 998.243
66.951 998.081
65.994 997.969
65.128 997.88
64.169 997.767
62.593 997.595
62.358 997.564
62.096 997.453
61.909 997.199
61.86 996.872
61.9 996.256
61.932 995.453
61.941 994.891
61.993 994.539
62.112 994.347
62.374 994.188
63.196 994.145
69.723 993.939
69.987 993.99
70.199 994.153
70.319 994.394
70.333 995.303
70.302 996.338
70.222 997.573
70.169 997.874
70.03 998.127
69.788 998.312
69.506 998.357
28
67.592 1003.27
66.058 1002.87
65.13 1002.61
64.288 1002.38
63.358 1002.12
61.828 1001.71
61.478 1001.59
61.271 1001.36
61.198 1001.04
61.356 1000.27
61.512 999.486
61.608 998.933
61.752 998.53
61.997 998.346
62.301 998.307
62.964 998.392
69.442 999.21
69.695 999.301
69.88 999.496
69.961 999.753
69.837 1000.62
69.64 1001.67
69.516 1002.23
69.368 1002.88
69.269 1003.17
69.092 1003.39
68.823 1003.54
68.538 1003.54
30
66.771 1008.51
65.879 1008.1
64.427 1007.45
63.551 1007.05
62.755 1006.7
61.877 1006.3
60.432 1005.64
60.218 1005.54
60.003 1005.36
59.903 1005.06
59.958 1004.73
60.188 1004.16
60.465 1003.4
60.648 1002.87
60.805 1002.55
60.979 1002.41
61.277 1002.34
62.071 1002.55
67.331 1004.07
68.342 1004.37
68.578 1004.5
68.73 1004.72
68.769 1004.99
68.5 1005.86
68.152 1006.83
67.943 1007.37
67.697 1007.98
67.551 1008.25
67.341 1008.45
67.052 1008.55
27
64.249 1013.14
63.432 1012.59
62.099 1011.73
61.296 1011.2
60.564 1010.72
59.761 1010.19
58.435 1009.32
58.138 1009.1
58.011 1008.82
58.038 1008.49
58.427 1007.81
58.819 1007.11
59.083 1006.62
59.343 1006.27
59.633 1006.18
59.934 1006.23
60.538 1006.52
66.447 1009.3
66.659 1009.46
66.775 1009.71
66.772 1009.98
66.372 1010.79
65.874 1011.7
65.245 1012.76
65.059 1013.01
64.821 1013.17
64.52 1013.23
28
61.033 1017.32
60.312 1016.65
59.13 1015.59
58.42 1014.94
57.772 1014.36
57.062 1013.7
55.889 1012.63
55.717 1012.47
55.57 1012.23
55.567 1011.91
55.721 1011.62
56.116 1011.14
56.613 1010.51
56.95 1010.07
57.199 1009.81
57.409 1009.73
57.714 1009.75
58.404 1010.2
63.805 1013.87
63.989 1014.06
64.065 1014.32
64.02 1014.59
63.516 1015.3
62.922 1016.08
62.251 1016.89
61.885 1017.3
61.593 1017.44
61.288 1017.44
26
57.435 1021.11
57.204 1020.94
56.594 1020.17
55.593 1018.94
54.995 1018.18
54.446 1017.5
53.846 1016.75
52.855 1015.51
52.641 1015.21
52.606 1014.9
52.732 1014.6
53.902 1013.53
54.306 1013.14
54.659 1012.9
54.965 1012.89
55.233 1013.04
55.72 1013.5
60.481 1017.97
60.631 1018.19
60.667 1018.46
60.58 1018.71
59.947 1019.36
59.263 1020.01
58.473 1020.71
58.048 1021.05
57.738 1021.15
