0.3
0.7
1041
56.404 1016.32
56.78 1015.65
57.052 1015.19
57.707 1014.17
58.412 1013.19
59.164 1012.24
59.96 1011.32
60.801 1010.45
61.682 1009.62
62.603 1008.83
63.559 1008.08
64.551 1007.39
65.576 1006.74
66.63 1006.14
67.712 1005.59
68.819 1005.1
69.95 1004.66
71.1 1004.27
72.266 1003.95
73.447 1003.67
74.641 1003.46
75.843 1003.3
77.051 1003.2
78.263 1003.16
79.475 1003.18
80.685 1003.26
81.89 1003.39
83.087 1003.58
84.273 1003.83
85.446 1004.14
86.603 1004.5
87.741 1004.92
88.857 1005.39
89.949 1005.92
91.015 1006.5
92.051 1007.13
93.056 1007.81
94.027 1008.53
94.962 1009.31
95.858 1010.12
96.714 1010.98
97.528 1011.88
98.297 1012.82
98.379 1012.91
100.517 1010.79
99.718 1009.83
99.519 1009.51
99.455 1009.13
99.534 1008.79
99.823 1008.32
100.5 1007.26
100.811 1006.76
101.356 1005.87
102.054 1004.7
102.539 1003.86
103.734 1001.74
104.671 1000.04
105.734 998.142
106.25 997.246
106.687 996.499
107.108 995.806
107.759 994.784
108.304 993.977
108.636 993.513
109.035 992.978
109.461 992.439
109.916 991.893
110.674 991.067
111.368 990.367
112.076 989.714
112.72 989.167
113.355 988.67
113.998 988.203
114.653 987.763
115.337 987.332
116.037 986.922
116.743 986.531
117.313 986.228
117.851 985.952
118.574 985.592
119.615 985.083
120.729 984.523
121.697 984.017
122.184 983.751
123.119 983.226
124.049 982.672
124.966 982.088
125.791 981.524
126.643 980.9
127.365 980.341
128.068 979.768
128.56 979.346
129.497 978.503
130.051 977.977
130.572 977.457
130.986 977.03
131.439 976.552
131.975 975.965
132.548 975.317
132.938 974.861
133.592 974.077
134.161 973.376
134.868 972.48
137.055 969.627
139.8 966.133
140.286 965.495
140.713 964.923
141.02 964.499
141.312 964.081
141.408 963.934
140.526 963.08
140.007 962.59
139.344 961.976
138.658 961.352
138.499 961.214
138.239 961.737
137.955 962.268
137.645 962.798
137.312 963.332
136.955 963.873
136.576 964.418
136.182 964.967
135.84 965.429
135.148 966.34
134.619 967.023
133.55 968.378
132.566 969.592
131.819 970.495
131.319 971.084
130.811 971.668
129.774 972.806
129.057 973.565
128.315 974.323
127.877 974.752
127.443 975.164
126.568 975.965
125.682 976.732
125.158 977.155
124.085 978.006
123 978.816
121.998 979.517
121.097 980.114
120.19 980.688
119.283 981.238
118.801 981.51
117.683 982.155
117.234 982.426
116.415 982.878
115.318 983.511
114.51 983.992
113.719 984.483
113.211 984.812
112.711 985.151
112.22 985.499
111.599 985.965
110.993 986.451
110.399 986.962
109.816 987.499
109.252 988.058
108.702 988.642
108.168 989.252
107.63 989.912
107.144 990.549
106.677 991.202
106.226 991.869
105.899 992.378
105.579 992.895
104.972 993.924
104.581 994.615
104.209 995.292
103.745 996.157
102.956 997.66
102.639 998.282
101.971 999.576
101.092 1001.24
100.493 1002.35
99.91 1003.4
99.148 1004.72
98.449 1005.88
98.1 1006.44
97.896 1006.68
97.631 1006.84
97.327 1006.92
97.012 1006.92
96.63 1006.78
95.557 1005.93
94.503 1005.16
93.656 1004.6
93.398 1004.38
93.228 1004.06
93.182 1003.7
93.332 1003.12
93.683 1001.91
93.841 1001.34
94.113 1000.34
94.452 999.017
94.683 998.077
95.232 995.704
95.653 993.814
96.137 991.69
96.379 990.684
96.589 989.844
96.797 989.061
97.133 987.897
97.429 986.97
97.617 986.431
97.849 985.805
98.106 985.167
98.39 984.515
98.883 983.51
99.352 982.642
99.847 981.816
100.311 981.109
100.78 980.454
101.266 979.825
101.77 979.218
102.306 978.614
102.861 978.023
103.43 977.448
103.891 976.997
104.328 976.582
104.921 976.033
105.777 975.249
106.688 974.4
107.102 973.994
107.474 973.642
107.866 973.248
108.616 972.48
109.351 971.686
110.066 970.867
110.7 970.093
111.341 969.255
111.877 968.517
112.389 967.768
112.742 967.224
113.404 966.151
113.787 965.49
114.142 964.845
114.418 964.321
114.718 963.734
115.067 963.02
115.434 962.237
115.679 961.688
116.087 960.752
116.435 959.918
116.86 958.859
117.198 957.997
118.156 955.506
119.804 951.38
120.092 950.631
120.34 949.961
120.516 949.469
120.677 948.985
120.729 948.817
119.641 948.247
119.006 947.923
118.196 947.52
117.362 947.114
117.171 947.026
117.069 947.601
116.945 948.191
116.798 948.787
116.629 949.394
116.438 950.013
116.228 950.643
116.005 951.28
115.605 952.357
115.085 953.692
114.441 955.295
113.839 956.737
113.377 957.814
113.062 958.521
112.74 959.223
112.065 960.607
111.591 961.537
111.093 962.474
110.793 963.008
110.494 963.526
109.878 964.541
109.245 965.527
108.859 966.08
108.071 967.199
107.257 968.283
106.495 969.236
105.799 970.064
105.09 970.87
104.375 971.653
103.987 972.051
103.096 972.985
102.743 973.371
102.085 974.035
101.21 974.951
100.569 975.642
99.95 976.333
99.556 976.793
99.171 977.259
98.798 977.732
98.334 978.353
97.888 978.992
97.463 979.649
97.055 980.328
96.672 981.023
96.309 981.739
95.968 982.475
95.637 983.259
95.351 984.007
95.087 984.765
94.842 985.532
94.671 986.113
94.51 986.698
94.218 987.858
94.035 988.631
93.869 989.386
93.667 990.346
93.334 992.01
93.207 992.696
92.93 994.127
92.557 995.972
92.294 997.203
92.029 998.374
91.671 999.858
91.327 1001.17
91.152 1001.8
91.021 1002.09
90.813 1002.32
90.545 1002.49
90.241 1002.57
89.834 1002.54
88.527 1002.01
87.299 1001.58
86.366 1001.29
86.026 1001.12
85.771 1000.85
85.653 1000.51
85.64 999.96
85.636 998.701
85.627 998.112
85.604 997.069
85.558 995.708
85.515 994.741
85.373 992.309
85.245 990.377
85.111 988.203
85.059 987.17
85.025 986.304
85.004 985.494
84.999 984.283
85.022 983.309
85.049 982.739
85.096 982.074
85.162 981.39
85.251 980.685
85.44 979.58
85.646 978.615
85.889 977.683
86.135 976.874
86.4 976.114
86.689 975.373
87.002 974.648
87.345 973.918
87.712 973.195
88.096 972.484
88.411 971.92
88.713 971.399
89.128 970.705
89.728 969.712
90.362 968.64
90.646 968.135
90.904 967.691
91.17 967.203
91.672 966.255
92.154 965.286
92.61 964.3
93 963.379
93.379 962.395
93.684 961.534
93.965 960.67
94.15 960.05
94.483 958.834
94.665 958.091
94.823 957.372
94.94 956.792
95.062 956.144
95.197 955.361
95.328 954.506
95.409 953.91
95.536 952.897
95.635 951.998
95.745 950.863
96.043 947.281
96.463 942.857
96.527 942.057
96.577 941.346
96.607 940.824
96.626 940.313
96.627 940.138
95.423 939.898
94.722 939.766
93.832 939.608
92.918 939.453
92.71 939.423
92.775 940.002
92.822 940.604
92.848 941.217
92.857 941.847
92.848 942.495
92.824 943.159
92.789 943.832
92.709 944.978
92.587 946.406
92.42 948.126
92.248 949.678
92.108 950.842
92.005 951.609
91.894 952.373
91.637 953.891
91.445 954.917
91.23 955.957
91.093 956.554
90.951 957.135
90.647 958.282
90.317 959.407
90.103 960.047
89.661 961.342
89.187 962.611
88.723 963.739
88.288 964.731
87.835 965.704
87.37 966.657
87.111 967.147
86.518 968.294
86.288 968.764
85.844 969.587
85.263 970.712
84.842 971.555
84.444 972.394
84.194 972.946
83.956 973.501
83.732 974.06
83.462 974.788
83.214 975.525
82.99 976.276
82.791 977.043
82.619 977.817
82.472 978.607
82.353 979.408
82.256 980.254
82.192 981.052
82.152 981.854
82.134 982.659
82.134 983.265
82.143 983.872
82.188 985.067
82.233 985.859
82.286 986.63
82.363 987.609
82.512 989.299
82.583 989.994
82.721 991.444
82.882 993.32
82.977 994.576
83.053 995.774
83.127 997.298
83.166 998.651
83.177 999.313
83.132 999.62
82.998 999.903
82.787 1000.14
82.418 1000.34
82.12 1000.39
80.719 1000.25
79.376 1000.18
78.438 1000.16
78.067 1000.1
77.745 999.908
77.537 999.623
77.369 999.096
77.01 997.888
76.522 996.331
76.094 995.038
75.779 994.123
74.959 991.83
74.29 990.012
73.549 987.963
73.21 986.987
72.931 986.168
72.684 985.395
72.337 984.234
72.084 983.294
71.951 982.739
71.808 982.087
71.679 981.412
71.565 980.71
71.436 979.597
71.361 978.613
71.331 977.65
71.339 976.805
71.38 976
71.448 975.208
71.544 974.425
71.668 973.628
71.816 972.83
71.984 972.04
72.128 971.411
72.271 970.825
72.473 970.042
72.769 968.921
73.076 967.713
73.206 967.149
73.328 966.65
73.446 966.108
73.661 965.057
73.85 963.991
74.01 962.916
74.125 961.922
74.211 960.871
74.261 959.959
74.287 959.051
74.291 958.404
74.267 957.143
74.233 956.38
74.181 955.646
74.131 955.055
74.065 954.4
73.973 953.61
73.859 952.753
73.769 952.159
73.605 951.151
73.448 950.261
73.232 949.14
72.141 943.735
71.665 941.256
71.503 940.473
71.35 939.774
71.231 939.265
71.106 938.771
71.058 938.602
69.834 938.708
68.226 938.878
67.305 938.99
67.097 939.018
67.323 939.558
67.537 940.12
67.735 940.701
67.921 941.302
68.095 941.927
68.259 942.57
68.416 943.228
68.662 944.35
68.777 944.908
68.946 945.753
69.271 947.45
69.543 948.989
69.737 950.145
69.854 950.909
69.963 951.674
70.144 953.202
70.249 954.242
70.335 955.3
70.372 955.911
70.4 956.509
70.432 957.695
70.432 958.867
70.407 959.541
70.348 960.909
70.25 962.26
70.123 963.476
69.985 964.547
69.824 965.609
69.646 966.654
69.536 967.197
69.291 968.464
69.202 968.981
69.008 969.894
68.768 971.139
68.602 972.066
68.455 972.982
68.371 973.583
68.299 974.183
68.241 974.783
68.187 975.556
68.157 976.334
68.154 977.117
68.179 977.909
68.232 978.701
68.314 979.5
68.425 980.303
68.57 981.141
68.734 981.925
68.921 982.706
69.13 983.484
69.301 984.064
69.482 984.644
69.861 985.778
70.127 986.526
70.395 987.25
70.746 988.167
71.364 989.748
71.628 990.394
72.169 991.747
72.852 993.501
73.296 994.679
73.708 995.808
74.208 997.249
74.626 998.536
74.823 999.168
74.866 999.477
74.818 999.784
74.681 1000.07
74.47 1000.3
74.113 1000.5
72.689 1000.77
71.38 1001.08
70.515 1001.32
70.142 1001.37
69.779 1001.27
69.499 1001.05
69.189 1000.6
68.505 999.539
68.18 999.048
67.598 998.183
66.823 997.062
66.263 996.272
64.83 994.304
63.675 992.747
62.387 990.99
61.29 989.442
60.834 988.771
60.173 987.754
59.667 986.923
59.382 986.428
59.062 985.843
58.748 985.232
58.441 984.591
58.003 983.559
57.654 982.636
57.354 981.721
57.124 980.907
56.936 980.123
56.779 979.345
56.65 978.566
56.544 977.766
56.461 976.959
56.4 976.153
56.361 975.51
56.333 974.907
56.306 974.099
56.274 972.939
56.229 971.694
56.195 971.117
56.171 970.604
56.132 970.05
56.042 968.981
55.923 967.905
55.773 966.828
55.603 965.843
55.39 964.809
55.182 963.92
54.951 963.042
54.772 962.42
54.395 961.217
54.146 960.495
53.891 959.805
53.675 959.252
53.427 958.641
53.116 957.91
52.764 957.119
52.511 956.575
52.071 955.653
51.669 954.844
51.146 953.829
49.461 950.655
47.421 946.706
47.045 946
46.701 945.374
46.444 944.918
46.184 944.479
46.09 944.331
44.947 944.778
44.287 945.047
43.452 945.394
42.599 945.76
42.408 945.847
42.776 946.3
43.14 946.78
43.494 947.281
43.842 947.806
44.185 948.356
44.524 948.928
44.859 949.514
45.138 950.017
45.411 950.52
46.079 951.787
46.869 953.325
48.076 955.778
48.404 956.478
48.723 957.182
49.328 958.597
49.72 959.565
50.102 960.556
50.31 961.133
50.505 961.698
50.869 962.827
51.199 963.952
51.366 964.604
51.694 965.934
51.981 967.258
52.202 968.46
52.371 969.527
52.516 970.591
52.64 971.644
52.687 972.196
52.809 973.481
52.869 974.002
52.94 974.933
53.06 976.195
53.162 977.131
53.279 978.053
53.368 978.652
53.468 979.248
53.581 979.839
53.748 980.598
53.938 981.351
54.156 982.104
54.402 982.857
54.677 983.601
54.98 984.345
55.313 985.085
55.689 985.848
56.067 986.554
56.467 987.25
56.886 987.937
57.213 988.447
57.55 988.952
58.235 989.932
58.7 990.575
59.161 991.195
59.756 991.976
60.795 993.319
61.23 993.865
62.129 995.01
63.28 996.502
64.038 997.506
64.75 998.473
65.636 999.715
66.4 1000.83
66.766 1001.38
66.896 1001.67
66.936 1001.98
66.885 1002.29
66.685 1002.66
66.461 1002.86
65.135 1003.54
63.966 1004.21
63.239 1004.66
62.895 1004.81
62.519 1004.82
62.191 1004.69
61.764 1004.34
60.809 1003.52
60.359 1003.14
59.556 1002.47
58.497 1001.62
57.738 1001.02
55.808 999.531
54.262 998.363
52.531 997.04
51.719 996.403
51.041 995.863
50.415 995.348
49.495 994.558
48.775 993.904
48.362 993.51
47.891 993.038
47.417 992.54
46.942 992.011
46.232 991.145
45.638 990.357
45.092 989.564
44.64 988.847
44.238 988.149
43.869 987.446
43.526 986.735
43.199 985.997
42.892 985.246
42.605 984.491
42.387 983.884
42.19 983.313
41.937 982.545
41.58 981.442
41.185 980.26
40.99 979.716
40.823 979.23
40.629 978.71
40.242 977.709
39.825 976.711
39.378 975.72
38.937 974.823
38.441 973.891
37.99 973.096
37.521 972.319
37.175 971.772
36.474 970.725
36.032 970.102
35.592 969.511
35.229 969.041
34.82 968.525
34.315 967.911
33.755 967.252
33.36 966.801
32.676 966.041
32.063 965.378
31.275 964.551
28.388 961.588
25.694 958.766
25.135 958.194
24.629 957.69
24.254 957.325
23.881 956.978
23.749 956.861
22.779 957.614
22.22 958.057
21.517 958.625
20.802 959.217
20.643 959.354
21.123 959.685
21.609 960.042
22.089 960.424
22.571 960.83
23.055 961.261
23.541 961.714
24.027 962.181
24.437 962.586
25.24 963.401
25.84 964.02
27.03 965.272
28.091 966.419
28.879 967.287
29.391 967.866
29.896 968.451
30.875 969.637
31.524 970.456
32.169 971.299
32.531 971.794
32.877 972.282
33.545 973.262
34.179 974.249
34.523 974.828
35.212 976.01
35.86 977.2
36.41 978.291
36.874 979.268
37.312 980.248
37.728 981.224
37.929 981.739
38.408 982.938
38.613 983.421
38.944 984.294
39.414 985.473
39.775 986.34
40.147 987.192
40.401 987.742
40.666 988.286
40.94 988.821
41.314 989.502
41.709 990.172
42.13 990.833
42.579 991.486
43.051 992.123
43.552 992.751
44.079 993.367
44.655 993.992
45.217 994.564
45.796 995.119
46.393 995.66
46.85 996.057
47.315 996.447
48.248 997.194
48.877 997.68
49.494 998.144
50.285 998.727
51.659 999.722
52.231 1000.12
53.416 1000.97
54.94 1002.08
55.951 1002.83
56.907 1003.55
58.107 1004.5
59.154 1005.35
59.661 1005.78
59.865 1006.01
59.99 1006.3
60.029 1006.61
59.978 1006.92
59.784 1007.28
58.673 1008.34
57.743 1009.31
57.199 1009.92
56.912 1010.16
56.556 1010.27
56.203 1010.24
55.694 1010.02
54.547 1009.5
54.008 1009.27
53.049 1008.86
51.792 1008.33
50.895 1007.97
48.625 1007.09
46.813 1006.4
44.779 1005.62
43.819 1005.24
43.018 1004.91
42.272 1004.59
41.167 1004.1
40.292 1003.67
39.784 1003.41
39.199 1003.09
38.604 1002.74
37.999 1002.37
37.074 1001.74
36.282 1001.15
35.534 1000.54
34.901 999.984
34.319 999.427
33.765 998.856
33.237 998.271
32.714 997.654
32.209 997.021
31.722 996.377
31.338 995.856
30.989 995.364
29.878 993.74
29.167 992.718
28.825 992.25
28.529 991.831
28.195 991.387
27.542 990.536
26.86 989.695
26.151 988.87
25.475 988.134
24.737 987.38
24.081 986.744
23.413 986.13
22.925 985.704
21.958 984.896
21.359 984.423
20.77 983.98
20.29 983.631
19.751 983.252
19.096 982.804
18.373 982.329
17.864 982.008
16.995 981.472
16.219 981.009
15.232 980.437
11.626 978.407
8.247 976.458
7.548 976.068
6.92 975.727
6.458 975.482
6.001 975.254
5.842 975.179
5.123 976.174
4.713 976.758
4.198 977.501
3.679 978.269
3.565 978.445
4.433 978.748
4.938 978.943
5.452 979.158
5.978 979.394
6.519 979.651
7.01 979.893
7.609 980.205
8.116 980.478
8.618 980.754
9.865 981.46
11.36 982.324
12.701 983.126
13.702 983.737
14.356 984.148
15.005 984.567
16.28 985.432
17.133 986.033
17.99 986.66
18.476 987.033
18.945 987.403
19.863 988.156
20.748 988.924
21.241 989.384
22.237 990.325
23.194 991.283
24.028 992.174
24.748 992.981
25.445 993.797
26.119 994.616
26.458 995.056
27.255 996.069
27.587 996.476
28.151 997.222
28.933 998.219
29.525 998.951
30.122 999.661
30.521 1000.12
30.928 1000.56
31.342 1001
31.892 1001.55
32.46 1002.08
33.05 1002.6
33.664 1003.1
34.297 1003.58
34.955 1004.03
35.634 1004.48
36.363 1004.92
37.063 1005.31
37.776 1005.68
38.501 1006.03
39.051 1006.28
39.608 1006.52
40.713 1006.98
41.452 1007.27
42.176 1007.54
43.099 1007.88
44.698 1008.44
45.359 1008.66
46.735 1009.14
48.509 1009.77
49.69 1010.21
50.812 1010.64
52.192 1011.19
53.476 1011.73
54.083 1012
54.393 1012.22
54.611 1012.52
54.707 1012.91
54.676 1013.27
54.427 1013.75
53.814 1014.81
53.555 1015.29
55.725 1016.65
56.105 1016.88
