0.3
0.7
190
66.845 992.294
67.969 992.219
69.088 992.107
70.204 991.96
71.314 991.774
72.417 991.553
73.513 991.295
74.599 991
75.675 990.669
76.739 990.304
77.791 989.903
78.829 989.468
79.852 988.999
80.858 988.496
81.848 987.96
82.82 987.391
83.771 986.791
84.703 986.159
85.614 985.497
86.502 984.806
87.366 984.086
88.207 983.337
89.021 982.561
89.81 981.758
90.573 980.93
91.306 980.077
92.012 979.2
92.688 978.3
93.335 977.379
93.95 976.436
94.534 975.474
95.085 974.493
95.604 973.494
96.09 972.479
96.541 971.448
96.959 970.403
97.341 969.344
97.689 968.274
98.001 967.193
98.276 966.102
98.516 965.002
98.72 963.895
98.886 962.782
99.016 961.664
99.108 960.542
99.164 959.418
99.182 958.293
99.163 957.168
99.106 956.043
99.013 954.922
98.883 953.804
98.716 952.691
98.514 951.584
98.273 950.485
97.997 949.394
97.684 948.312
97.336 947.243
96.953 946.184
96.535 945.139
96.082 944.109
95.596 943.094
95.021 941.988
94.52 941.108
93.94 940.153
93.324 939.211
92.677 938.29
92 937.39
91.295 936.514
90.559 935.661
89.797 934.834
89.007 934.032
88.192 933.256
87.351 932.508
86.486 931.788
85.598 931.097
84.688 930.436
83.755 929.805
82.802 929.206
81.831 928.638
80.841 928.102
79.833 927.6
78.811 927.132
77.772 926.696
76.72 926.297
75.655 925.931
74.579 925.601
73.493 925.308
72.398 925.05
71.294 924.828
70.184 924.644
69.068 924.495
67.948 924.384
66.825 924.31
65.7 924.274
64.575 924.274
63.45 924.312
62.327 924.387
61.208 924.499
60.092 924.646
58.982 924.832
57.878 925.053
56.783 925.311
55.697 925.606
54.621 925.937
53.557 926.302
52.505 926.703
51.467 927.138
50.444 927.607
49.438 928.11
48.448 928.646
47.476 929.215
46.525 929.815
45.593 930.447
44.682 931.109
43.794 931.8
42.929 932.52
42.089 933.269
41.274 934.045
40.486 934.848
39.723 935.676
38.99 936.529
38.284 937.406
37.607 938.306
36.961 939.227
36.346 940.17
35.762 941.132
35.211 942.113
34.692 943.112
34.206 944.127
33.755 945.158
33.337 946.203
32.955 947.262
32.607 948.332
32.295 949.413
32.02 950.504
31.78 951.604
31.576 952.711
31.41 953.824
31.28 954.942
31.188 956.064
31.132 957.188
31.114 958.313
31.133 959.438
31.189 960.563
31.283 961.684
31.413 962.802
31.58 963.915
31.782 965.022
32.022 966.121
32.299 967.212
32.612 968.294
32.96 969.363
33.343 970.422
33.761 971.467
34.213 972.497
34.7 973.512
35.279 974.62
35.72 975.401
36.356 976.453
36.972 977.395
37.619 978.316
38.295 979.216
39.001 980.092
39.737 980.945
40.499 981.772
41.289 982.574
42.104 983.35
42.945 984.098
43.81 984.818
44.698 985.509
45.608 986.17
46.541 986.801
47.494 987.4
48.465 987.968
49.455 988.504
50.462 989.006
51.485 989.474
52.524 989.91
53.576 990.309
54.64 990.675
55.716 991.005
56.803 991.298
57.898 991.556
59.002 991.778
60.112 991.962
61.228 992.111
62.348 992.222
63.471 992.296
64.596 992.332
65.721 992.332
163
63.711 984.987
62.681 984.912
61.655 984.796
60.635 984.642
59.621 984.448
58.615 984.215
57.619 983.943
56.635 983.633
55.663 983.286
54.705 982.9
53.763 982.479
52.838 982.021
51.931 981.527
51.044 981
50.178 980.438
49.335 979.843
48.514 979.216
47.719 978.558
46.95 977.87
46.208 977.153
45.494 976.407
44.81 975.635
44.156 974.836
43.533 974.013
42.943 973.166
42.385 972.298
41.862 971.408
41.217 970.2
40.775 969.267
40.371 968.318
40.002 967.353
39.671 966.376
39.378 965.386
39.124 964.385
38.909 963.375
38.733 962.358
38.596 961.335
38.499 960.308
38.441 959.277
38.423 958.244
38.446 957.213
38.508 956.182
38.609 955.155
38.75 954.132
38.931 953.116
39.151 952.107
39.41 951.108
39.707 950.119
40.042 949.143
40.414 948.18
40.824 947.232
41.27 946.302
41.751 945.389
42.267 944.494
42.817 943.621
43.401 942.769
44.017 941.942
44.665 941.137
45.344 940.36
46.051 939.608
46.788 938.884
47.551 938.19
48.341 937.526
49.156 936.892
49.995 936.29
50.857 935.722
51.739 935.186
52.642 934.686
53.563 934.22
54.502 933.791
55.457 933.399
56.426 933.043
57.408 932.725
58.402 932.445
59.405 932.204
60.418 932.001
61.437 931.838
62.461 931.715
63.491 931.631
64.522 931.587
65.554 931.583
66.585 931.619
67.615 931.694
68.641 931.81
69.661 931.964
70.675 932.158
71.681 932.391
72.676 932.663
73.661 932.973
74.633 933.32
75.591 933.706
76.533 934.127
77.458 934.585
78.364 935.079
79.252 935.606
80.117 936.168
80.961 936.763
81.782 937.39
82.577 938.048
83.346 938.736
84.088 939.453
84.802 940.199
85.486 940.971
86.14 941.77
86.763 942.593
87.353 943.44
87.911 944.308
88.434 945.198
88.756 945.788
89.078 946.406
89.52 947.339
89.925 948.288
90.294 949.253
90.625 950.23
90.918 951.22
91.172 952.221
91.387 953.231
91.563 954.248
91.7 955.271
91.797 956.298
91.855 957.329
91.873 958.362
91.85 959.393
91.788 960.424
91.687 961.451
91.546 962.474
91.365 963.49
91.145 964.499
90.886 965.498
90.588 966.487
90.254 967.463
89.882 968.426
89.472 969.374
89.026 970.304
88.545 971.217
88.029 972.112
87.478 972.985
86.895 973.837
86.278 974.664
85.631 975.469
84.952 976.246
84.244 976.998
83.508 977.722
82.745 978.416
81.955 979.08
81.14 979.714
80.301 980.316
79.439 980.884
78.557 981.42
77.654 981.92
76.733 982.386
75.794 982.815
74.839 983.207
73.87 983.563
72.888 983.881
71.894 984.161
70.891 984.402
69.878 984.605
68.859 984.768
67.834 984.891
66.805 984.975
65.774 985.019
64.742 985.023
378
67.327 1018.76
68.791 1018.69
70.253 1018.59
71.712 1018.45
73.167 1018.27
74.618 1018.06
76.063 1017.81
77.502 1017.53
78.933 1017.21
79.864 1011.49
79.997 1010.98
80.176 1010.56
80.467 1010.12
80.769 1009.78
81.186 1009.46
81.581 1009.24
82.316 1008.97
83.007 1008.73
84.119 1008.33
85.222 1007.89
86.315 1007.44
86.817 1007.28
87.264 1007.2
87.792 1007.21
88.239 1007.28
88.735 1007.46
89.135 1007.68
92.166 1010.13
93.893 1011.54
95.175 1010.83
96.438 1010.08
97.684 1009.31
98.91 1008.51
100.117 1007.67
101.302 1006.81
102.467 1005.92
103.61 1005
104.73 1004.06
102.893 998.555
102.776 998.041
102.739 997.589
102.791 997.065
102.903 996.625
103.122 996.146
103.369 995.765
103.896 995.188
104.398 994.658
105.193 993.78
105.969 992.885
106.725 991.972
107.094 991.597
107.456 991.323
107.926 991.087
108.357 990.943
108.879 990.871
109.332 990.873
113.156 991.635
115.34 992.082
116.144 990.856
116.918 989.61
117.661 988.347
118.373 987.066
119.055 985.768
119.704 984.453
120.322 983.124
120.907 981.78
121.46 980.422
117.276 976.403
116.932 976.004
116.69 975.62
116.494 975.131
116.388 974.69
116.358 974.164
116.446 973.516
116.599 972.955
116.797 972.253
117.093 971.106
117.364 969.953
117.609 968.794
117.761 968.29
117.955 967.879
118.261 967.451
118.576 967.124
119.004 966.817
119.407 966.609
123.148 965.508
125.289 964.887
125.43 963.428
125.537 961.966
125.608 960.502
125.643 959.036
125.643 957.57
125.608 956.104
125.537 954.64
125.43 953.178
125.289 951.719
119.716 950.105
119.226 949.911
118.834 949.683
118.433 949.342
118.134 949.001
117.864 948.548
117.691 948.129
117.515 947.367
117.364 946.653
117.093 945.5
116.797 944.353
116.476 943.213
116.377 942.695
116.356 942.242
116.428 941.72
116.556 941.284
116.791 940.813
117.052 940.442
119.852 937.728
121.46 936.184
120.886 934.775
120.277 933.381
119.633 932.003
118.954 930.642
118.242 929.298
117.558 928.08
116.846 926.878
116.107 925.692
115.34 924.524
109.656 925.685
109.132 925.739
108.679 925.722
108.165 925.606
107.742 925.442
107.293 925.168
106.944 924.876
106.435 924.283
105.969 923.721
105.193 922.826
104.398 921.948
103.583 921.088
103.255 920.676
103.027 920.284
102.849 919.788
102.758 919.343
102.748 918.817
102.807 918.367
104.024 914.662
104.73 912.548
103.61 911.603
102.467 910.684
101.302 909.794
100.117 908.933
98.91 908.1
97.684 907.296
96.438 906.523
95.175 905.78
93.893 905.068
89.399 908.737
88.961 909.029
88.551 909.224
88.042 909.359
87.592 909.412
87.065 909.378
86.434 909.213
85.895 908.994
85.222 908.712
84.119 908.28
83.007 907.872
81.886 907.489
81.403 907.277
81.02 907.036
80.631 906.68
80.345 906.328
80.092 905.866
79.934 905.44
79.292 901.594
78.933 899.394
77.502 899.078
76.063 898.796
74.618 898.549
73.167 898.337
71.712 898.16
70.253 898.019
68.791 897.913
67.327 897.842
65.861 897.807
63.587 903.144
63.336 903.607
63.062 903.97
62.675 904.326
62.3 904.582
61.818 904.795
61.381 904.917
60.604 905
59.877 905.063
58.699 905.193
57.525 905.349
56.354 905.531
55.829 905.567
55.376 905.532
54.867 905.398
54.45 905.219
54.011 904.927
53.674 904.624
51.317 901.518
49.978 899.736
48.563 900.121
47.158 900.539
45.764 900.992
44.381 901.479
43.011 901.999
41.653 902.551
40.309 903.137
38.98 903.755
37.666 904.405
38.132 910.188
38.125 910.715
38.051 911.162
37.874 911.659
37.661 912.059
37.333 912.472
37.003 912.782
36.353 913.217
35.739 913.611
34.756 914.273
33.789 914.957
32.837 915.662
32.388 915.938
31.972 916.118
31.458 916.234
31.006 916.271
30.482 916.218
30.042 916.105
26.512 914.45
24.498 913.494
23.424 914.492
22.375 915.516
21.351 916.565
20.352 917.638
19.38 918.736
18.435 919.856
17.517 920.999
16.627 922.164
15.766 923.35
18.867 928.254
19.104 928.724
19.248 929.154
19.321 929.676
19.319 930.13
19.221 930.648
19.072 931.076
18.698 931.764
18.338 932.398
17.776 933.44
17.237 934.495
16.722 935.562
16.453 936.015
16.167 936.367
15.767 936.71
15.383 936.952
14.894 937.147
14.453 937.253
10.557 937.427
8.33 937.518
7.844 938.901
7.39 940.295
6.971 941.699
6.586 943.114
6.235 944.537
5.919 945.969
5.637 947.407
5.391 948.852
5.179 950.303
10.203 953.204
10.632 953.51
10.959 953.824
11.267 954.252
11.475 954.655
11.629 955.159
11.697 955.607
11.685 956.389
11.661 957.118
11.648 958.303
11.661 959.488
11.7 960.671
11.674 961.198
11.584 961.642
11.389 962.132
11.161 962.524
10.819 962.925
10.477 963.223
7.109 965.188
5.179 966.303
5.26 966.86
5.391 967.754
5.637 969.199
5.919 970.637
6.235 972.069
6.586 973.492
6.971 974.907
7.39 976.311
7.844 977.705
8.33 979.088
14.127 979.322
14.649 979.393
15.085 979.52
15.556 979.755
15.928 980.016
16.298 980.39
16.567 980.756
16.92 981.454
17.237 982.111
17.776 983.166
18.338 984.208
18.923 985.238
19.143 985.717
19.271 986.152
19.325 986.676
19.307 987.13
19.191 987.644
19.026 988.067
16.958 991.372
15.766 993.256
16.627 994.442
17.517 995.607
18.435 996.75
19.38 997.87
20.352 998.968
21.351 1000.04
22.375 1001.09
23.424 1002.11
24.498 1003.11
29.739 1000.62
30.235 1000.45
30.679 1000.36
31.206 1000.34
31.656 1000.4
32.158 1000.56
32.566 1000.76
33.203 1001.22
33.789 1001.65
34.756 1002.33
35.739 1003
36.735 1003.63
37.153 1003.96
37.468 1004.28
37.76 1004.72
37.954 1005.13
38.089 1005.64
38.141 1006.09
37.846 1009.98
37.666 1012.2
38.98 1012.85
40.309 1013.47
41.653 1014.05
43.011 1014.61
44.381 1015.13
45.764 1015.61
47.158 1016.07
48.563 1016.49
49.978 1016.87
53.463 1012.23
53.818 1011.84
54.17 1011.56
54.632 1011.3
55.057 1011.14
55.576 1011.05
56.029 1011.04
56.804 1011.14
57.525 1011.26
58.699 1011.41
59.877 1011.54
61.057 1011.65
61.576 1011.74
62.007 1011.88
62.469 1012.13
62.831 1012.4
63.187 1012.79
63.443 1013.17
64.987 1016.75
65.861 1018.8
20
71.598 903.856
71.138 903.673
70.758 903.357
70.494 902.939
70.372 902.46
70.404 901.966
70.587 901.506
70.903 901.126
71.321 900.862
71.801 900.74
72.294 900.772
72.754 900.955
73.134 901.271
73.398 901.689
73.52 902.169
73.488 902.662
73.305 903.122
72.989 903.502
72.571 903.767
72.091 903.889
20
44.581 907.044
44.152 906.796
43.822 906.428
43.621 905.976
43.569 905.484
43.672 905.001
43.92 904.572
44.288 904.242
44.74 904.041
45.232 903.989
45.715 904.092
46.144 904.34
46.474 904.708
46.675 905.16
46.727 905.652
46.624 906.136
46.376 906.564
46.008 906.895
45.556 907.095
45.064 907.147
226
63.256 1007.38
61.69 1007.3
60.296 1007.18
58.906 1007.02
57.521 1006.82
56.142 1006.59
54.771 1006.31
53.408 1006
51.998 1005.63
50.679 1005.24
49.347 1004.81
48.082 1004.36
46.826 1003.88
45.426 1003.29
44.272 1002.76
42.915 1002.1
41.677 1001.45
40.458 1000.76
39.258 1000.04
38.081 999.287
36.925 998.5
35.791 997.68
34.682 996.828
33.532 995.893
32.477 994.978
31.451 994.038
30.482 993.098
29.617 992.212
29.271 991.847
28.541 991.05
27.8 990.198
26.71 988.881
25.858 987.777
25.038 986.651
24.249 985.502
23.495 984.329
22.773 983.137
22.085 981.925
21.397 980.626
20.774 979.362
20.188 978.078
19.647 976.8
19.152 975.531
18.671 974.189
18.229 972.831
17.886 971.671
17.482 970.154
17.164 968.792
16.885 967.422
16.645 966.043
16.444 964.659
16.283 963.269
16.161 961.875
16.076 960.421
16.037 959.048
16.036 957.645
16.072 956.304
16.146 954.96
16.272 953.447
16.419 952.146
16.625 950.692
16.861 949.314
17.137 947.942
17.451 946.579
17.805 945.225
18.197 943.883
18.626 942.551
19.094 941.232
19.628 939.851
20.172 938.564
20.749 937.298
21.343 936.085
21.919 934.989
22.159 934.548
22.691 933.607
23.339 932.527
24.204 931.173
24.992 930.019
25.814 928.886
26.668 927.778
27.553 926.694
28.469 925.637
29.414 924.605
30.388 923.601
31.408 922.608
32.447 921.654
33.495 920.745
34.465 919.95
34.878 919.627
35.704 918.989
36.686 918.274
37.729 917.556
39.146 916.633
40.345 915.909
41.562 915.22
42.799 914.566
44.053 913.947
45.325 913.364
46.613 912.818
47.965 912.29
49.264 911.825
50.597 911.391
51.883 911.011
53.184 910.666
54.663 910.318
56.013 910.043
57.162 909.843
58.776 909.601
60.165 909.44
61.559 909.318
62.956 909.235
64.354 909.193
65.753 909.191
67.152 909.228
68.631 909.31
70.022 909.429
71.405 909.586
72.741 909.777
73.962 909.986
74.456 910.079
75.515 910.293
76.803 910.589
78.298 910.979
79.639 911.373
80.97 911.804
82.288 912.274
83.592 912.78
84.881 913.324
86.154 913.905
87.41 914.521
88.669 915.184
89.898 915.877
91.087 916.594
92.142 917.271
92.578 917.563
93.438 918.152
94.384 918.837
95.502 919.69
96.744 920.697
97.802 921.613
98.833 922.558
99.838 923.532
100.815 924.534
101.761 925.563
102.679 926.619
103.603 927.745
104.443 928.834
105.267 929.967
106.025 931.073
106.756 932.205
107.544 933.503
108.075 934.441
108.765 935.727
109.517 937.236
110.097 938.503
110.641 939.786
111.147 941.084
111.617 942.395
112.049 943.719
112.444 945.055
112.82 946.476
113.137 947.836
113.414 949.199
113.646 950.53
113.842 951.871
114.012 953.327
114.131 954.691
114.22 956.185
114.26 957.583
114.26 958.982
114.221 960.381
114.142 961.777
114.023 963.171
113.864 964.561
113.666 965.946
113.425 967.348
113.145 968.731
112.832 970.083
112.514 971.296
112.369 971.802
112.076 972.801
111.717 973.912
111.241 975.268
110.676 976.732
110.133 978.021
109.553 979.294
108.938 980.551
108.286 981.789
107.599 983.007
106.879 984.207
106.092 985.433
105.318 986.567
104.494 987.703
103.676 988.766
102.827 989.81
101.835 990.96
101.075 991.791
99.93 992.981
98.929 993.958
97.9 994.905
96.844 995.824
95.762 996.711
94.656 997.567
93.525 998.391
92.372 999.183
91.128 999.986
89.932 1000.71
88.721 1001.39
87.527 1002.02
86.313 1002.63
84.937 1003.26
83.72 1003.77
82.327 1004.32
81.009 1004.79
79.678 1005.22
78.337 1005.62
76.984 1005.97
75.621 1006.29
74.251 1006.57
72.872 1006.81
71.464 1007.01
70.062 1007.17
68.679 1007.29
67.427 1007.37
65.86 1007.41
64.597 1007.42
20
96.584 913.348
96.162 913.09
95.84 912.715
95.65 912.258
95.61 911.765
95.725 911.284
95.983 910.862
96.359 910.54
96.815 910.35
97.308 910.31
97.79 910.425
98.212 910.683
98.533 911.059
98.723 911.515
98.763 912.008
98.648 912.49
98.39 912.912
98.015 913.233
97.558 913.423
97.065 913.463
20
22.621 922.453
22.157 922.281
21.769 921.974
21.495 921.563
21.361 921.086
21.382 920.592
21.554 920.128
21.86 919.74
22.272 919.466
22.748 919.333
23.243 919.353
23.706 919.525
24.094 919.832
24.369 920.243
24.502 920.72
24.482 921.214
24.31 921.678
24.003 922.066
23.591 922.34
23.115 922.473
20
114.702 933.626
114.247 933.432
113.875 933.106
113.621 932.682
113.51 932.2
113.554 931.707
113.748 931.252
114.074 930.879
114.498 930.625
114.98 930.515
115.473 930.559
115.928 930.753
116.301 931.079
116.555 931.503
116.665 931.985
116.621 932.478
116.427 932.933
116.102 933.306
115.677 933.559
115.195 933.67
20
9.855 946.295
9.421 946.058
9.082 945.698
8.87 945.251
8.806 944.76
8.898 944.274
9.135 943.84
9.495 943.5
9.942 943.289
10.432 943.225
10.918 943.317
11.352 943.554
11.692 943.914
11.904 944.361
11.967 944.851
11.876 945.337
11.639 945.771
11.279 946.111
10.832 946.323
10.341 946.386
20
120.91 959.749
120.494 959.481
120.181 959.098
120.003 958.637
119.975 958.143
120.101 957.665
120.369 957.249
120.753 956.936
121.214 956.758
121.708 956.73
122.186 956.856
122.602 957.124
122.914 957.508
123.093 957.969
123.121 958.463
122.994 958.941
122.726 959.357
122.343 959.669
121.882 959.848
121.388 959.876
20
10.114 973.358
9.646 973.197
9.25 972.9
8.966 972.495
8.821 972.022
8.83 971.527
8.99 971.059
9.288 970.664
9.693 970.38
10.166 970.235
10.66 970.243
11.128 970.404
11.523 970.701
11.807 971.106
11.952 971.579
11.944 972.074
11.783 972.542
11.486 972.937
11.081 973.221
10.608 973.366
20
114.665 986.037
114.215 985.832
113.851 985.498
113.607 985.067
113.508 984.582
113.564 984.091
113.769 983.641
114.103 983.276
114.534 983.032
115.019 982.934
115.51 982.99
115.96 983.195
116.325 983.529
116.569 983.959
116.667 984.444
116.611 984.936
116.406 985.386
116.072 985.75
115.642 985.994
115.157 986.093
20
22.437 997.205
21.997 996.978
21.649 996.627
21.426 996.185
21.351 995.696
21.431 995.208
21.657 994.768
22.009 994.42
22.45 994.197
22.939 994.122
23.427 994.202
23.867 994.428
24.215 994.78
24.438 995.222
24.513 995.71
24.433 996.199
24.207 996.638
23.855 996.987
23.414 997.209
22.925 997.284
20
96.514 1006.15
96.105 1005.87
95.802 1005.48
95.634 1005.02
95.618 1004.52
95.756 1004.05
96.034 1003.64
96.425 1003.33
96.89 1003.17
97.385 1003.15
97.86 1003.29
98.269 1003.57
98.572 1003.96
98.74 1004.42
98.755 1004.92
98.618 1005.39
98.34 1005.8
97.949 1006.1
97.484 1006.27
96.989 1006.29
20
44.441 1012.45
44.039 1012.16
43.745 1011.77
43.589 1011.3
43.585 1010.8
43.734 1010.33
44.022 1009.93
44.42 1009.63
44.889 1009.48
45.384 1009.48
45.856 1009.62
46.258 1009.91
46.552 1010.31
46.708 1010.78
46.712 1011.27
46.562 1011.75
46.275 1012.15
45.877 1012.44
45.407 1012.6
44.913 1012.6
20
71.487 1015.8
71.042 1015.59
70.686 1015.25
70.453 1014.81
70.366 1014.32
70.433 1013.83
70.649 1013.39
70.992 1013.03
71.428 1012.8
71.915 1012.71
72.405 1012.78
72.85 1013
73.207 1013.34
73.44 1013.77
73.527 1014.26
73.459 1014.75
73.243 1015.2
72.9 1015.55
72.464 1015.79
71.977 1015.87
