0.3
0.7
26
78.135 980.05
78.18 979.314
78.169 978.77
78.146 978.144
78.106 977.029
78.093 976.368
78.085 975.719
78.086 974.887
78.103 973.496
78.089 972.888
78.006 972.426
77.952 972.365
77.813 972.477
77.56 973.114
77.382 974.029
77.286 975.018
77.27 975.519
77.263 976.248
77.289 976.774
77.343 977.485
77.409 978.07
77.523 978.754
77.631 979.279
77.808 979.846
77.985 980.178
78.064 980.193
26
91.743 981.902
91.992 981.21
92.136 980.684
92.288 980.076
92.565 978.995
92.738 978.356
92.913 977.733
93.148 976.935
93.556 975.605
93.714 975.017
93.765 974.551
93.73 974.476
93.566 974.545
93.144 975.085
92.714 975.913
92.344 976.834
92.187 977.31
91.975 978.008
91.854 978.52
91.705 979.218
91.602 979.798
91.521 980.486
91.475 981.019
91.483 981.614
91.562 981.982
91.632 982.02
26
64.531 982.263
64.559 982.106
64.395 981.39
64.231 980.868
64.032 980.274
63.68 979.215
63.481 978.584
63.291 977.965
63.057 977.167
62.683 975.827
62.497 975.248
62.289 974.827
62.218 974.784
62.118 974.93
62.054 975.613
62.14 976.541
62.326 977.517
62.451 978.002
62.651 978.704
62.825 979.201
63.077 979.867
63.304 980.411
63.607 981.034
63.857 981.508
64.187 982.003
64.45 982.271
26
104.275 987.512
104.708 986.919
104.995 986.454
105.312 985.915
105.883 984.954
106.23 984.391
106.572 983.842
107.023 983.143
107.789 981.982
108.107 981.463
108.287 981.03
108.274 980.947
108.097 980.968
107.54 981.367
106.895 982.039
106.28 982.82
105.996 983.232
105.595 983.842
105.334 984.299
104.996 984.926
104.733 985.454
104.461 986.092
104.267 986.59
104.108 987.164
104.079 987.539
104.136 987.594
26
52.129 988.063
52.112 987.903
51.753 987.262
51.449 986.808
51.09 986.295
50.454 985.377
50.086 984.829
49.729 984.288
49.28 983.588
48.542 982.408
48.201 981.904
47.883 981.559
47.803 981.538
47.748 981.707
47.878 982.38
48.223 983.246
48.677 984.129
48.934 984.559
49.322 985.177
49.629 985.605
50.059 986.173
50.431 986.63
50.897 987.143
51.27 987.527
51.725 987.91
52.055 988.092
26
41.864 997.121
41.803 996.972
41.276 996.458
40.858 996.108
40.369 995.717
39.5 995.016
38.992 994.594
38.497 994.175
37.868 993.63
36.829 992.705
36.359 992.318
35.957 992.078
35.874 992.08
35.869 992.257
36.184 992.866
36.758 993.599
37.443 994.319
37.811 994.66
38.358 995.143
38.773 995.466
39.345 995.891
39.83 996.226
40.422 996.586
40.888 996.849
41.434 997.088
41.8 997.17
26
34.519 1008.77
34.566 1008.71
34.466 1008.58
33.816 1008.23
33.316 1008.02
32.737 1007.78
31.705 1007.35
31.098 1007.09
30.507 1006.83
29.749 1006.48
28.491 1005.89
27.932 1005.65
27.478 1005.53
27.398 1005.55
27.444 1005.73
27.917 1006.22
28.675 1006.76
29.536 1007.26
29.984 1007.49
30.645 1007.79
31.135 1007.99
31.804 1008.23
32.363 1008.42
33.033 1008.6
33.554 1008.72
34.144 1008.79
75
60.987 1023.26
61.232 1022.47
61.503 1021.72
61.806 1020.99
62.142 1020.26
62.508 1019.56
63.076 1018.59
63.702 1017.66
64.384 1016.77
65.12 1015.92
65.906 1015.12
66.741 1014.37
67.619 1013.67
68.539 1013.03
69.497 1012.45
70.489 1011.92
71.511 1011.46
72.559 1011.07
73.63 1010.73
74.72 1010.47
75.824 1010.27
76.938 1010.14
78.058 1010.08
79.179 1010.08
80.298 1010.16
81.41 1010.3
82.512 1010.52
83.597 1010.8
84.664 1011.15
85.707 1011.56
86.723 1012.03
87.708 1012.57
88.658 1013.17
89.569 1013.82
90.438 1014.53
90.658 1014.71
92.072 1013.3
91.146 1012.51
90.173 1011.78
89.159 1011.11
88.105 1010.5
87.017 1009.95
85.898 1009.47
84.752 1009.06
83.583 1008.72
82.396 1008.45
81.194 1008.25
79.983 1008.12
78.767 1008.07
77.549 1008.09
76.335 1008.19
75.129 1008.35
73.935 1008.59
72.758 1008.9
71.601 1009.28
70.469 1009.73
69.367 1010.25
68.298 1010.83
67.265 1011.48
66.274 1012.18
65.326 1012.95
64.427 1013.77
63.578 1014.64
62.784 1015.57
62.046 1016.53
61.368 1017.55
60.753 1018.6
60.395 1019.28
60.064 1019.98
59.759 1020.69
59.482 1021.41
59.233 1022.15
59.035 1022.82
59.012 1022.89
60.779 1023.99
