0.3
0.7
174
66.009 985.195
66.98 985.147
67.947 985.063
68.911 984.945
69.871 984.792
70.824 984.604
71.77 984.382
72.707 984.126
73.635 983.836
74.551 983.513
75.455 983.157
76.345 982.769
77.221 982.348
78.082 981.897
78.925 981.415
79.75 980.902
80.557 980.361
81.343 979.79
82.108 979.191
82.851 978.565
83.571 977.913
84.267 977.235
84.938 976.532
85.583 975.806
86.202 975.057
86.793 974.286
87.356 973.494
87.89 972.682
88.395 971.852
88.869 971.003
89.311 970.139
89.723 969.259
90.102 968.365
90.45 967.457
90.763 966.537
91.044 965.607
91.291 964.668
91.504 963.72
91.682 962.765
91.825 961.804
91.935 960.838
92.009 959.87
92.048 958.899
92.052 957.928
92.021 956.956
91.954 955.988
91.854 955.021
91.717 954.059
91.547 953.103
91.342 952.153
91.103 951.211
90.83 950.279
90.524 949.357
90.184 948.447
89.812 947.549
89.407 946.665
88.972 945.797
88.504 944.946
88.007 944.111
87.48 943.295
86.924 942.498
86.339 941.723
85.726 940.969
85.087 940.237
84.422 939.528
83.731 938.845
83.017 938.187
82.279 937.555
81.519 936.95
80.737 936.373
79.935 935.824
79.114 935.305
78.275 934.816
77.418 934.357
76.546 933.93
75.658 933.534
74.757 933.171
73.844 932.841
72.919 932.544
71.984 932.28
71.04 932.049
70.088 931.854
69.13 931.693
68.166 931.566
67.2 931.475
66.229 931.418
65.258 931.397
64.287 931.411
63.316 931.459
62.349 931.543
61.384 931.661
60.425 931.814
59.472 932.002
58.526 932.224
57.589 932.48
56.661 932.77
55.745 933.093
54.841 933.449
53.95 933.837
53.075 934.258
52.214 934.709
51.371 935.191
50.546 935.704
49.739 936.245
48.953 936.816
48.188 937.415
47.445 938.041
46.725 938.693
46.029 939.371
45.358 940.074
44.713 940.8
44.094 941.549
43.503 942.32
42.94 943.112
42.406 943.924
41.901 944.754
41.427 945.603
40.985 946.467
40.573 947.347
40.194 948.241
39.846 949.149
39.532 950.069
39.252 950.999
39.005 951.938
38.792 952.886
38.614 953.841
38.47 954.802
38.361 955.768
38.287 956.736
38.248 957.707
38.244 958.678
38.275 959.65
38.341 960.618
38.442 961.585
38.578 962.547
38.749 963.503
38.954 964.453
39.193 965.395
39.466 966.327
39.772 967.249
40.112 968.159
40.484 969.057
40.888 969.941
41.324 970.809
41.791 971.66
42.289 972.495
42.816 973.311
43.372 974.108
43.957 974.883
44.569 975.637
45.209 976.369
45.874 977.078
46.564 977.761
47.279 978.419
48.017 979.051
48.777 979.656
49.559 980.233
50.36 980.782
51.182 981.301
52.021 981.79
52.878 982.249
53.75 982.676
54.638 983.072
55.539 983.435
56.452 983.765
57.377 984.062
58.312 984.326
59.256 984.557
60.208 984.752
61.166 984.913
62.13 985.04
63.096 985.131
64.066 985.188
65.038 985.209
154
64.287 981.86
63.326 981.805
62.369 981.711
61.417 981.578
60.471 981.406
59.532 981.197
58.603 980.949
57.685 980.663
56.779 980.34
55.887 979.98
55.011 979.584
54.151 979.153
53.31 978.687
52.489 978.187
51.688 977.654
50.91 977.09
50.156 976.493
49.426 975.866
48.723 975.21
48.047 974.526
47.4 973.815
46.782 973.078
46.195 972.317
45.639 971.532
45.115 970.725
44.625 969.898
44.17 969.051
43.748 968.186
43.363 967.305
43.014 966.409
42.702 965.499
42.427 964.578
42.191 963.646
41.992 962.705
41.831 961.757
41.71 960.803
41.628 959.845
41.584 958.884
41.579 957.922
41.613 956.961
41.687 956.002
41.801 955.048
41.953 954.098
42.144 953.155
42.373 952.221
42.641 951.297
42.945 950.385
43.287 949.486
43.664 948.602
44.078 947.734
44.527 946.884
45.01 946.052
45.526 945.241
46.075 944.451
46.656 943.685
47.267 942.943
47.909 942.226
48.579 941.537
49.277 940.875
50.001 940.242
50.75 939.639
51.524 939.067
52.32 938.528
53.137 938.021
53.974 937.548
54.83 937.11
55.703 936.707
56.592 936.34
57.495 936.009
58.411 935.715
59.338 935.46
60.275 935.241
61.219 935.062
62.171 934.921
63.127 934.819
64.086 934.756
65.048 934.732
66.009 934.746
66.969 934.801
67.926 934.895
68.879 935.028
69.825 935.2
70.764 935.409
71.693 935.657
72.611 935.943
73.516 936.266
74.408 936.626
75.285 937.022
76.145 937.453
76.986 937.919
77.807 938.419
78.608 938.952
79.386 939.516
80.14 940.113
80.869 940.74
81.572 941.396
82.249 942.08
82.896 942.791
83.514 943.528
84.101 944.289
84.657 945.074
85.181 945.881
85.671 946.708
86.126 947.555
86.547 948.42
86.932 949.301
87.282 950.197
87.594 951.107
87.869 952.028
88.105 952.96
88.304 953.901
88.465 954.849
88.586 955.803
88.668 956.761
88.712 957.722
88.717 958.684
88.682 959.645
88.608 960.604
88.494 961.558
88.342 962.508
88.151 963.451
87.922 964.385
87.655 965.309
87.351 966.221
87.009 967.12
86.632 968.004
86.218 968.872
85.769 969.722
85.286 970.554
84.77 971.365
84.22 972.155
83.64 972.921
83.028 973.663
82.387 974.38
81.717 975.069
81.019 975.731
80.295 976.364
79.545 976.967
78.772 977.539
77.976 978.078
77.159 978.585
76.322 979.058
75.465 979.496
74.592 979.899
73.703 980.266
72.801 980.597
71.885 980.891
70.958 981.146
70.021 981.365
69.077 981.544
68.125 981.685
67.169 981.787
66.21 981.85
65.248 981.874
230
66.297 1011.18
67.741 1011.13
69.183 1011.04
70.623 1010.91
72.058 1010.74
73.488 1010.53
74.911 1010.28
76.328 1010
77.736 1009.67
79.134 1009.31
80.522 1008.91
81.899 1008.47
83.263 1007.99
84.613 1007.48
85.95 1006.93
87.27 1006.34
88.574 1005.72
89.861 1005.06
91.129 1004.37
92.378 1003.64
93.606 1002.88
94.814 1002.09
95.999 1001.26
97.161 1000.4
98.299 999.513
99.412 998.592
100.5 997.641
101.562 996.66
102.596 995.651
103.602 994.615
104.58 993.551
105.528 992.46
106.446 991.344
107.333 990.203
108.189 989.04
109.012 987.852
109.803 986.643
110.561 985.412
111.284 984.161
111.973 982.892
112.627 981.604
113.247 980.298
113.83 978.977
114.377 977.64
114.886 976.287
115.359 974.923
115.794 973.545
116.192 972.155
116.551 970.756
116.872 969.347
117.154 967.929
117.397 966.506
117.602 965.075
117.767 963.64
117.893 962.2
117.98 960.758
118.027 959.313
118.035 957.868
118.004 956.424
117.933 954.981
117.823 953.54
117.673 952.103
117.484 950.671
117.256 949.244
116.989 947.823
116.683 946.411
116.339 945.008
115.956 943.615
115.536 942.232
115.078 940.862
114.583 939.504
114.051 938.16
113.482 936.832
112.879 935.519
112.238 934.224
111.563 932.947
110.86 931.701
110.116 930.462
109.339 929.244
108.53 928.048
107.687 926.874
106.813 925.724
105.907 924.598
104.972 923.497
104.006 922.422
103.011 921.374
101.989 920.353
100.938 919.361
99.86 918.398
98.758 917.465
97.63 916.562
96.477 915.69
95.302 914.85
94.103 914.043
92.883 913.269
91.643 912.527
90.382 911.821
89.103 911.149
87.806 910.513
86.492 909.911
85.162 909.346
83.817 908.818
82.458 908.327
81.087 907.872
79.703 907.455
78.309 907.077
76.904 906.737
75.491 906.434
74.071 906.171
72.643 905.947
71.21 905.762
69.772 905.616
68.331 905.509
66.888 905.442
65.444 905.415
63.999 905.426
62.555 905.477
61.112 905.568
59.673 905.698
58.238 905.867
56.808 906.075
55.384 906.323
53.968 906.609
52.56 906.933
51.162 907.297
49.774 907.698
48.397 908.137
47.033 908.613
45.682 909.126
44.346 909.677
43.026 910.263
41.721 910.885
40.435 911.543
39.167 912.236
37.918 912.963
36.689 913.723
35.482 914.517
34.297 915.344
33.135 916.203
31.997 917.093
30.884 918.014
29.796 918.965
28.734 919.946
27.7 920.955
26.694 921.991
25.716 923.055
24.768 924.146
23.85 925.262
22.963 926.403
22.107 927.566
21.284 928.754
20.493 929.963
19.735 931.194
19.012 932.445
18.323 933.714
17.668 935.002
17.049 936.308
16.466 937.629
15.919 938.966
15.409 940.319
14.937 941.683
14.502 943.061
14.104 944.451
13.745 945.85
13.424 947.259
13.142 948.677
12.898 950.1
12.694 951.531
12.529 952.966
12.402 954.406
12.316 955.848
12.269 957.293
12.261 958.738
12.291 960.182
12.363 961.625
12.473 963.066
12.623 964.503
12.812 965.935
13.04 967.362
13.307 968.783
13.613 970.195
13.957 971.598
14.339 972.991
14.76 974.374
15.218 975.744
15.713 977.102
16.245 978.446
16.813 979.774
17.417 981.087
18.057 982.382
18.733 983.659
19.436 984.905
20.18 986.144
20.957 987.362
21.766 988.558
22.609 989.732
23.482 990.882
24.388 992.008
25.324 993.109
26.29 994.184
27.285 995.232
28.307 996.253
29.358 997.245
30.435 998.208
31.538 999.141
32.666 1000.04
33.819 1000.92
34.994 1001.76
36.193 1002.56
37.413 1003.34
38.653 1004.08
39.913 1004.78
41.193 1005.46
42.49 1006.09
43.803 1006.7
45.134 1007.26
46.479 1007.79
47.838 1008.28
49.209 1008.73
50.592 1009.15
51.987 1009.53
53.392 1009.87
54.805 1010.17
56.225 1010.43
57.653 1010.66
59.086 1010.84
60.523 1010.99
61.965 1011.1
63.408 1011.16
64.852 1011.19
49
54.458 923.966
54.151 923.709
53.977 923.379
53.346 921.258
51.605 915.559
51.381 914.844
51.117 913.981
50.126 910.823
50.084 910.426
50.205 910.036
50.462 909.73
50.807 909.55
51.681 909.305
52.265 909.147
53.462 908.847
54.824 908.544
56.195 908.279
57.572 908.052
58.955 907.864
60.343 907.713
61.733 907.599
63.127 907.525
64.522 907.489
65.918 907.49
67.313 907.531
68.707 907.609
69.117 907.704
69.421 907.91
69.639 908.234
69.71 908.58
69.563 909.676
69.07 912.985
68.382 917.447
67.691 921.804
67.553 922.162
67.309 922.434
66.969 922.613
66.588 922.664
65.867 922.645
64.618 922.641
63.439 922.676
62.262 922.752
61.089 922.867
59.919 923.021
58.755 923.213
57.598 923.444
56.45 923.712
55.221 924.044
54.83 924.079
48
80.96 926.33
80.421 926.068
79.53 925.665
78.443 925.207
77.341 924.786
76.226 924.401
75.099 924.054
73.962 923.743
72.814 923.471
71.658 923.236
69.88 922.937
69.609 922.819
69.336 922.567
69.171 922.227
69.148 921.855
69.434 919.66
70.162 913.747
70.248 913.003
70.358 912.106
70.737 908.818
70.86 908.438
71.129 908.131
71.489 907.957
71.877 907.933
73.361 908.153
74.577 908.368
75.946 908.646
77.305 908.96
78.655 909.313
79.996 909.702
81.324 910.128
82.642 910.591
83.945 911.089
85.235 911.623
86.508 912.192
87.767 912.796
89.008 913.434
89.355 913.691
89.549 914.004
89.616 914.389
89.54 914.735
88.959 915.676
87.163 918.498
84.72 922.295
82.316 925.993
82.045 926.264
81.711 926.414
81.328 926.439
49
41.031 931.173
40.737 930.942
39.298 929.261
35.391 924.763
34.895 924.201
34.303 923.519
33.505 922.618
32.112 921.037
31.913 920.692
31.864 920.286
31.975 919.902
32.217 919.598
33.393 918.63
34.366 917.869
35.487 917.038
36.632 916.24
37.797 915.472
38.984 914.738
40.19 914.035
41.415 913.367
42.659 912.732
43.772 912.201
45.046 911.632
46.335 911.098
47.639 910.599
48.106 910.47
48.44 910.495
48.751 910.63
49.001 910.868
49.146 911.166
50.298 915.308
51.486 919.664
52.625 923.925
52.646 924.307
52.532 924.657
52.295 924.957
51.967 925.159
50.692 925.696
49.802 926.105
48.747 926.631
47.708 927.19
46.689 927.784
45.691 928.411
44.712 929.071
43.757 929.762
42.826 930.485
42.144 931.042
41.802 931.235
41.393 931.28
48
92.89 935.775
92.597 935.525
91.692 934.478
91.027 933.759
90.202 932.917
89.349 932.103
88.469 931.318
87.564 930.561
86.634 929.835
85.681 929.14
84.706 928.477
83.966 928.001
83.677 927.735
83.508 927.36
83.497 926.982
83.627 926.632
84.781 924.744
87.851 919.638
88.232 918.992
88.698 918.219
90.381 915.37
90.648 915.073
91.019 914.902
91.418 914.886
91.783 915.024
93.04 915.824
94.064 916.514
95.201 917.324
96.315 918.164
97.405 919.035
98.471 919.936
99.512 920.866
100.528 921.824
101.516 922.809
102.477 923.821
103.409 924.858
104.314 925.922
105.189 927.01
105.407 927.394
105.457 927.759
105.361 928.138
105.152 928.423
104.239 929.046
101.45 930.894
97.674 933.369
93.974 935.77
93.615 935.907
93.25 935.908
49
31.719 943.235
29.721 942.286
24.322 939.766
23.641 939.454
22.821 939.072
19.813 937.696
19.489 937.461
19.28 937.11
19.225 936.714
19.323 936.337
19.724 935.525
20.007 934.966
20.586 933.876
21.274 932.661
21.994 931.465
22.66 930.427
23.442 929.271
24.255 928.137
25.098 927.025
25.972 925.937
26.876 924.873
27.808 923.834
28.769 922.822
29.757 921.836
30.123 921.537
30.44 921.424
30.778 921.42
31.104 921.536
31.357 921.75
34.095 925.065
36.951 928.562
39.724 931.99
39.899 932.333
39.938 932.696
39.843 933.068
39.626 933.386
39.211 933.817
38.551 934.539
37.78 935.431
37.039 936.349
36.328 937.29
35.65 938.255
35.003 939.241
34.389 940.248
33.809 941.275
32.975 942.873
32.779 943.094
32.455 943.278
32.081 943.328
182
63.996 991.08
62.865 991.021
61.738 990.923
60.613 990.786
59.495 990.609
58.383 990.395
57.28 990.142
56.185 989.852
55.102 989.524
54.03 989.159
52.972 988.757
51.928 988.318
50.9 987.844
49.889 987.335
48.896 986.791
47.922 986.213
46.97 985.602
46.038 984.958
45.129 984.283
44.244 983.576
43.385 982.839
42.551 982.074
41.744 981.279
40.965 980.458
40.215 979.61
39.494 978.737
38.804 977.839
38.146 976.918
37.519 975.976
36.926 975.011
36.366 974.028
35.84 973.025
35.35 972.004
34.895 970.968
34.475 969.916
34.093 968.85
33.748 967.772
33.439 966.683
33.169 965.583
32.937 964.475
32.743 963.359
32.587 962.238
32.471 961.112
32.394 959.982
32.355 958.851
32.356 957.717
32.396 956.586
32.474 955.456
32.592 954.33
32.749 953.209
32.944 952.093
33.177 950.985
33.449 949.886
33.759 948.797
34.105 947.72
34.489 946.655
34.909 945.603
35.366 944.567
35.857 943.547
36.384 942.545
36.945 941.562
37.539 940.598
38.167 939.656
38.827 938.736
39.518 937.839
40.24 936.967
40.99 936.12
41.771 935.299
42.578 934.506
43.414 933.742
44.274 933.005
45.16 932.3
46.069 931.626
47.002 930.983
47.955 930.373
48.929 929.796
49.923 929.254
50.934 928.745
51.963 928.272
53.007 927.835
54.066 927.434
55.138 927.071
56.222 926.744
57.317 926.455
58.421 926.203
59.533 925.99
60.651 925.815
61.776 925.679
62.904 925.583
64.034 925.525
65.167 925.506
66.3 925.526
67.43 925.585
68.558 925.683
69.683 925.82
70.801 925.997
71.912 926.211
73.016 926.464
74.11 926.754
75.194 927.082
76.265 927.447
77.324 927.849
78.368 928.288
79.396 928.762
80.407 929.271
81.4 929.815
82.374 930.393
83.326 931.004
84.258 931.648
85.167 932.323
86.052 933.03
86.911 933.767
87.745 934.532
88.552 935.327
89.331 936.148
90.081 936.996
90.802 937.869
91.492 938.767
92.15 939.688
92.777 940.63
93.37 941.595
93.93 942.578
94.456 943.581
94.946 944.602
95.401 945.638
95.82 946.69
96.203 947.756
96.548 948.834
96.857 949.923
97.127 951.023
97.359 952.131
97.553 953.247
97.709 954.368
97.825 955.494
97.902 956.624
97.94 957.755
97.94 958.889
97.9 960.02
97.821 961.15
97.704 962.276
97.547 963.397
97.352 964.513
97.119 965.621
96.847 966.72
96.537 967.809
96.191 968.886
95.807 969.951
95.386 971.003
94.93 972.039
94.439 973.059
93.912 974.061
93.35 975.044
92.756 976.008
92.129 976.95
91.469 977.87
90.778 978.767
90.056 979.639
89.305 980.486
88.525 981.307
87.717 982.1
86.882 982.864
86.022 983.601
85.136 984.306
84.227 984.98
83.294 985.623
82.341 986.233
81.367 986.81
80.373 987.352
79.361 987.861
78.333 988.334
77.288 988.771
76.23 989.172
75.158 989.535
74.074 989.862
72.979 990.151
71.875 990.403
70.763 990.616
69.645 990.791
68.52 990.927
67.392 991.023
66.262 991.081
65.129 991.1
49
100.264 949.422
99.929 949.274
99.654 949.006
99.488 948.659
99.285 947.967
98.902 946.778
98.502 945.669
98.067 944.573
97.595 943.492
97.087 942.427
96.576 941.439
95.978 940.369
95.358 939.342
94.663 938.275
94.508 937.915
94.507 937.504
94.65 937.154
94.911 936.887
96.733 935.631
101.615 932.215
102.226 931.781
102.966 931.263
105.663 929.344
106.027 929.182
106.436 929.175
106.806 929.326
107.083 929.598
107.844 930.746
108.448 931.704
109.111 932.813
109.745 933.939
110.284 934.957
110.873 936.131
111.431 937.32
111.958 938.523
112.454 939.74
112.918 940.968
113.35 942.209
113.75 943.46
114.117 944.721
114.452 945.99
114.5 946.354
114.44 946.684
114.274 946.979
114.011 947.203
113.699 947.316
109.46 948.029
105.003 948.754
100.647 949.442
48
26.269 958.079
20.311 957.974
19.563 957.966
18.659 957.95
15.35 957.918
14.959 957.835
14.625 957.599
14.414 957.26
14.35 956.876
14.387 955.969
14.493 954.263
14.623 952.874
14.791 951.488
14.997 950.108
15.241 948.734
15.522 947.367
15.841 946.008
16.198 944.659
16.591 943.32
17.02 941.992
17.486 940.676
17.988 939.374
18.137 939.041
18.386 938.765
18.709 938.597
19.093 938.562
19.41 938.654
23.26 940.569
27.292 942.602
31.221 944.606
31.519 944.847
31.703 945.164
31.767 945.541
31.697 945.92
31.457 946.6
31.068 947.787
30.738 948.919
30.447 950.062
30.194 951.214
29.978 952.373
29.802 953.54
29.663 954.711
29.564 955.886
29.498 957.156
29.411 957.54
29.17 957.873
28.849 958.073
28.481 958.135
48
113.969 968.014
109.808 966.941
105.441 965.79
101.182 964.647
100.84 964.473
100.594 964.202
100.453 963.845
100.442 963.46
100.524 962.867
100.633 961.895
100.731 960.72
100.792 959.542
100.814 958.363
100.796 957.183
100.742 956.005
100.646 954.83
100.512 953.658
100.246 951.875
100.274 951.58
100.429 951.243
100.703 950.982
101.049 950.843
103.224 950.438
109.073 949.303
109.807 949.154
110.695 948.982
113.938 948.327
114.338 948.326
114.713 948.487
114.99 948.775
115.133 949.137
115.375 950.586
115.549 951.808
115.709 953.195
115.83 954.585
115.913 955.978
115.957 957.373
115.964 958.769
115.931 960.164
115.862 961.558
115.753 962.949
115.606 964.337
115.422 965.721
115.199 967.098
115.094 967.46
114.904 967.737
114.633 967.94
114.301 968.037
48
18.707 978.21
18.376 977.986
18.161 977.662
17.826 976.818
17.225 975.206
16.779 973.883
16.369 972.549
15.996 971.204
15.661 969.849
15.361 968.486
15.101 967.115
14.877 965.737
14.693 964.354
14.546 962.966
14.436 961.575
14.366 960.182
14.39 959.731
14.517 959.419
14.741 959.166
15.045 959.001
15.374 958.955
19.669 959.14
24.178 959.357
28.582 959.589
28.953 959.688
29.25 959.903
29.462 960.222
29.553 960.596
29.669 961.975
29.784 962.948
29.957 964.114
30.169 965.275
30.418 966.427
30.706 967.572
31.031 968.705
31.394 969.828
31.794 970.937
32.113 971.756
32.191 972.142
32.106 972.544
31.893 972.856
31.582 973.063
29.539 973.913
24.054 976.239
23.366 976.537
22.535 976.89
19.498 978.206
19.107 978.289
48
106.093 987.188
105.801 987.032
102.433 984.359
98.912 981.531
95.486 978.755
95.245 978.456
95.13 978.109
95.146 977.726
95.293 977.369
96.01 976.185
96.487 975.331
97.032 974.286
97.544 973.223
98.019 972.144
98.459 971.049
98.862 969.94
99.228 968.819
99.558 967.687
99.782 966.837
99.945 966.479
100.25 966.202
100.606 966.075
100.979 966.091
103.131 966.605
108.937 967.947
109.667 968.11
110.548 968.314
113.778 969.034
114.142 969.197
114.42 969.496
114.556 969.872
114.539 970.261
114.177 971.672
113.836 972.86
113.418 974.191
112.964 975.511
112.473 976.817
111.947 978.11
111.386 979.388
110.789 980.649
110.158 981.894
109.493 983.121
108.795 984.33
108.064 985.518
107.3 986.687
107.051 986.983
106.765 987.159
106.435 987.234
49
30.424 995.309
30.096 995.1
29.485 994.502
28.334 993.333
27.434 992.362
26.559 991.368
25.71 990.351
24.889 989.313
24.094 988.254
23.327 987.174
22.59 986.075
21.881 984.956
21.2 983.82
20.551 982.667
19.984 981.6
19.445 980.525
19.343 980.166
19.369 979.799
19.541 979.448
19.805 979.213
20.829 978.793
23.94 977.565
29.755 975.309
32.268 974.351
32.633 974.288
33.003 974.365
33.328 974.57
33.564 974.876
33.833 975.379
34.344 976.283
34.938 977.264
35.582 978.252
36.257 979.219
36.965 980.162
37.703 981.082
38.471 981.977
39.269 982.847
40.532 984.134
40.683 984.388
40.756 984.752
40.688 985.124
40.488 985.439
38.966 987.047
34.902 991.403
34.395 991.955
33.779 992.615
31.54 995.053
31.217 995.287
30.819 995.379
48
91.099 1001.53
90.804 1001.34
90.6 1001.08
88.612 997.271
86.545 993.257
84.545 989.326
84.445 988.956
84.483 988.592
84.653 988.248
84.931 987.982
85.526 987.574
86.539 986.844
87.47 986.121
88.378 985.367
89.26 984.584
90.116 983.773
90.944 982.933
91.745 982.067
92.516 981.175
93.317 980.185
93.611 979.925
94.002 979.797
94.379 979.826
94.714 979.991
96.47 981.336
101.228 984.923
101.831 985.37
102.551 985.914
105.21 987.885
105.476 988.183
105.607 988.569
105.58 988.968
105.407 989.316
104.506 990.449
103.714 991.396
102.79 992.442
101.838 993.463
100.859 994.458
99.853 995.424
98.82 996.364
97.763 997.274
96.68 998.155
95.573 999.006
94.445 999.826
93.294 1000.62
92.121 1001.37
91.763 1001.55
91.43 1001.59
48
48.093 1006.17
46.767 1005.68
45.622 1005.22
44.341 1004.66
43.076 1004.08
41.827 1003.45
40.596 1002.8
39.384 1002.11
38.191 1001.38
37.017 1000.62
35.866 999.836
34.737 999.016
33.63 998.165
32.547 997.285
32.245 996.979
32.099 996.676
32.06 996.341
32.141 996.004
32.327 995.73
35.338 992.66
38.517 989.454
41.637 986.337
41.959 986.128
42.317 986.052
42.696 986.107
43.035 986.29
43.607 986.729
44.615 987.466
45.59 988.129
46.587 988.759
47.604 989.356
48.64 989.919
49.695 990.448
50.766 990.941
51.853 991.399
53.041 991.856
53.379 992.055
53.623 992.387
53.712 992.755
53.657 993.124
52.921 995.21
50.979 1000.84
50.74 1001.55
50.446 1002.41
49.392 1005.54
49.193 1005.89
48.866 1006.13
48.478 1006.23
48
71.551 1008.54
71.275 1008.34
71.079 1008.06
71 1007.74
70.734 1003.45
70.479 998.938
70.25 994.534
70.309 994.155
70.492 993.837
70.787 993.592
71.15 993.463
71.739 993.358
72.698 993.162
73.846 992.894
74.984 992.587
76.113 992.243
77.229 991.862
78.332 991.444
79.42 990.99
80.494 990.501
82.107 989.696
82.396 989.632
82.765 989.675
83.097 989.855
83.336 990.141
84.394 992.085
87.281 997.297
87.649 997.95
88.087 998.74
89.714 1001.62
89.837 1002
89.8 1002.41
89.612 1002.76
89.312 1003.01
88.038 1003.67
86.929 1004.22
85.66 1004.8
84.375 1005.34
83.076 1005.85
81.764 1006.33
80.438 1006.77
79.102 1007.17
77.755 1007.53
76.398 1007.86
75.033 1008.15
73.661 1008.4
72.282 1008.62
71.873 1008.63
48
63.591 1009.1
62.196 1009.03
60.805 1008.93
59.416 1008.8
58.031 1008.62
56.652 1008.4
55.279 1008.15
53.914 1007.86
52.558 1007.54
51.21 1007.17
50.82 1007.02
50.565 1006.8
50.392 1006.51
50.33 1006.17
50.387 1005.84
51.89 1001.82
53.49 997.593
55.072 993.476
55.281 993.154
55.577 992.939
55.945 992.835
56.33 992.864
57.679 993.18
58.638 993.37
59.801 993.566
60.97 993.723
62.144 993.842
63.32 993.922
64.498 993.963
65.678 993.965
66.857 993.93
67.734 993.878
68.125 993.924
68.465 994.112
68.714 994.428
68.813 994.787
68.99 996.992
69.507 1002.93
69.578 1003.67
69.657 1004.57
69.97 1007.87
69.928 1008.27
69.729 1008.62
69.414 1008.87
69.039 1008.97
67.616 1009.06
66.382 1009.11
64.986 1009.12
