0.3
0.7
1012
56.519 1016.67
56.886 1016.01
57.281 1015.33
57.93 1014.33
58.628 1013.35
59.371 1012.41
60.159 1011.5
60.99 1010.64
61.862 1009.82
62.773 1009.03
63.72 1008.3
64.701 1007.61
65.714 1006.97
66.757 1006.38
67.828 1005.84
68.923 1005.35
70.041 1004.91
71.179 1004.53
72.333 1004.21
73.501 1003.94
74.682 1003.72
75.871 1003.57
77.067 1003.47
78.265 1003.43
79.464 1003.45
80.661 1003.52
81.854 1003.66
83.038 1003.85
84.211 1004.1
85.372 1004.4
86.516 1004.76
87.641 1005.17
88.746 1005.64
89.826 1006.16
90.881 1006.73
91.906 1007.36
92.9 1008.03
93.86 1008.75
94.785 1009.51
95.672 1010.32
96.519 1011.16
97.324 1012.05
97.795 1012.62
97.996 1012.87
98.882 1011.98
100.149 1010.72
99.825 1010.34
99.382 1009.81
99.159 1009.49
99.08 1009.14
99.139 1008.78
99.662 1007.94
100.353 1006.86
100.997 1005.81
101.823 1004.42
102.565 1003.13
103.278 1001.86
104.405 999.812
105.268 998.257
105.93 997.079
106.404 996.254
106.82 995.556
107.462 994.526
107.746 994.106
108.132 993.52
108.484 993.019
108.847 992.53
109.208 992.062
109.58 991.602
110.392 990.682
111.073 989.971
111.765 989.307
112.385 988.759
113.004 988.252
113.63 987.774
114.267 987.321
114.934 986.877
115.618 986.449
116.314 986.039
116.864 985.724
118.072 985.07
120.169 983.946
121.088 983.429
121.519 983.175
122.429 982.628
123.334 982.052
124.228 981.448
124.853 980.998
125.542 980.473
125.99 980.12
126.54 979.668
127.204 979.095
127.728 978.625
128.64 977.76
129.504 976.877
130.019 976.322
130.457 975.834
130.948 975.269
131.33 974.816
131.976 974.027
132.3 973.618
133.001 972.711
133.484 972.068
133.946 971.443
136.023 968.59
137.3 966.885
138.836 964.86
139.305 964.225
139.673 963.71
140.006 963.221
140.265 962.832
139.731 962.333
138.761 961.448
137.478 960.316
137.229 960.861
136.956 961.402
136.658 961.942
136.335 962.486
135.988 963.035
135.619 963.59
135.235 964.146
134.861 964.669
134.482 965.19
133.703 966.236
132.658 967.605
131.655 968.882
130.711 970.049
130.159 970.712
129.571 971.399
128.96 972.095
128.424 972.687
127.955 973.188
127.513 973.644
126.816 974.346
126.272 974.855
125.805 975.303
125.223 975.819
124.166 976.734
123.465 977.308
122.245 978.252
121.317 978.926
120.433 979.539
118.898 980.537
117.892 981.172
117.121 981.647
114.753 983.091
113.484 983.901
113.05 984.195
112.54 984.555
112.041 984.922
111.484 985.353
110.868 985.861
110.272 986.388
109.69 986.937
109.129 987.505
108.587 988.093
108.063 988.7
107.548 989.34
107.062 989.984
106.61 990.621
106.177 991.267
105.804 991.85
105.497 992.351
105.094 993.036
104.705 993.724
104.312 994.441
103.926 995.164
103.42 996.137
102.276 998.373
100.813 1001.2
100.242 1002.26
99.641 1003.35
98.943 1004.57
98.222 1005.77
97.785 1006.48
97.592 1006.71
97.338 1006.87
97.043 1006.96
96.723 1006.96
96.419 1006.88
95.916 1006.52
95.407 1006.12
94.328 1005.34
93.317 1004.67
93.025 1004.43
92.852 1004.12
92.805 1003.75
93.575 1001.04
93.751 1000.38
94.154 998.818
94.503 997.369
94.828 995.948
95.332 993.667
95.721 991.931
96.025 990.614
96.248 989.689
96.45 988.903
96.775 987.733
96.93 987.25
97.135 986.58
97.333 985.999
97.542 985.428
97.758 984.877
97.985 984.331
98.504 983.22
98.957 982.345
99.434 981.513
99.874 980.813
100.325 980.152
100.792 979.517
101.275 978.904
101.791 978.29
102.327 977.687
102.878 977.097
103.319 976.639
104.293 975.673
105.988 974.003
106.724 973.249
107.785 972.101
108.49 971.293
109.178 970.461
109.652 969.854
110.164 969.155
110.495 968.693
110.896 968.104
111.372 967.368
111.741 966.767
112.372 965.68
112.954 964.589
113.29 963.913
113.573 963.322
113.886 962.641
114.125 962.097
114.521 961.159
114.717 960.674
115.134 959.606
115.417 958.853
115.684 958.124
116.873 954.801
117.618 952.806
118.521 950.43
118.793 949.689
119 949.091
119.183 948.527
119.322 948.083
118.669 947.754
117.488 947.177
115.939 946.451
115.853 947.046
115.743 947.642
115.609 948.244
115.453 948.856
115.274 949.482
115.077 950.118
114.865 950.76
114.654 951.366
114.215 952.578
113.678 954.001
113.367 954.805
112.764 956.311
112.187 957.698
111.845 958.489
111.475 959.314
111.083 960.153
110.736 960.873
110.428 961.486
110.132 962.048
109.661 962.918
109.28 963.56
108.96 964.121
108.546 964.78
107.789 965.956
107.28 966.705
106.375 967.954
105.675 968.862
104.999 969.699
103.806 971.09
103.02 971.981
100.55 974.708
99.562 975.842
99.228 976.247
98.839 976.735
98.464 977.229
98.052 977.799
97.603 978.46
97.178 979.134
96.775 979.824
96.396 980.528
96.042 981.244
95.71 981.974
95.396 982.734
95.111 983.488
94.858 984.227
94.624 984.969
94.431 985.632
94.278 986.199
94.083 986.971
93.905 987.74
93.73 988.539
93.563 989.342
93.352 990.417
92.884 992.885
92.277 996.008
92.149 996.595
92.029 997.192
91.916 997.68
91.758 998.403
91.432 999.769
91.08 1001.13
90.859 1001.93
90.737 1002.2
90.541 1002.43
90.282 1002.6
89.976 1002.69
89.661 1002.7
89.394 1002.63
88.438 1002.24
87.181 1001.8
86.426 1001.57
85.905 1001.4
85.598 1001.21
85.378 1000.91
85.296 1000.61
85.302 999.731
85.295 998.441
85.286 997.894
85.269 997.212
85.216 995.6
85.143 994.113
85.054 992.657
84.895 990.327
84.78 988.55
84.701 987.202
84.654 986.252
84.626 985.44
84.609 984.227
84.621 983.719
84.629 983.018
84.655 982.405
84.695 981.798
84.746 981.21
84.811 980.621
84.996 979.408
85.184 978.442
85.407 977.51
85.632 976.713
85.879 975.952
86.148 975.211
86.439 974.487
86.761 973.753
87.105 973.023
87.468 972.302
87.761 971.74
88.424 970.536
89.579 968.457
90.073 967.525
90.298 967.078
90.768 966.126
91.217 965.151
91.643 964.161
91.926 963.444
92.221 962.629
92.408 962.092
92.627 961.414
92.876 960.573
93.061 959.894
93.361 958.672
93.611 957.462
93.744 956.718
93.849 956.072
93.956 955.33
94.033 954.741
94.149 953.73
94.2 953.209
94.299 952.066
94.358 951.264
94.459 949.657
94.614 946.966
94.767 944.842
94.965 942.31
95.015 941.52
95.047 940.888
95.063 940.296
95.07 939.83
94.351 939.699
93.056 939.478
91.365 939.218
91.451 939.813
91.513 940.416
91.554 941.031
91.577 941.663
91.582 942.313
91.571 942.978
91.549 943.654
91.518 944.296
91.39 946.24
91.323 947.1
91.251 947.957
91.098 949.573
90.934 951.066
90.828 951.921
90.707 952.817
90.567 953.733
90.437 954.521
90.313 955.196
90.188 955.819
89.981 956.786
89.797 957.509
89.648 958.138
89.436 958.887
89.041 960.228
88.763 961.09
88.247 962.544
87.83 963.612
87.419 964.606
86.666 966.276
86.163 967.353
85.773 968.168
84.561 970.665
83.932 972.032
83.725 972.514
83.491 973.092
83.27 973.671
83.035 974.335
82.791 975.095
82.572 975.862
82.381 976.638
82.215 977.419
82.076 978.207
81.965 979.001
81.877 979.818
81.816 980.622
81.781 981.402
81.765 982.18
81.768 982.871
81.78 983.459
81.81 984.253
81.857 985.042
81.913 985.858
81.98 986.675
82.08 987.766
82.326 990.265
82.624 993.434
82.667 994.033
82.719 994.639
82.748 995.139
82.801 995.878
82.873 997.28
82.918 998.685
82.931 999.513
82.89 999.81
82.767 1000.09
82.567 1000.32
82.3 1000.5
81.998 1000.59
81.722 1000.6
81.178 1000.55
80.656 1000.49
79.324 1000.42
78.715 1000.41
78.16 1000.41
77.82 1000.37
77.504 1000.19
77.267 999.914
76.61 997.735
76.241 996.563
75.735 995.031
75.245 993.624
74.749 992.253
73.94 990.062
72.873 987.119
72.561 986.22
72.306 985.45
71.947 984.29
71.815 983.8
71.626 983.125
71.479 982.531
71.346 981.936
71.229 981.356
71.125 980.774
70.96 979.558
70.869 978.577
70.82 977.619
70.812 976.792
70.833 975.992
70.884 975.206
70.958 974.428
71.06 973.634
71.185 972.837
71.33 972.043
71.453 971.421
71.75 970.079
72.273 967.759
72.484 966.725
72.574 966.233
72.757 965.186
72.914 964.126
73.043 963.054
73.113 962.287
73.167 961.424
73.194 960.854
73.212 960.142
73.215 959.265
73.201 958.56
73.145 957.305
73.044 956.073
72.961 955.322
72.88 954.672
72.774 953.93
72.682 953.344
72.509 952.34
72.315 951.335
72.184 950.701
72.015 949.916
71.846 949.158
71.05 945.72
70.597 943.638
70.074 941.153
69.9 940.381
69.752 939.766
69.601 939.194
69.477 938.744
68.75 938.821
67.445 938.974
65.75 939.201
65.999 939.747
66.228 940.308
66.442 940.887
66.641 941.487
66.83 942.109
67.007 942.751
67.175 943.405
67.326 944.03
67.611 945.286
67.752 945.931
68.102 947.619
68.41 949.211
68.674 950.689
68.813 951.54
68.949 952.434
69.074 953.352
69.17 954.145
69.242 954.828
69.297 955.461
69.371 956.447
69.399 957.192
69.432 957.839
69.44 958.617
69.439 960.015
69.415 960.92
69.329 962.461
69.23 963.603
69.115 964.672
68.863 966.486
68.685 967.661
68.54 968.554
68.08 971.29
67.862 972.779
67.8 973.3
67.737 973.921
67.688 974.539
67.65 975.242
67.63 976.04
67.637 976.837
67.671 977.636
67.733 978.432
67.822 979.227
67.938 980.02
68.084 980.829
68.252 981.617
68.438 982.376
68.642 983.127
68.839 983.789
69.017 984.349
69.27 985.103
69.536 985.848
69.82 986.614
70.115 987.38
70.518 988.399
71.459 990.726
72.636 993.683
72.846 994.245
73.067 994.813
73.237 995.284
73.495 995.979
73.959 997.303
74.398 998.64
74.645 999.43
74.688 999.725
74.648 1000.02
74.521 1000.31
74.315 1000.55
74.05 1000.72
73.789 1000.81
72.698 1001.02
71.4 1001.33
70.835 1001.48
70.3 1001.64
69.936 1001.68
69.575 1001.59
69.292 1001.37
68.463 1000.09
67.774 999.049
67.393 998.484
66.476 997.157
65.611 995.947
64.748 994.769
63.355 992.894
62.299 991.462
61.502 990.371
60.949 989.597
60.486 988.929
59.815 987.918
59.553 987.484
59.18 986.89
58.871 986.362
58.576 985.828
58.301 985.305
58.037 984.775
57.535 983.655
57.171 982.74
56.856 981.835
56.614 981.043
56.41 980.269
56.236 979.501
56.089 978.734
55.963 977.943
55.858 977.143
55.773 976.34
55.717 975.709
55.623 974.338
55.471 971.964
55.383 970.913
55.331 970.415
55.211 969.36
55.062 968.298
54.885 967.234
54.736 966.478
54.544 965.634
54.409 965.08
54.227 964.391
53.982 963.549
53.771 962.877
53.363 961.689
52.919 960.535
52.628 959.838
52.367 959.236
52.056 958.554
51.802 958.018
51.353 957.103
51.116 956.638
50.58 955.623
50.197 954.916
49.821 954.238
48.089 951.163
47.068 949.293
45.865 947.055
45.481 946.364
45.166 945.816
44.86 945.309
44.614 944.913
43.938 945.191
42.73 945.705
41.167 946.401
41.56 946.855
41.938 947.329
42.306 947.824
42.666 948.344
43.021 948.887
43.373 949.453
43.719 950.034
44.356 951.152
44.983 952.295
45.392 953.054
45.795 953.814
46.54 955.258
46.829 955.832
47.21 956.6
47.583 957.377
47.964 958.197
48.342 959.042
48.658 959.777
48.92 960.412
49.151 961.003
49.5 961.929
49.736 962.636
49.951 963.247
50.178 963.99
50.571 965.332
50.802 966.208
51.154 967.71
51.381 968.834
51.572 969.892
51.842 971.704
52.002 972.882
52.443 976.534
52.566 977.425
52.654 978.024
52.741 978.541
52.856 979.154
52.983 979.761
53.144 980.447
53.35 981.218
53.581 981.981
53.839 982.738
54.123 983.484
54.431 984.222
54.767 984.951
55.135 985.685
55.518 986.395
55.91 987.07
56.318 987.733
56.693 988.313
57.021 988.8
57.476 989.452
57.941 990.091
58.43 990.747
58.928 991.398
59.602 992.263
61.161 994.231
63.124 996.736
63.484 997.216
63.855 997.699
64.595 998.697
65.412 999.837
66.211 1001
66.67 1001.68
66.794 1001.96
66.839 1002.25
66.799 1002.56
66.669 1002.85
66.464 1003.09
66.237 1003.25
65.214 1003.78
64.056 1004.44
63.579 1004.74
63.123 1005.03
62.786 1005.17
62.414 1005.19
62.081 1005.06
59.971 1003.25
59.446 1002.82
58.192 1001.8
57.02 1000.89
55.861 999.999
53.996 998.594
52.579 997.518
51.507 996.695
50.758 996.108
50.127 995.598
49.198 994.816
48.823 994.475
48.299 994.01
47.853 993.59
47.42 993.161
47.009 992.736
46.606 992.302
45.811 991.368
45.204 990.594
44.645 989.814
44.189 989.122
43.775 988.437
43.392 987.749
43.035 987.055
42.69 986.331
42.365 985.593
42.057 984.846
41.824 984.256
41.349 982.967
40.534 980.733
40.154 979.749
39.796 978.871
39.551 978.308
39.111 977.33
38.64 976.36
38.284 975.676
37.861 974.921
37.576 974.426
37.207 973.817
36.734 973.078
36.344 972.493
35.617 971.467
34.866 970.485
34.39 969.898
33.97 969.395
33.479 968.828
33.085 968.385
32.398 967.635
32.038 967.255
31.239 966.432
30.672 965.862
28.932 964.159
28.097 963.351
26.591 961.858
24.3 959.539
23.738 958.984
23.281 958.547
22.844 958.147
22.496 957.836
21.926 958.294
20.911 959.128
19.608 960.235
20.113 960.561
20.609 960.908
21.102 961.28
21.593 961.676
22.088 962.098
22.584 962.543
23.08 963.002
23.545 963.446
24.464 964.349
24.93 964.815
26.138 966.045
27.258 967.22
28.28 968.32
28.857 968.961
29.454 969.64
30.055 970.345
30.565 970.959
30.994 971.495
31.382 971.996
31.978 972.787
32.405 973.398
32.782 973.924
33.21 974.573
33.965 975.749
34.434 976.525
35.194 977.868
35.729 978.882
36.21 979.843
36.98 981.505
37.464 982.59
37.824 983.419
38.917 985.971
39.539 987.343
39.768 987.814
40.051 988.371
40.344 988.917
40.692 989.527
41.107 990.209
41.543 990.876
42.004 991.53
42.486 992.167
42.991 992.786
43.518 993.392
44.078 993.993
44.646 994.565
45.212 995.103
45.79 995.624
46.313 996.075
46.765 996.45
47.386 996.947
48.012 997.43
48.666 997.921
49.327 998.407
50.217 999.045
52.268 1000.5
54.857 1002.35
55.338 1002.7
55.83 1003.06
56.227 1003.37
56.82 1003.81
57.926 1004.68
59.019 1005.56
59.653 1006.1
59.849 1006.32
59.977 1006.59
60.024 1006.9
59.981 1007.22
59.852 1007.5
59.679 1007.72
58.816 1008.54
57.895 1009.51
57.536 1009.91
57.192 1010.3
56.91 1010.53
56.556 1010.65
56.201 1010.62
54.17 1009.71
53.668 1009.49
53.041 1009.22
51.552 1008.6
50.17 1008.05
48.808 1007.52
46.622 1006.7
44.959 1006.07
43.698 1005.58
42.815 1005.23
42.065 1004.91
40.954 1004.43
40.498 1004.21
39.863 1003.91
39.318 1003.63
38.782 1003.34
38.267 1003.05
37.759 1002.75
36.733 1002.07
35.931 1001.5
35.176 1000.91
34.545 1000.37
33.955 999.834
33.394 999.281
32.855 998.716
32.322 998.118
31.801 997.502
31.293 996.873
30.904 996.372
28.676 993.354
28.033 992.518
27.719 992.128
27.048 991.305
26.349 990.491
25.623 989.693
25.089 989.137
24.471 988.53
24.058 988.137
23.532 987.656
22.873 987.08
22.331 986.629
21.345 985.85
20.347 985.119
19.725 984.69
19.18 984.326
18.552 983.92
18.048 983.605
17.176 983.079
16.724 982.816
15.726 982.251
15.021 981.865
11.217 979.847
9.348 978.825
7.631 977.869
6.43 977.219
5.868 976.928
5.337 976.668
4.915 976.467
4.497 977.067
3.759 978.153
2.82 979.584
3.396 979.753
3.971 979.947
4.547 980.164
5.131 980.406
5.725 980.672
6.326 980.959
6.932 981.259
7.502 981.554
8.072 981.856
9.218 982.479
10.721 983.317
12.128 984.129
13.418 984.897
14.152 985.349
14.917 985.833
15.691 986.339
16.354 986.785
16.917 987.178
17.431 987.551
18.226 988.141
18.807 988.609
19.316 989.006
19.91 989.51
20.967 990.426
21.635 991.037
22.743 992.11
23.541 992.932
24.273 993.72
25.48 995.099
26.251 996.004
26.831 996.698
28.598 998.836
29.581 999.977
29.933 1000.37
30.362 1000.82
30.796 1001.26
31.303 1001.75
31.893 1002.29
32.5 1002.8
33.126 1003.3
33.768 1003.78
34.427 1004.23
35.103 1004.66
35.809 1005.08
36.516 1005.47
37.211 1005.83
37.912 1006.16
38.541 1006.45
39.081 1006.68
39.816 1006.98
40.553 1007.27
41.318 1007.56
42.089 1007.84
43.124 1008.2
45.499 1009.01
48.505 1010.06
49.068 1010.26
49.641 1010.47
50.802 1010.91
52.107 1011.43
53.404 1011.97
54.162 1012.3
54.423 1012.47
54.625 1012.71
54.752 1013
54.795 1013.31
54.749 1013.62
54.279 1014.49
54.029 1014.92
53.683 1015.57
53.64 1015.65
55.841 1017.03
56.214 1017.26
