0.3
0.7
56
34.968 1020.52
35.492 1020.32
35.982 1020.02
36.336 1019.71
36.736 1019.18
36.786 1019.1
37.638 1018.85
38.747 1018.48
39.837 1018.06
40.909 1017.6
41.166 1017.48
41.133 1016.94
41.057 1016.4
40.939 1015.86
40.781 1015.34
40.582 1014.83
40.344 1014.34
40.03 1013.81
39.699 1013.35
39.331 1012.91
38.929 1012.5
38.495 1012.13
37.992 1011.85
37.427 1011.71
36.847 1011.75
35.998 1012.02
35.064 1012.31
34.116 1012.54
33.157 1012.73
32.19 1012.87
31.217 1012.96
30.24 1013
29.264 1012.98
28.948 1012.97
28.587 1013.41
28.262 1013.88
27.977 1014.37
27.732 1014.88
27.53 1015.41
27.371 1015.96
27.258 1016.52
27.19 1017.08
27.168 1017.65
27.192 1018.22
27.262 1018.78
27.378 1019.34
27.538 1019.88
28.423 1019.95
29.591 1019.99
30.759 1019.99
31.926 1019.93
32.207 1019.91
32.759 1020.28
33.189 1020.47
33.84 1020.61
34.311 1020.63
18
33.655 1019.05
33.203 1018.78
32.869 1018.39
32.69 1017.9
32.69 1017.38
32.869 1016.89
33.203 1016.49
33.655 1016.23
34.168 1016.14
34.681 1016.23
35.132 1016.49
35.467 1016.89
35.645 1017.38
35.645 1017.9
35.467 1018.39
35.132 1018.78
34.681 1019.05
34.168 1019.14
273
30.992 1023.99
32.255 1023.92
33.513 1023.79
34.766 1023.62
36.01 1023.39
37.244 1023.11
38.464 1022.78
39.67 1022.4
40.858 1021.97
42.027 1021.49
43.175 1020.95
44.299 1020.37
45.398 1019.75
46.469 1019.08
47.511 1018.36
48.523 1017.6
49.501 1016.8
50.444 1015.96
51.351 1015.08
52.221 1014.16
53.05 1013.2
53.839 1012.21
54.586 1011.19
55.288 1010.14
55.946 1009.06
56.558 1007.95
57.122 1006.82
57.639 1005.67
58.106 1004.49
58.523 1003.3
58.889 1002.09
59.205 1000.86
59.468 999.626
59.679 998.379
59.837 997.125
59.942 995.864
59.994 994.601
59.993 993.336
59.938 992.073
59.83 990.812
59.669 989.558
59.456 988.312
59.19 987.075
58.872 985.851
58.503 984.641
58.083 983.448
57.613 982.274
57.094 981.121
56.527 979.99
55.913 978.885
55.253 977.806
54.548 976.756
53.8 975.737
53.009 974.75
52.309 973.903
51.62 973.047
50.942 972.183
50.277 971.31
49.623 970.429
48.982 969.539
48.353 968.64
47.784 967.8
47.181 966.885
46.592 965.96
45.974 964.958
45.415 964.015
44.87 963.064
44.381 962.176
43.828 961.136
43.331 960.16
42.85 959.176
42.385 958.184
41.935 957.185
41.502 956.179
41.085 955.166
40.685 954.146
40.3 953.121
39.933 952.089
39.581 951.051
39.246 950.008
38.928 948.959
38.626 947.906
38.34 946.848
38.069 945.786
37.813 944.719
37.573 943.649
37.347 942.575
37.135 941.498
36.937 940.417
36.753 939.334
36.425 937.16
36.148 934.978
35.919 932.79
35.732 930.595
35.583 928.395
35.469 926.19
35.392 924.147
35.333 921.936
35.293 919.556
35.231 912.886
35.208 911.766
35.175 910.724
35.116 909.589
35.065 908.928
34.998 908.335
34.906 907.841
34.765 907.358
34.576 906.892
34.341 906.447
34.063 906.028
33.744 905.639
33.387 905.284
32.997 904.967
32.577 904.691
32.131 904.458
31.664 904.271
31.181 904.132
30.686 904.043
30.184 904.003
29.682 904.014
29.182 904.076
28.692 904.187
28.215 904.347
27.757 904.554
27.322 904.806
26.914 905.101
26.538 905.435
26.198 905.805
25.896 906.207
25.636 906.638
25.421 907.092
25.253 907.566
25.133 908.055
24.885 909.307
24.623 910.556
24.348 911.801
24.057 913.041
23.75 914.277
23.451 915.415
23.113 916.641
22.755 917.861
22.377 919.075
21.951 920.373
21.534 921.574
21.133 922.681
20.186 925.159
19.25 927.566
18.631 929.173
18.028 930.786
16.858 933.994
16.556 934.773
16.264 935.477
15.926 936.214
15.53 936.97
15.119 937.631
14.661 938.246
14.152 938.813
13.593 939.328
13.15 939.816
12.941 940.17
12.74 940.799
12.697 941.208
12.777 941.863
12.908 942.253
13.255 942.816
13.537 943.115
14.085 943.484
14.467 943.636
15.12 943.743
15.53 943.724
16.167 943.548
16.532 943.359
17.163 942.872
17.604 942.551
18.363 942.079
18.856 941.833
19.654 941.524
20.15 941.395
20.953 941.286
21.761 941.335
22.317 941.499
22.776 941.781
23.109 942.131
37.611 959.463
37.791 959.791
37.953 960.817
38.367 963.752
38.352 964.106
38.229 964.411
38.047 964.633
37.77 964.81
37.45 964.888
37.139 964.863
35.912 964.59
34.675 964.367
33.429 964.198
32.178 964.08
30.923 964.015
29.666 964.003
28.409 964.043
27.156 964.136
25.908 964.282
24.667 964.479
23.435 964.729
22.214 965.029
21.008 965.381
19.817 965.783
18.643 966.234
17.491 966.734
16.359 967.282
15.253 967.878
14.171 968.519
13.118 969.204
12.094 969.933
11.102 970.704
10.142 971.516
9.218 972.368
8.33 973.257
7.451 974.216
6.537 975.307
5.77 976.312
5.046 977.349
4.366 978.416
3.732 979.51
3.144 980.63
2.605 981.774
2.114 982.939
1.672 984.124
1.281 985.327
0.941 986.545
0.653 987.777
0.417 989.019
0.233 990.27
0.102 991.528
0.024 992.791
0 994.055
0.029 995.319
0.111 996.581
0.246 997.839
0.435 999.089
0.657 1000.24
0.946 1001.47
1.287 1002.69
1.678 1003.89
2.154 1005.16
2.649 1006.33
3.193 1007.47
3.784 1008.59
4.422 1009.68
5.106 1010.74
5.833 1011.78
6.604 1012.78
7.416 1013.75
8.269 1014.68
9.16 1015.58
10.088 1016.44
11.051 1017.26
12.048 1018.04
13.077 1018.77
14.136 1019.46
15.224 1020.11
16.337 1020.71
17.475 1021.26
18.635 1021.76
19.815 1022.22
21.014 1022.62
22.228 1022.98
23.456 1023.28
24.696 1023.53
25.945 1023.73
27.202 1023.87
28.463 1023.96
29.727 1024
145
29.26 1022.49
28.027 1022.43
26.798 1022.32
25.574 1022.15
24.359 1021.93
23.154 1021.66
21.962 1021.34
20.786 1020.97
19.627 1020.54
18.487 1020.07
17.369 1019.54
16.274 1018.97
15.205 1018.35
14.165 1017.69
13.154 1016.98
12.174 1016.23
11.227 1015.44
10.316 1014.6
9.443 1013.73
8.607 1012.82
7.812 1011.88
7.059 1010.9
6.348 1009.89
5.682 1008.85
5.062 1007.78
4.488 1006.69
3.962 1005.57
3.486 1004.43
3.059 1003.27
2.682 1002.1
2.357 1000.91
2.084 999.705
1.863 998.49
1.695 997.266
1.58 996.037
1.519 994.805
1.509 993.57
1.554 992.336
1.653 991.106
1.805 989.88
2.01 988.663
2.268 987.455
2.577 986.26
2.938 985.08
3.35 983.916
3.812 982.771
4.324 981.647
4.883 980.546
5.489 979.471
6.142 978.423
6.839 977.404
7.58 976.416
8.362 975.461
9.186 974.542
10.049 973.659
10.948 972.814
11.884 972.008
12.854 971.244
13.856 970.523
14.888 969.846
15.949 969.214
17.036 968.628
18.147 968.09
19.28 967.601
20.434 967.162
21.606 966.773
22.793 966.435
23.995 966.148
25.207 965.914
26.428 965.733
27.656 965.605
28.888 965.53
30.122 965.508
31.356 965.539
32.588 965.624
33.815 965.763
35.035 965.955
36.245 966.2
37.443 966.496
38.628 966.844
39.796 967.243
40.946 967.693
42.075 968.192
43.182 968.739
44.264 969.334
45.318 969.975
46.345 970.661
47.341 971.391
48.304 972.164
49.232 972.977
50.125 973.83
50.98 974.721
51.795 975.648
52.57 976.609
53.302 977.603
53.991 978.628
54.634 979.682
55.231 980.763
55.781 981.868
56.282 982.996
56.734 984.145
57.136 985.312
57.487 986.496
57.786 987.694
58.033 988.903
58.228 990.123
58.369 991.349
58.457 992.581
58.492 993.815
58.475 995.049
58.403 996.282
58.278 997.51
58.099 998.731
57.868 999.944
57.584 1001.15
57.248 1002.33
56.862 1003.51
56.425 1004.66
55.938 1005.8
55.403 1006.91
54.82 1008
54.19 1009.06
53.515 1010.09
52.796 1011.1
52.034 1012.07
51.231 1013
50.388 1013.91
49.506 1014.77
48.588 1015.6
47.635 1016.38
46.649 1017.12
45.632 1017.82
44.585 1018.48
43.511 1019.09
42.412 1019.65
41.289 1020.16
40.145 1020.63
38.982 1021.04
37.802 1021.4
36.608 1021.72
35.401 1021.98
34.183 1022.18
32.959 1022.34
31.729 1022.44
30.495 1022.49
