0.3
0.7
129
211.5 1023.07
211.5 1023.5
211 1023.5
211 1023
204.5 1022.07
204.5 1023.07
204 1023
204 1022
197.5 1021.07
197.5 1022.07
197 1022
197 1021
190.5 1020.07
190.5 1021.07
190 1021
190 1020
183.5 1019.07
183.5 1020.07
183 1020
183 1019
176.5 1018.07
176.5 1019.07
176 1019
176 1018
169.5 1017.07
169.5 1018.07
169 1018
169 1017
162.5 1016.07
162.5 1017.07
162 1017
162 1016
155.5 1015.07
155.5 1016.07
155 1016
155 1015
149 1014.14
149 1014.64
148.5 1014.57
148.5 1015.07
148 1015
148 1014
141.5 1013.07
141.5 1014.07
141 1014
141 1013
134.5 1012.07
134.5 1013.07
134 1013
134 1012
127.5 1011.07
127.5 1012.07
127 1012
127 1011
120.5 1010.07
120.5 1011.07
120 1011
120 1010
113.5 1009.07
113.5 1010.07
113 1010
113 1009
106.5 1008.07
106.5 1009.07
106 1009
106 1008
99.5 1007.07
99.5 1008.07
99 1008
99 1007
92.5 1006.07
92.5 1007.07
92 1007
92 1006
85.5 1005.07
85.5 1006.07
85 1006
85 1005
79 1004.14
79 1004.64
78.5 1004.57
78.5 1005.07
78 1005
78 1004
71.5 1003.07
71.5 1004.07
71 1004
71 1003
64.5 1002.07
64.5 1003.07
64 1003
64 1002
57.5 1001.07
57.5 1002.07
57 1002
57 1001
50.5 1000.07
50.5 1001.07
50 1001
50 1000
43.5 999.071
43.5 1000.07
43 1000
43 999
36.5 998.071
36.5 999.071
36 999
36 998
29.5 997.071
29.5 998.071
29 998
29 997
22.5 996.071
22.5 997.071
22 997
22 996
15.5 995.071
15.5 996.071
15 996
15 995
9 994.143
9 994.643
8.5 994.571
8.5 995.071
8 995
8 994
0 994
0 1024
218 1024
