0.3
0.7
64
6.7 1015.46
6.275 1015.6
6.227 1015.64
6.204 1015.64
6.064 1015.75
5.96 1015.82
5.946 1015.84
5.911 1015.86
5.829 1015.97
5.679 1016.14
5.646 1016.21
5.606 1016.27
5.553 1016.41
5.491 1016.54
5.481 1016.61
5.456 1016.68
5.447 1016.83
5.421 1016.99
5.432 1017.07
5.428 1017.15
5.465 1017.3
5.486 1017.45
5.515 1017.51
5.531 1017.58
5.607 1017.71
5.672 1017.86
5.72 1017.91
5.754 1017.97
5.86 1018.08
5.943 1018.17
5.992 1018.21
6.039 1018.25
6.16 1018.32
6.298 1018.42
6.372 1018.44
6.433 1018.47
6.574 1018.51
6.726 1018.56
6.798 1018.56
6.865 1018.57
7.021 1018.56
6.798 1018.56
6.574 1018.51
6.372 1018.44
6.16 1018.32
5.992 1018.21
5.86 1018.08
5.72 1017.91
5.607 1017.71
5.515 1017.51
5.465 1017.3
5.432 1017.07
5.447 1016.83
5.481 1016.61
5.553 1016.41
5.646 1016.21
5.829 1015.97
5.946 1015.84
6.064 1015.75
6.227 1015.64
6.711 1015.47
7.14 1015.82
7.168 1015.85
6.711 1015.47
30
8.407 1017.67
8.334 1017.83
8.241 1017.95
8.05 1018.16
7.805 1018.34
7.642 1018.43
7.561 1018.46
7.257 1018.55
7.021 1018.56
7.185 1018.57
7.257 1018.55
7.336 1018.54
7.561 1018.46
7.625 1018.45
7.642 1018.43
7.687 1018.42
7.805 1018.34
8 1018.22
8.05 1018.16
8.107 1018.12
8.241 1017.95
8.319 1017.86
8.334 1017.83
8.353 1017.8
8.407 1017.67
8.502 1017.46
8.509 1017.41
8.522 1017.38
8.57 1017.02
8.509 1017.41
163
6.265 1023.63
6.605 1023.23
6.872 1022.78
7.022 1022.33
7.027 1021.81
7.534 1021.78
7.831 1021.74
7.925 1022.24
8.114 1022.61
8.465 1023.02
8.873 1023.36
9.32 1023.65
9.421 1023.66
9.509 1023.62
9.664 1023.14
9.761 1022.65
9.78 1022.13
9.696 1021.64
9.427 1021.15
9.874 1020.86
10.087 1020.69
10.437 1021.09
10.842 1021.33
11.414 1021.51
11.94 1021.58
12.397 1021.59
12.477 1021.46
12.357 1020.92
12.168 1020.41
11.917 1019.97
11.593 1019.62
11.184 1019.37
11.428 1018.87
11.515 1018.65
12.016 1018.82
12.489 1018.83
13.074 1018.7
13.585 1018.49
13.967 1018.28
13.966 1018.12
13.59 1017.71
13.152 1017.35
12.711 1017.1
12.256 1016.97
11.804 1016.97
11.763 1016.37
11.731 1016.17
12.225 1016.08
12.574 1015.9
12.985 1015.56
13.339 1015.14
13.629 1014.69
13.654 1014.58
13.597 1014.49
13.058 1014.32
12.528 1014.23
12.006 1014.23
11.561 1014.33
11.144 1014.57
10.864 1014.15
10.693 1013.9
11.078 1013.56
11.325 1013.15
11.482 1012.66
11.565 1012.16
11.584 1011.66
11.577 1011.6
11.454 1011.52
10.897 1011.65
10.398 1011.83
9.952 1012.09
9.613 1012.41
9.372 1012.82
8.892 1012.59
8.639 1012.49
8.804 1012.01
8.83 1011.64
8.748 1011.13
8.587 1010.66
8.338 1010.15
8.252 1010.03
8.109 1010.03
7.724 1010.38
7.397 1010.77
7.129 1011.21
6.972 1011.66
6.963 1012.2
6.388 1012.23
6.159 1012.27
6.066 1011.78
5.876 1011.4
5.507 1010.97
5.1 1010.64
4.665 1010.36
4.567 1010.35
4.486 1010.38
4.325 1010.87
4.228 1011.39
4.212 1011.91
4.302 1012.39
4.554 1012.84
4.144 1013.13
3.903 1013.32
3.553 1012.92
3.148 1012.68
2.613 1012.51
2.113 1012.43
1.593 1012.42
1.513 1012.55
1.625 1013.06
1.822 1013.6
2.076 1014.04
2.398 1014.39
2.814 1014.63
2.587 1015.08
2.475 1015.36
2.003 1015.2
1.586 1015.17
1.063 1015.27
0.589 1015.44
0.14 1015.66
0.018 1015.76
0.009 1015.88
0.393 1016.29
0.817 1016.64
1.252 1016.9
1.705 1017.04
2.186 1017.04
2.219 1017.57
2.259 1017.84
1.738 1017.94
1.327 1018.17
0.91 1018.55
0.595 1018.94
0.321 1019.39
0.401 1019.53
0.932 1019.69
1.462 1019.78
1.965 1019.78
2.419 1019.68
2.854 1019.45
3.202 1019.96
3.311 1020.1
2.912 1020.45
2.665 1020.86
2.508 1021.35
2.425 1021.85
2.406 1022.35
2.413 1022.41
2.536 1022.49
3.093 1022.36
3.592 1022.18
4.038 1021.92
4.376 1021.6
4.618 1021.19
5.161 1021.45
5.351 1021.52
5.183 1022.01
5.171 1022.5
5.291 1023.05
5.473 1023.52
5.723 1023.98
5.881 1023.98
43
6.455 1021.36
5.81 1021.23
5.207 1021.01
4.641 1020.71
4.186 1020.38
3.73 1019.94
3.34 1019.43
3.025 1018.87
2.783 1018.24
2.643 1017.57
2.609 1016.91
2.674 1016.25
2.834 1015.61
3.078 1015.03
3.402 1014.49
3.774 1014.03
4.223 1013.6
4.752 1013.23
5.348 1012.94
5.98 1012.74
6.643 1012.63
7.314 1012.63
7.969 1012.73
8.588 1012.92
9.153 1013.18
9.662 1013.52
10.109 1013.91
10.396 1014.23
10.766 1014.76
11.062 1015.36
11.264 1015.99
11.368 1016.65
11.371 1017.32
11.273 1017.98
11.083 1018.6
10.815 1019.16
10.479 1019.67
10.076 1020.13
9.599 1020.54
9.046 1020.88
8.436 1021.15
7.791 1021.32
7.123 1021.39
