0.3
0.7
155
49.135 975.268
49.034 975.839
48.901 976.663
48.736 977.253
48.556 977.76
48.366 978.271
47.949 979.165
47.636 979.748
47.331 980.257
46.774 981.04
46.364 981.602
45.519 982.533
45.131 982.943
44.759 983.301
44.252 983.758
43.596 984.307
43.087 984.719
41.661 985.828
40.191 987.007
38.755 988.152
36.116 990.191
33.088 992.326
32.611 992.639
31.329 993.44
30.981 993.656
30.982 997.752
33.518 998.43
36.154 999.001
38.135 999.448
39.296 999.617
41.331 999.947
42.138 1000.11
44.294 1000.26
45.582 1000.39
46.731 1000.38
48.823 1000.34
49.174 1000.35
51.833 999.91
52.287 999.844
52.836 999.665
55.073 998.849
56.661 997.891
57.581 997.268
58.219 996.627
58.888 995.989
59.672 995.185
60.302 994.361
61.256 993.125
62.969 990.961
63.627 990.063
64.33 989.222
65.57 987.701
66.213 987.052
66.674 986.594
67.058 986.175
67.405 985.807
68.604 984.687
70.017 983.52
71.733 982.26
72.512 981.752
73.56 981.168
74.957 980.34
76.458 979.598
77.328 979.159
78.045 978.79
78.934 978.372
81.357 977.158
82.014 976.839
83.21 975.98
83.64 975.51
95.564 975.52
95.568 974.207
95.568 974.129
92.406 974.125
95.568 974.125
95.564 972.73
83.64 972.74
83.235 972.288
82.072 971.449
81.466 971.148
78.935 969.879
78.046 969.459
77.566 969.22
76.459 968.653
75.993 968.425
75.272 968.066
74.395 967.578
73.829 967.241
72.512 966.498
72.013 966.185
70.166 964.841
69.376 964.205
68.798 963.724
68.195 963.181
67.219 962.26
66.673 961.657
65.779 960.766
64.626 959.39
63.875 958.469
62.968 957.29
62.477 956.663
61.403 955.302
60.303 953.89
59.742 953.15
58.889 952.26
58.22 951.624
57.581 950.982
57.047 950.62
55.072 949.402
53.251 948.719
52.287 948.406
51.249 948.239
50.52 948.136
49.577 947.961
49.174 947.903
46.026 947.851
45.583 947.855
44.599 947.951
43.414 948.041
42.237 948.118
41.33 948.302
39.297 948.634
38.439 948.764
37.131 949.029
36.537 949.162
33.518 949.82
30.981 950.497
30.98 954.593
32.612 955.61
33.087 955.923
35.76 957.808
36.52 958.37
38.584 959.962
41.509 962.299
43.087 963.531
43.505 963.869
44.253 964.491
44.743 964.934
45.132 965.306
45.52 965.716
46.363 966.647
46.774 967.21
47.168 967.764
47.487 968.254
47.823 968.85
48.194 969.57
48.556 970.49
48.734 970.992
48.9 971.586
48.999 972.194
49.095 972.749
49.163 973.516
49.174 974.027
49.175 974.125
49.164 974.733
