0.3
0.7
120
104.175 966.783
104.174 966.327
101.152 966.341
98.024 966.33
97.498 965.058
96.973 964.022
96.051 962.391
95.12 960.984
94.273 959.909
93.95 959.511
93.499 958.907
92.317 957.561
90.709 955.795
90.34 955.403
88.851 953.79
88.328 953.205
87.663 952.477
86.811 951.493
86.288 950.841
85.701 950.148
84.37 948.328
83.929 947.651
83.291 946.776
82.093 944.857
81.34 943.74
80.547 942.85
80.296 942.636
79.294 941.955
78.772 941.703
78.019 941.349
76.425 940.786
75.107 940.53
73.732 940.283
72.616 940.172
72.087 940.114
70.852 940.055
69.365 940.017
38.706 940.042
37.773 940.05
37.192 940.066
34.68 940.17
33.897 940.255
31.532 940.469
30.814 940.495
30.512 940.52
29.983 940.484
28.874 940.287
28.449 940.003
28.267 939.885
27.289 938.899
26.246 938.048
24.272 936.382
23.67 935.943
22.839 935.306
22.837 944.799
25.275 945.574
29.157 946.969
32.83 948.445
33.364 948.651
33.93 948.902
34.997 949.243
36.084 949.293
37.294 949.096
37.748 948.878
38.353 948.492
38.855 948.052
39.099 947.767
39.406 947.329
39.948 946.589
40.317 946.134
40.685 945.766
41.088 945.446
41.66 945.23
41.926 945.148
42.573 945.075
43.446 945.038
69.749 945.017
71.184 945.06
71.827 945.147
72.501 945.305
72.898 945.418
73.478 945.676
75.964 947.047
77.089 947.802
77.916 948.651
78.433 949.586
78.5 949.92
78.556 953.998
78.631 954.471
78.642 958.135
78.683 958.727
78.738 959.171
78.932 959.926
79.486 961.008
79.683 961.323
80.146 961.804
80.521 962.238
81.037 962.686
82.556 963.739
83.023 963.977
84.135 964.508
84.687 964.73
86.156 965.231
87.949 965.781
89.184 966.038
90.482 966.351
91.739 966.556
92.409 966.659
93.101 966.815
95.071 967.105
96.022 967.279
97.267 967.424
98.067 967.576
98.81 967.641
99.637 967.751
100.31 967.821
101.521 967.851
102.645 967.907
103.397 967.926
104.176 967.94
123
23.508 1012.43
24.021 1012.06
25.455 1010.87
26.246 1010.2
26.945 1009.63
27.288 1009.35
27.952 1008.68
28.267 1008.37
28.833 1007.99
29.461 1007.86
29.982 1007.76
30.511 1007.73
31.19 1007.79
31.531 1007.78
33.898 1007.99
34.679 1008.08
37.566 1008.2
38.278 1008.2
69.364 1008.23
70.853 1008.2
71.87 1008.16
72.539 1008.09
73.731 1007.97
74.619 1007.81
76.425 1007.46
78.02 1006.9
78.773 1006.55
79.293 1006.29
80.295 1005.62
80.548 1005.4
81.232 1004.67
82.092 1003.39
83.291 1001.47
83.66 1000.97
84.371 999.923
84.909 999.185
85.702 998.103
86.287 997.41
86.659 996.953
87.414 996.074
88.815 994.502
90.056 993.118
90.708 992.456
91.235 991.893
92.316 990.69
93.223 989.652
93.5 989.344
93.949 988.738
94.851 987.629
95.881 986.109
96.806 984.559
97.499 983.193
98.023 981.921
100.735 981.907
104.175 981.924
104.176 980.31
102.645 980.343
101.522 980.398
100.317 980.429
99.637 980.499
99.017 980.593
98.185 980.653
97.279 980.823
96.351 980.911
95.072 981.144
93.102 981.436
92.41 981.59
90.587 981.874
89.642 982.102
88.601 982.334
88.047 982.448
86.286 982.98
84.686 983.519
84.135 983.742
83.388 984.092
82.557 984.512
81.176 985.455
80.551 985.985
80.145 986.445
79.683 986.927
79.145 987.895
78.931 988.323
78.803 988.827
78.689 989.424
78.641 990.018
78.64 990.713
78.63 993.78
78.557 994.251
78.501 998.329
78.434 998.663
77.917 999.598
77.088 1000.45
75.965 1001.2
73.505 1002.56
72.899 1002.83
72.089 1003.05
71.304 1003.18
69.75 1003.23
42.93 1003.21
42.259 1003.14
41.904 1003.1
41.29 1002.9
40.933 1002.68
40.501 1002.32
40.142 1001.92
39.601 1001.18
39.1 1000.48
38.643 999.989
38.117 999.608
37.685 999.344
37.293 999.155
36.736 999.062
36.224 998.967
35.578 998.98
34.998 999.006
33.93 999.348
33.365 999.6
32.829 999.804
29.6 1001.11
27.617 1001.83
25.274 1002.68
22.838 1003.45
22.839 1012.94
