0.3
0.7
47
69.444 945.039
69.443 940.061
63.531 940.044
37.3 940.068
36.724 939.94
36.191 939.759
35.32 939.425
31.591 937.903
27.317 935.913
26.762 935.638
25.776 935.136
24.739 934.592
23.377 933.894
21.944 933.139
20.657 932.445
16.21 929.916
15.254 929.36
12 927.438
11.346 927.033
9.219 925.776
9.218 941.196
12.394 941.332
12.54 941.338
12.525 935.54
12.525 935.472
14.107 934.944
14.107 941.353
17.039 941.398
20.289 941.471
22.526 941.564
25.78 941.778
28.088 941.995
30.464 942.242
32.381 942.505
34.934 942.868
35.587 942.977
37.55 943.326
38.434 943.494
38.792 943.563
62.764 943.546
63.163 943.596
63.422 943.788
63.59 944.07
63.68 944.571
63.857 944.83
64.167 945.012
64.867 945.043
60
95.306 1003.78
96.08 1002.89
96.929 1001.75
97.347 1001.2
97.78 1000.47
98.214 999.709
98.462 999.218
98.865 998.385
99.136 997.741
99.537 996.765
99.716 996.258
100.07 995.206
100.446 993.887
100.591 993.341
100.87 992.106
101.112 990.933
101.226 990.33
101.399 989.167
101.482 988.651
101.647 987.551
101.726 986.871
101.963 984.496
102.165 981.528
102.298 977.582
102.335 974.125
102.298 970.668
102.165 966.722
102.083 965.546
101.963 963.754
101.727 961.38
101.648 960.7
101.482 959.599
101.399 959.083
101.227 957.921
101.113 957.318
100.92 956.365
100.592 954.91
100.447 954.364
100.305 953.857
100.078 953.07
99.716 951.992
99.536 951.486
98.935 950.021
98.666 949.453
98.214 948.541
97.78 947.783
97.347 947.055
96.93 946.503
96.351 945.684
95.306 944.466
94.897 944.034
94.905 945.244
94.93 974.125
94.928 975.125
97.502 975.125
97.499 977.125
101.005 977.125
101.004 990.625
94.915 990.625
94.897 1004.22
8
69.442 1008.19
69.444 1003.25
68.706 1003.21
67.984 1003.21
66.033 1003.21
66.01 1003.92
66.01 1008.21
69.401 1008.21
37
11.345 1021.22
12 1020.81
15.811 1018.56
20.657 1015.8
21.943 1015.11
23.376 1014.36
24.738 1013.66
25.775 1013.12
26.761 1012.61
27.316 1012.34
31.591 1010.35
35.321 1008.83
35.961 1008.58
36.632 1008.33
37.237 1008.2
43.041 1008.19
58.01 1008.2
58.01 1004.7
38.792 1004.69
37.893 1004.86
35.588 1005.27
34.942 1005.38
30.463 1006.01
28.088 1006.25
26.077 1006.45
22.526 1006.69
20.288 1006.78
17.039 1006.85
14.107 1006.9
14.106 1013.3
12.669 1012.83
12.525 1012.78
12.539 1007.01
12.54 1006.91
9.378 1007.05
9.219 1007.05
9.219 1022.47
