0.3
0.7
49
40.784 982.966
41.542 982.766
42.402 982.603
43.439 982.342
45.225 981.912
46.269 981.614
46.954 981.403
49.243 980.754
51.104 980.107
52.162 979.787
53.194 979.407
53.951 979.168
54.583 978.939
55.663 978.554
56.457 978.26
57.85 977.72
59.806 976.933
61.057 976.372
61.62 976.087
62.239 975.739
62.627 975.505
70.958 975.512
70.96 974.854
70.962 973.482
70.958 972.902
70.958 972.738
62.863 972.745
62.627 972.745
61.62 972.163
61.102 971.899
60.229 971.487
57.851 970.531
56.458 969.989
55.663 969.696
53.951 969.082
53.432 968.918
52.524 968.596
51.553 968.279
49.243 967.496
46.955 966.848
46.268 966.637
45.294 966.354
43.836 966.022
42.767 965.717
41.846 965.542
41.127 965.374
40.278 965.201
38.562 964.923
38.563 983.326
19
40.768 977.037
40.394 977.036
40.394 973.018
40.395 971.213
43.287 971.211
43.45 971.211
43.45 972.145
43.449 972.45
44.166 972.361
44.671 972.391
45.131 972.436
45.893 972.661
45.893 975.463
45.894 975.588
45.345 975.751
45.132 975.815
44.166 975.889
43.45 975.801
43.45 977.039
