0.3
0.7
145
47.276 984.672
47.01 984.673
47.01 982.568
46.634 982.964
45.728 983.787
45.281 984.162
44.783 984.565
42.887 986.043
41.536 987.131
40.104 988.273
37.783 990.064
34.891 992.111
33.817 992.819
33.079 993.278
32.41 993.681
31.668 994.139
30.945 994.601
30.139 995.041
30.139 998.983
32.97 999.759
34.367 1000.13
38.158 1001.03
40.844 1001.51
41.34 1001.61
42.417 1001.8
43.176 1001.87
44.624 1002.02
45.45 1002.14
46.052 1002.21
47.878 1002.23
49.553 1002.32
52.813 1002.03
54.726 1001.56
55.545 1001.35
55.834 1001.25
57.058 1000.69
58.339 1000.06
59.486 999.23
60.707 998.148
62.036 996.576
62.892 995.387
63.359 994.707
64.327 993.19
65.416 991.678
66.397 990.257
68.272 987.94
69.361 986.765
69.797 986.261
70.302 985.761
71.083 985.039
71.566 984.585
72.605 983.73
73.584 982.986
74.305 982.456
75.173 981.872
75.942 981.384
76.747 980.918
77.751 980.363
78.718 979.851
79.808 979.35
80.936 978.77
81.687 978.392
83.242 977.584
83.771 977.279
84.432 976.838
84.908 976.507
85.34 976.11
85.808 975.585
85.876 975.51
98.298 975.521
98.302 974.135
94.603 974.125
98.302 974.125
98.298 972.854
98.298 972.729
85.875 972.74
85.46 972.275
85.067 971.891
84.641 971.556
84.175 971.233
83.559 970.849
82.62 970.343
81.686 969.859
80.937 969.481
79.809 968.899
79.166 968.587
78.718 968.399
77.139 967.558
75.942 966.866
74.602 966.015
72.898 964.76
71.566 963.665
70.451 962.627
69.797 961.989
69.36 961.486
68.313 960.351
66.397 957.993
65.605 956.843
64.522 955.331
63.54 953.81
62.922 952.907
62.037 951.673
60.907 950.338
60.706 950.103
59.616 949.115
58.34 948.189
57.379 947.734
55.835 946.997
54.725 946.69
54.169 946.551
52.814 946.219
49.553 945.929
47.879 946.023
46.052 946.043
45.451 946.107
44.624 946.23
43.675 946.341
42.417 946.45
41.341 946.64
40.845 946.737
38.158 947.217
34.832 948.009
32.971 948.492
30.138 949.266
30.138 953.208
30.944 953.65
31.669 954.11
32.41 954.569
33.078 954.971
33.817 955.431
34.48 955.868
35.481 956.555
37.781 958.184
40.104 959.977
41.194 960.845
42.697 962.052
45.069 963.914
45.638 964.386
46.112 964.808
46.609 965.258
46.968 965.635
47.01 965.682
47.01 963.578
55.01 963.577
55.01 984.672
