0.3
0.7
139
104.177 966.257
104.177 965.987
103.633 965.985
95.163 966
94.37 964.904
93.839 964.268
93.313 963.746
92.933 963.329
92.285 962.68
91.844 962.316
91.38 961.9
90.995 961.527
89.065 959.842
88.338 959.269
87.295 958.347
86.29 957.447
84.976 956.041
84.047 955.022
83.604 954.482
83.064 953.791
82.22 952.59
81.85 952.111
80.996 950.884
80.513 950.112
79.651 948.68
78.965 947.441
77.897 945.449
77.565 944.904
77.214 944.369
76.655 943.581
76.01 942.878
74.649 941.984
74 941.688
72.69 941.165
70.995 940.704
69.429 940.456
68.806 940.368
67.444 940.219
66.655 940.144
66.021 940.094
63.595 940.032
62.827 940.019
46.556 940.032
44.541 940.048
42.443 940.134
41.637 940.19
39.822 940.373
39.108 940.453
37.083 940.754
36.236 940.901
34.997 941.069
34.3 941.186
32.923 941.368
31.839 941.573
31.165 941.683
30.138 941.842
29.59 941.917
27.941 942.162
27.284 942.245
26.698 942.366
25.241 942.607
24.656 942.694
24.383 942.725
24.383 946.099
24.382 946.166
26.205 946.82
30.623 948.602
32.256 949.322
33.016 949.664
34.289 950.221
34.997 950.488
35.848 950.822
37.001 950.957
37.81 950.844
38.311 950.691
38.812 950.508
39.329 950.176
39.631 949.992
39.928 949.581
40.229 949.178
40.362 948.839
40.851 947.9
41.196 947.49
41.606 947.073
42.161 946.639
42.541 946.386
43.317 945.945
43.823 945.644
44.893 945.402
45.581 945.283
46.977 945.15
47.839 945.129
60.223 945.135
62.581 945.142
63.625 945.169
65.181 945.226
66.515 945.394
67.568 945.551
68.407 945.793
69.628 946.163
70.936 946.671
71.549 946.921
72.361 947.354
72.98 947.709
73.131 947.815
73.707 948.404
73.982 948.718
74.234 949.173
74.484 949.662
74.495 950.411
74.632 951.272
74.66 953.497
74.678 959.359
74.859 960.771
75.231 961.684
75.386 962.061
75.816 962.575
76.17 963.076
76.616 963.464
77.041 963.812
78.28 964.615
78.974 964.917
79.794 965.291
80.825 965.646
81.561 965.89
82.345 966.072
82.902 966.178
83.975 966.456
86.389 966.846
87.467 966.953
88.879 967.112
89.767 967.201
91.627 967.328
92.174 967.351
92.856 967.358
93.918 967.399
94.766 967.469
96.722 967.481
104.179 967.499
132
63.595 1008.22
66.02 1008.16
66.633 1008.11
68.332 1007.95
70.632 1007.62
72.5 1007.15
73.237 1006.87
74 1006.56
74.542 1006.32
75.822 1005.52
76.34 1005.04
76.656 1004.67
77.11 1004.03
77.565 1003.35
77.896 1002.8
79.423 999.948
80.513 998.138
80.997 997.367
81.575 996.492
82.22 995.66
82.882 994.695
83.524 993.866
84.046 993.227
84.858 992.334
86.244 990.845
88.019 989.261
89.064 988.409
90.994 986.724
91.38 986.35
91.843 985.933
92.285 985.57
92.806 985.05
93.194 984.62
93.839 983.982
94.369 983.347
95.163 982.25
104.177 982.263
104.179 980.75
98.473 980.763
96.948 980.761
95.802 980.775
94.766 980.781
93.918 980.851
92.857 980.891
92.174 980.899
91.628 980.923
89.768 981.05
89.142 981.11
87.467 981.297
86.491 981.386
83.976 981.795
83.478 981.92
82.903 982.071
82.345 982.178
81.727 982.305
80.826 982.605
80.129 982.827
78.281 983.636
77.042 984.439
76.617 984.787
76.17 985.174
75.817 985.676
75.477 986.079
75.327 986.333
74.996 987.141
74.858 987.478
74.718 988.474
74.677 988.89
74.653 996.844
74.496 997.838
74.484 998.588
74.247 999.053
73.983 999.531
73.132 1000.43
72.421 1000.86
71.826 1001.2
70.936 1001.58
70.057 1001.94
68.74 1002.36
67.667 1002.68
65.513 1003.01
64.618 1003.04
62.927 1003.11
58.011 1003.12
47.214 1003.12
45.581 1002.97
44.892 1002.85
43.923 1002.64
43.317 1002.3
42.542 1001.87
42.162 1001.61
41.606 1001.18
41.233 1000.8
40.896 1000.42
40.361 999.412
40.229 999.072
39.929 998.668
39.632 998.257
38.903 997.817
38.811 997.743
38.312 997.56
37.811 997.407
37.128 997.311
36.334 997.353
35.849 997.427
34.998 997.763
34.289 998.029
33.191 998.508
30.881 999.544
26.205 1001.43
24.383 1002.08
24.381 1005.07
24.383 1005.52
25.24 1005.64
26.697 1005.88
27.283 1006.01
27.941 1006.09
29.589 1006.33
30.138 1006.41
31.838 1006.68
32.922 1006.88
34.299 1007.06
34.996 1007.18
36.235 1007.35
37.083 1007.5
38.768 1007.75
39.439 1007.83
41.636 1008.06
42.444 1008.12
44.478 1008.2
46.171 1008.22
62.826 1008.23
