0.3
0.7
57
42.509 981.352
43.168 981.195
44.614 980.866
45.837 980.537
47.041 980.183
47.788 979.994
49.568 979.453
51.422 978.861
53.88 977.989
56.23 977.08
56.782 976.858
57.67 976.433
58.382 976.065
59.155 975.6
59.311 975.505
67.314 975.511
67.314 972.739
59.312 972.745
58.382 972.185
57.671 971.818
56.899 971.453
56.42 971.244
54.061 970.327
51.423 969.388
48.995 968.625
47.788 968.256
47.042 968.068
45.092 967.493
43.169 967.056
42.51 966.897
41.297 966.67
40.609 966.533
40.082 966.421
39.686 966.352
39.685 972.733
39.686 973.079
39.929 972.865
40.509 972.637
40.979 972.459
41.519 972.418
41.518 971.211
44.572 971.208
44.572 973.348
44.765 973.565
44.872 974.126
44.766 974.686
44.572 974.902
44.573 976.87
44.573 977.042
41.518 977.039
41.518 975.831
40.98 975.792
40.509 975.613
39.93 975.384
39.686 975.171
39.685 981.623
39.686 981.898
