0.3
0.7
132
104.176 966.277
104.176 966.068
100.242 966.064
96.616 966.074
96.338 965.549
95.669 964.455
94.613 962.975
94.014 962.296
93.632 961.83
93.017 961.132
92.516 960.625
91.939 960.087
91.516 959.63
88.571 956.802
88.14 956.417
85.421 953.493
84.425 952.216
83.355 950.826
82.116 949.065
81.458 947.954
81.066 947.276
80.755 946.796
80.34 946.087
79.261 944.351
78.829 943.695
78.467 943.267
78.039 942.829
77.034 942.057
75.984 941.576
75.322 941.3
74.676 941.089
73.656 940.793
72.799 940.613
70.647 940.239
69.172 940.119
68.206 940.076
66.018 940.021
64.069 940.019
42.848 940.036
41.806 940.047
40.732 940.076
38.782 940.156
36.921 940.343
36.24 940.419
35.549 940.481
32.299 940.923
30.533 941.143
28.577 941.439
27.348 941.522
26.832 941.568
26.579 941.504
25.449 941.413
25.28 941.401
24.862 941.073
24.677 940.955
23.681 939.547
23.679 945.481
25.368 946.105
27.558 946.892
32.225 948.773
34.029 949.579
34.982 949.919
35.45 950.068
36.126 950.107
36.721 950.147
37.215 950.025
37.746 949.951
38.073 949.821
38.688 949.383
39.011 949.195
39.341 948.814
39.685 948.434
39.957 947.919
40.271 947.439
40.624 947
41.11 946.487
41.643 946.041
42.083 945.689
43.06 945.285
43.573 945.149
44.546 945.071
45.131 945.034
65.156 945.019
67.18 945.046
68.339 945.123
68.841 945.166
70.399 945.496
70.923 945.68
72.21 946.231
73.488 946.875
74.098 947.247
74.924 947.802
75.463 948.355
75.773 948.691
76.036 949.169
76.288 949.66
76.326 951.019
76.342 952.042
76.46 952.798
76.48 958.813
76.587 959.803
76.727 960.457
77.074 961.15
77.548 961.927
77.768 962.278
78.176 962.636
78.746 963.201
79.634 963.804
80.136 964.122
81.088 964.563
81.558 964.79
82.21 965.005
83.219 965.409
84.177 965.696
85.82 966.113
86.673 966.25
88.366 966.596
89.057 966.666
89.579 966.741
91.031 966.97
92.565 967.092
93.364 967.209
93.918 967.238
95.109 967.32
95.724 967.389
96.239 967.406
97.064 967.477
98.094 967.533
99.06 967.55
99.732 967.583
100.759 967.576
104.178 967.592
140
24.676 1007.29
25.162 1006.96
25.281 1006.85
26.133 1006.78
26.58 1006.75
26.831 1006.68
27.348 1006.73
28.258 1006.79
29.916 1007.01
30.532 1007.11
32.299 1007.33
35.548 1007.77
36.241 1007.83
36.76 1007.89
37.679 1007.98
38.672 1008.09
41.367 1008.2
43.362 1008.21
65.951 1008.23
68.808 1008.16
70.454 1008.03
72.572 1007.68
73.382 1007.53
74.284 1007.29
75.321 1006.95
75.984 1006.67
77.007 1006.21
77.721 1005.66
78.123 1005.34
78.738 1004.69
79.228 1003.95
80.339 1002.16
80.756 1001.46
81.065 1000.97
81.876 999.575
83.261 997.567
84.32 996.177
85.372 994.814
86.754 993.322
87.932 992.058
88.57 991.449
91.413 988.712
91.938 988.162
92.516 987.625
92.975 987.163
93.633 986.421
94.013 985.953
94.612 985.276
94.908 984.865
95.668 983.796
96.338 982.701
96.616 982.176
101.134 982.188
104.176 982.181
104.177 981.118
104.178 980.659
100.76 980.673
99.732 980.667
99.061 980.699
97.5 980.727
96.239 980.844
95.726 980.861
95.11 980.931
93.919 981.011
93.365 981.042
92.564 981.157
91.032 981.281
89.58 981.508
89.057 981.584
88.367 981.655
86.672 981.999
85.821 982.138
85.327 982.259
83.671 982.686
82.566 983.102
81.559 983.461
81.088 983.687
80.445 983.986
80.137 984.129
79.714 984.396
79.111 984.801
78.747 985.05
78.289 985.513
77.767 985.971
77.221 986.852
76.922 987.404
76.727 987.793
76.588 988.446
76.506 989.023
76.474 991.14
76.461 995.451
76.342 996.208
76.309 998.471
76.228 998.736
75.961 999.216
75.693 999.657
75.157 1000.21
74.923 1000.45
74.099 1001
73.489 1001.37
72.501 1001.88
71.474 1002.34
70.922 1002.57
70.398 1002.75
68.906 1003.07
68.34 1003.13
67.646 1003.18
66.471 1003.21
65.459 1003.23
61.905 1003.23
45.132 1003.22
44.547 1003.18
43.785 1003.12
43.574 1003.1
43.06 1002.97
42.281 1002.65
42.016 1002.51
41.431 1002.03
41.111 1001.76
40.623 1001.25
40.271 1000.81
39.958 1000.33
39.685 999.816
39.341 999.436
39.011 999.055
38.436 998.687
38.074 998.428
37.745 998.3
37.216 998.226
36.722 998.102
36.127 998.144
35.45 998.182
34.296 998.552
32.619 999.301
31.12 999.921
27.813 1001.26
25.788 1001.99
23.703 1002.74
23.681 1004.68
23.681 1008.7
