0.3
0.7
12
19.732 980.769
22 980.773
22 974.29
6.5 974.291
5 974.29
4.232 974.291
0.415 974.29
0 974.291
0 980.772
2.5 980.774
3.11 980.769
19 980.775
9
22 983.227
0 983.227
0 991.03
3.5 991.035
5 991.048
7 991.049
9.25 991.031
19.278 991.031
22 991.049
7
9.902 989.5
9.902 986.5
12.5 985
14.392 986.092
15.098 986.5
15.098 989.5
12.5 991
16
19.732 1008.77
22 1008.77
22 1000.95
19.525 1000.97
9.52 1000.97
7 1000.95
5 1000.95
4.003 1000.97
3.5 1000.94
2.862 1000.96
0.319 1000.97
0 1000.97
0 1008.77
2.5 1008.77
3.11 1008.77
19 1008.77
7
10.608 1005.91
9.902 1005.5
9.902 1002.5
12.5 1001
15.098 1002.5
15.098 1005.5
12.5 1007
5
22 1017.71
22 1011.23
0 1011.23
0 1017.71
5.581 1017.71
