0.3
0.7
6
7 968.472
0.414 968.473
0 968.472
0 978.051
1.704 978.046
7 978.051
20
2.893 973.26
2.543 973.02
2.281 972.685
2.123 972.251
2.117 971.788
2.24 971.393
2.48 971.043
2.815 970.781
3.249 970.623
3.712 970.617
4.107 970.74
4.457 970.98
4.719 971.315
4.877 971.749
4.883 972.212
4.76 972.607
4.52 972.957
4.185 973.219
3.751 973.377
3.288 973.383
6
7 1013.95
0 1013.95
0 1023.53
0.527 1023.53
6.586 1023.53
7 1023.53
20
2.893 1021.26
2.543 1021.02
2.281 1020.68
2.123 1020.25
2.117 1019.79
2.24 1019.39
2.48 1019.04
2.815 1018.78
3.249 1018.62
3.712 1018.62
4.107 1018.74
4.457 1018.98
4.719 1019.32
4.877 1019.75
4.883 1020.21
4.76 1020.61
4.52 1020.96
4.185 1021.22
3.751 1021.38
3.288 1021.38
