0.3
0.7
156
46.001 998.339
46.526 998.3
47.275 998.226
48.418 998.158
48.699 998.132
51.46 997.446
51.853 997.295
53.826 996.381
54.357 996.109
54.979 995.614
55.943 994.897
56.712 994.269
57.328 993.656
57.949 992.965
58.632 992.178
59.264 991.557
60.589 990.017
61.118 989.356
61.647 988.752
62.87 987.395
63.358 986.977
64.75 985.593
65.312 985.098
66.624 983.973
67.062 983.611
68.121 982.829
69.125 982.13
70.182 981.464
70.723 981.132
71.548 980.68
72.168 980.348
73.19 979.79
75.509 978.684
77.019 977.986
78.392 977.365
79.211 976.931
80.07 976.488
81.147 975.797
81.406 975.51
92.448 975.517
92.83 975.519
92.834 974.279
92.835 974.125
92.834 974.125
92.83 972.731
81.406 972.74
81.147 972.453
80.679 972.152
80.166 971.808
79.212 971.32
78.393 970.884
77.162 970.33
75.885 969.731
74.154 968.905
73.191 968.461
71.549 967.571
70.722 967.117
70.182 966.786
69.126 966.121
68.121 965.421
67.433 964.917
66.756 964.388
65.642 963.462
64.751 962.656
63.643 961.558
62.871 960.854
61.648 959.499
61.118 958.894
60.59 958.234
59.264 956.693
58.633 956.071
57.948 955.286
57.328 954.594
56.914 954.188
55.944 953.352
54.98 952.637
54.357 952.141
53.827 951.868
51.854 950.956
51.461 950.803
49.007 950.206
48.699 950.118
47.61 950.038
46.527 949.949
46.002 949.912
45.446 949.855
44.586 949.891
43.989 949.928
43.332 949.943
41.978 949.99
41.253 950.105
38.379 950.477
37.677 950.58
34.474 951.252
32.236 951.689
31.824 951.8
31.824 955.59
31.823 956.086
34.448 957.932
37.063 959.946
40.558 962.732
41.507 963.469
41.912 963.799
42.634 964.402
43.31 965.003
43.866 965.577
44.234 965.975
44.602 966.381
45.272 967.249
45.785 967.97
46.045 968.404
46.442 969.147
46.672 969.598
46.873 970.106
47.203 971.025
47.341 971.518
47.44 972.124
47.531 972.637
47.595 972.999
47.628 973.652
47.625 974.125
47.594 975.25
47.503 975.769
47.342 976.731
47.206 977.218
47.018 977.75
46.784 978.386
46.442 979.103
46.188 979.575
45.784 980.281
45.481 980.708
44.78 981.672
44.385 982.109
43.867 982.672
43.503 983.053
42.848 983.665
41.913 984.45
41.507 984.781
40.319 985.704
37.064 988.303
34.78 990.061
33.905 990.7
31.824 992.163
31.823 996.023
31.824 996.45
33.4 996.789
34.473 996.999
37.254 997.585
38.026 997.74
38.958 997.848
40.823 998.076
41.978 998.26
43.069 998.298
43.989 998.322
44.585 998.358
45.446 998.395
