0.3
0.7
6
7 969.126
0.111 969.127
0 969.126
0 978.273
4.201 978.269
7 978.274
28
3.221 973.371
2.956 973.289
2.708 973.154
2.491 972.97
2.316 972.746
2.192 972.497
2.1 972
2.129 971.721
2.211 971.456
2.346 971.208
2.53 970.991
2.754 970.816
3.003 970.692
3.5 970.6
3.754 970.623
4.044 970.711
4.292 970.846
4.509 971.03
4.684 971.254
4.808 971.503
4.9 972
4.871 972.279
4.789 972.544
4.654 972.792
4.47 973.009
4.246 973.184
3.997 973.308
3.5 973.4
5
7 1013.73
0 1013.73
0 1022.87
5.25 1022.87
7 1022.87
28
3.246 1021.38
2.956 1021.29
2.708 1021.15
2.491 1020.97
2.316 1020.75
2.192 1020.5
2.1 1020
2.129 1019.72
2.211 1019.46
2.346 1019.21
2.53 1018.99
2.754 1018.82
3.003 1018.69
3.5 1018.6
3.779 1018.63
4.044 1018.71
4.292 1018.85
4.509 1019.03
4.684 1019.25
4.808 1019.5
4.9 1020
4.871 1020.28
4.789 1020.54
4.654 1020.79
4.47 1021.01
4.246 1021.18
3.997 1021.31
3.5 1021.4
