0.3
0.7
106
38.994 991.88
40.754 991.833
42.137 991.643
43.857 991.439
44.649 991.237
45.678 990.959
46.986 990.518
48.322 989.938
49.979 989.114
50.594 988.738
51.428 988.241
52.968 987.258
53.911 986.573
54.466 986.208
56.07 985.125
56.54 984.792
56.974 984.466
57.808 983.938
58.274 983.655
58.952 983.167
59.696 982.745
60.285 982.372
60.891 982.023
61.879 981.488
62.374 981.201
64.575 980.102
67.211 978.92
72.42 976.665
73.429 976.184
74.158 975.734
74.531 975.507
84.627 975.516
84.633 974.164
84.628 972.734
74.531 972.743
73.581 972.162
73.064 971.89
72.421 971.584
71.764 971.303
70.005 970.545
67.212 969.329
64.948 968.311
63.783 967.756
62.374 967.049
61.281 966.413
60.64 966.083
60.084 965.764
59.216 965.231
58.638 964.856
58.197 964.548
57.107 963.89
56.541 963.459
56.07 963.125
54.465 962.043
53.912 961.678
53.184 961.131
51.429 960.008
50.788 959.61
50.212 959.278
49.453 958.871
48.488 958.387
47.294 957.845
45.754 957.309
45.073 957.128
44.088 956.86
42.586 956.65
41.162 956.481
40.754 956.417
38.995 956.369
37.242 956.359
34.887 956.476
34.351 956.547
34.349 961.372
36.759 963.286
38.188 964.476
38.573 964.813
39.679 965.981
40.028 966.366
40.912 967.572
41.27 968.109
42.006 969.491
42.195 969.955
42.612 971.127
42.765 971.889
42.971 973.045
42.981 973.676
42.979 974.202
42.983 974.934
42.908 975.556
42.7 976.718
42.611 977.122
42.195 978.295
41.924 978.92
41.27 980.141
40.912 980.678
40.033 981.878
39.68 982.268
38.832 983.161
38.407 983.588
36.861 984.88
36.463 985.191
34.642 986.645
34.35 986.877
34.351 991.703
34.886 991.773
37.243 991.892
