0.3
0.7
52
37.59 945.648
38.305 945.476
38.793 945.343
39.332 945.146
39.755 944.943
39.957 944.526
39.984 944.204
40.111 943.878
40.514 943.598
40.874 943.551
61.365 943.534
61.755 943.568
62.069 943.77
62.184 943.909
62.25 944.184
62.329 944.513
62.509 944.765
62.867 944.991
63.067 945.033
77.349 945.021
77.365 944.311
77.351 943.354
77.36 942.831
77.34 941.687
77.316 940.021
37.565 940.054
36.724 939.887
35.553 939.373
32.708 938.057
29.437 936.401
26.128 934.555
24.346 933.476
22.6 932.447
21.396 931.708
19.664 930.584
18.802 930.034
18.273 929.69
16.52 928.535
16.52 941.471
19.829 941.924
20.412 942.013
24.282 942.707
25.335 942.923
28.401 943.604
29.303 943.821
30.503 944.132
32.226 944.596
32.911 944.79
34.352 945.21
35.232 945.491
35.768 945.593
36.464 945.692
124
88.968 1007.33
90.004 1006.66
90.85 1006.01
91.472 1005.51
91.855 1005.18
92.308 1004.67
93.379 1003.5
93.714 1003.12
94.51 1002.04
94.891 1001.51
95.26 1000.96
95.585 1000.49
96.461 998.924
96.929 998.03
97.818 996.169
98.01 995.651
98.492 994.503
98.83 993.628
99.478 991.695
99.855 990.301
100.036 989.666
100.215 988.993
100.73 986.789
101.226 983.813
101.523 981.273
101.594 980.492
101.654 979.662
101.769 977.98
101.848 974.844
101.86 974.125
101.849 973.407
101.786 970.788
101.768 970.271
101.595 967.759
101.546 967.138
101.226 964.437
100.73 961.461
100.216 959.256
100.037 958.585
99.855 957.949
99.596 957.004
99.155 955.583
98.949 954.968
98.582 954.014
98.01 952.599
97.818 952.081
96.93 950.221
96.461 949.326
95.586 947.759
95.26 947.293
94.892 946.738
94.511 946.206
93.715 945.13
93.38 944.752
92.307 943.579
91.855 943.068
91.473 942.737
90.212 941.738
89.626 941.344
88.968 940.917
88.474 940.645
88.471 941.976
88.479 943.349
88.499 945.223
89.097 945.405
89.521 945.615
90.061 946.006
90.797 946.597
91.269 947.005
91.799 947.639
92.158 948.421
92.385 948.982
92.512 949.798
92.564 950.579
92.56 953.956
92.57 956.936
92.602 957.59
92.694 958.39
92.705 958.744
92.823 959.264
93.029 960.236
93.085 960.514
93.436 961.43
93.667 962.299
93.965 963.036
94.174 963.577
94.412 964.175
94.816 965.313
95.151 966.054
95.427 966.889
95.617 967.514
95.787 967.978
96.26 969.558
96.376 969.906
96.676 971.746
96.814 972.39
96.835 973.238
96.873 974.125
96.836 975.002
96.814 975.86
96.675 976.504
96.586 977.053
96.583 977.125
97.476 977.125
97.483 978.023
97.477 990.625
92.606 990.625
92.574 990.903
92.564 992.553
92.559 995.986
92.564 997.671
92.515 998.401
92.435 999.083
92.18 999.779
91.893 1000.45
91.324 1001.18
90.797 1001.65
90.062 1002.24
89.521 1002.63
89.098 1002.84
88.546 1003.01
88.499 1003.03
88.471 1005.89
88.473 1007.61
53
18.802 1018.22
19.663 1017.67
21.395 1016.54
22.233 1016.02
24.2 1014.86
26.127 1013.7
29.176 1011.99
32.296 1010.4
33.318 1009.91
36.313 1008.52
36.723 1008.36
37.377 1008.21
43.007 1008.2
45.827 1008.2
77.316 1008.23
77.345 1006.9
77.359 1005.42
77.352 1004.9
77.364 1003.94
77.35 1003.23
63.067 1003.22
62.813 1003.27
62.508 1003.48
62.335 1003.79
62.249 1004.07
62.185 1004.34
61.908 1004.6
61.687 1004.69
60.959 1004.72
40.874 1004.7
40.513 1004.65
40.111 1004.37
39.967 1003.99
39.959 1003.66
39.756 1003.31
39.189 1003.06
38.469 1002.8
37.591 1002.6
36.566 1002.55
35.769 1002.66
35.232 1002.76
34.353 1003.04
33.861 1003.18
32.306 1003.63
30.504 1004.12
29.304 1004.43
28.401 1004.65
25.651 1005.26
24.771 1005.45
20.413 1006.24
19.829 1006.33
16.521 1006.78
16.52 1019.72
