0.3
0.7
38
37.891 940.686
37.891 940.196
35.605 939.518
34.746 939.25
30.059 937.607
28.452 936.994
26.608 936.265
23.514 934.995
19.575 933.254
18.79 932.885
16.976 932.072
14.175 930.728
13.217 930.292
12.476 929.931
10.793 929.127
8.115 927.794
4.409 926.044
3.322 925.53
3.323 926.981
3.322 938.992
4.441 939.198
8.907 940.008
10.663 940.281
12.122 940.518
14.621 940.868
16.198 941.108
16.799 941.18
19.317 941.455
22.167 941.714
24.863 941.906
27.495 942.044
29.044 942.085
31.084 942.158
31.67 942.172
32.456 942.196
34.726 942.295
35.694 942.355
37.893 942.508
46
99.951 997.659
100.457 996.432
100.733 995.648
101.285 993.965
101.436 993.405
101.954 991.246
102.265 989.311
102.529 987.723
102.896 984.493
102.949 983.828
103.151 980.843
103.23 978.151
103.231 976.188
103.25 974.493
103.249 973.768
103.24 972.421
103.239 970.477
103.156 967.524
102.948 964.423
102.897 963.758
102.56 960.763
101.954 957.004
101.437 954.846
101.308 954.357
100.734 952.603
100.458 951.819
99.952 950.592
99.703 950.013
98.947 950.025
95.225 950.027
94.899 950.028
94.899 951.156
94.919 974.125
94.92 974.125
94.918 974.932
94.918 975.125
95.024 975.125
95.033 975.841
95.034 977.125
99.079 977.125
99.08 990.625
94.905 990.625
94.899 998.222
98.746 998.225
99.305 998.231
99.702 998.236
41
5.577 1021.65
8.114 1020.46
10.792 1019.12
12.475 1018.32
13.216 1017.96
14.174 1017.52
16.975 1016.18
18.789 1015.37
19.353 1015.1
20.306 1014.67
23.09 1013.45
24.464 1012.87
26.607 1011.99
28.451 1011.26
30.058 1010.64
32.763 1009.69
34.445 1009.11
35.383 1008.81
37.891 1008.05
37.893 1005.74
35.02 1005.94
32.457 1006.05
31.894 1006.07
30.513 1006.11
29.355 1006.15
27.496 1006.21
26.946 1006.24
24.864 1006.34
23.986 1006.41
22.168 1006.53
21.629 1006.59
19.507 1006.77
16.798 1007.07
16.198 1007.14
14.622 1007.38
12.122 1007.73
9.35 1008.18
6.676 1008.65
3.681 1009.19
3.323 1009.26
3.323 1022.72
