0.3
0.7
85
104.183 967.455
104.183 967.173
87.068 967.154
83.627 965.185
82.57 964.49
81.929 964.061
80.991 963.334
79.67 962.205
77.097 959.581
75.966 958.096
75.605 957.598
74.631 956.294
73.234 954.12
72.758 953.27
72.066 952.069
71.69 951.37
71.049 950.205
70.804 949.736
69.655 947.633
69.316 947.039
69.004 946.547
67.764 945.1
67.065 944.503
66.121 943.813
65.658 943.501
63.885 942.634
63.261 942.355
61.761 941.919
60.761 941.701
59.726 941.523
58.012 941.323
56.406 941.185
53.711 941.097
52.5 941.159
50.089 941.299
46.583 941.717
44.982 941.951
44.258 942.063
41.807 942.479
39.842 942.842
37.575 943.296
32.198 944.509
30.273 944.975
27.33 945.728
27.331 949.202
27.33 949.358
29.129 950.163
31.854 951.496
32.777 951.98
35.258 953.323
36.18 953.871
37.171 954.447
38.294 955.142
39.004 955.552
41.12 956.879
41.732 957.2
43.202 958.01
44.024 958.553
44.688 958.983
45.972 959.728
47.01 960.549
47.01 958.097
55.01 958.095
55.01 968.305
55.545 968.247
56.133 968.134
57.018 967.985
57.736 967.859
59.281 967.771
60.682 967.57
61.059 967.517
62.805 967.624
63.682 967.671
64.288 967.821
65.805 967.986
66.676 968.133
67.968 968.332
68.559 968.415
69.943 968.584
70.513 968.663
72.866 968.824
74.252 968.903
75.563 968.954
76.906 968.989
104.184 968.991
83
54.633 1007.12
56.406 1007.07
57.961 1006.93
59.507 1006.78
60.76 1006.55
61.76 1006.33
63.218 1005.91
63.885 1005.62
65.355 1004.9
65.847 1004.65
66.728 1003.99
67.657 1003.27
69.003 1001.7
69.317 1001.21
69.655 1000.62
70.805 998.515
71.048 998.046
71.691 996.881
71.972 996.355
72.757 994.981
73.235 994.131
73.704 993.399
74.631 991.956
75.606 990.653
75.965 990.153
76.994 988.788
77.979 987.768
79.444 986.273
80.071 985.703
80.731 985.137
81.672 984.36
83.449 983.171
87.068 981.096
104.183 981.077
104.184 979.259
95.759 979.268
76.907 979.262
75.563 979.296
73.158 979.388
70.54 979.584
68.835 979.819
67.967 979.917
66.123 980.204
65.03 980.348
64.289 980.43
63.683 980.578
61.058 980.734
59.423 980.499
57.951 980.404
57.335 980.313
56.134 980.115
55.546 980.002
55.01 979.945
55.01 990.154
47.117 990.154
47.01 990.13
47.01 987.702
45.973 988.523
44.688 989.267
44.238 989.546
43.391 990.139
41.938 990.932
41.33 991.279
41.121 991.37
39.005 992.699
38.294 993.108
37.313 993.717
36.181 994.378
35.259 994.928
34.795 995.175
32.249 996.56
29.535 997.886
27.331 998.891
27.331 1002.52
30.132 1003.24
32.056 1003.71
37.575 1004.95
39.739 1005.39
41.806 1005.77
44.257 1006.19
46.137 1006.48
50.089 1006.95
53.311 1007.14
