0.3
0.7
147
104.173 969.294
104.172 969.035
102.517 969.015
101.426 969.027
100.964 969.036
100.886 968.475
100.725 967.54
100.527 966.499
100.371 965.803
100.24 965.294
100.084 964.59
99.743 963.464
99.204 961.717
98.68 960.39
98.146 959.083
97.926 958.714
97.524 957.765
96.696 956.151
96.328 955.459
95.509 954.01
94.971 953.13
93.958 951.601
93.5 950.967
92.901 950.009
91.954 948.692
90.173 946.329
89.771 945.787
89.35 945.265
88.732 944.544
88.334 944.071
87.803 943.471
87.336 942.979
86.836 942.476
86.444 942.137
85.818 941.661
85.256 941.279
83.491 940.63
82.42 940.377
81.899 940.274
81.283 940.198
80.328 940.088
78.792 940.026
74.933 940.016
36.995 940.048
36.365 940.01
35.558 939.817
34.978 939.551
34.238 939.179
33.556 938.861
32.802 938.48
32.209 938.173
31.056 937.62
29.828 937.009
29.297 936.725
28.715 936.403
26.445 935.203
25.641 934.731
25.104 934.423
22.435 932.845
20.901 931.866
20.03 931.301
20.029 942.889
22.133 943.357
23.039 943.595
26.126 944.424
26.851 944.634
30.54 945.804
33.216 946.767
33.982 946.982
34.583 947.156
35.741 947.119
35.934 947.11
36.537 946.907
36.903 946.819
37.405 946.564
37.904 946.303
38.436 945.808
38.887 945.479
39.266 945.249
39.688 945.083
40.456 945.045
43.209 945.045
43.89 944.915
44.397 944.581
44.534 944.219
44.737 943.87
45.058 943.714
45.364 943.603
45.951 943.548
46.819 943.54
56.085 943.533
56.747 943.563
57.066 943.647
57.335 943.754
57.624 944.013
57.753 944.167
57.786 944.309
57.932 944.556
58.326 944.9
59.058 945.024
60.108 945.03
77.636 945.015
78.165 945.04
78.789 945.108
79.303 945.185
80.199 945.447
80.729 945.691
82.813 946.841
83.443 947.22
83.951 947.562
84.396 947.894
84.943 948.459
85.14 948.661
85.475 949.268
85.659 949.603
85.802 950.39
85.846 953.553
85.856 956.841
85.904 957.485
85.983 957.903
86.193 958.711
86.797 959.907
87.676 961.052
88.125 961.448
88.743 961.961
89.086 962.28
89.875 962.779
90.939 963.548
91.567 963.899
92.893 964.715
94.418 965.6
94.956 965.95
95.504 966.295
96.004 966.552
96.816 967.101
97.818 967.665
98.002 967.766
98.425 968.118
99.253 968.639
99.983 969.155
100.702 969.676
101.258 970.032
101.778 970.325
102.556 970.941
103.223 971.269
103.743 971.519
104.174 971.836
138
20.634 1016.55
22.434 1015.41
25.105 1013.83
25.64 1013.52
26.446 1013.05
28.675 1011.87
29.297 1011.52
29.827 1011.24
31.055 1010.63
32.208 1010.08
32.802 1009.77
33.555 1009.39
34.238 1009.07
35.521 1008.45
36.18 1008.29
36.705 1008.2
78.484 1008.24
80.327 1008.16
81.282 1008.05
81.899 1007.98
82.419 1007.87
83.491 1007.62
84.917 1007.11
85.256 1006.97
85.818 1006.59
86.443 1006.11
86.835 1005.77
87.337 1005.27
87.802 1004.78
88.18 1004.36
88.732 1003.71
89.22 1003.14
89.771 1002.46
90.174 1001.92
91.718 999.865
92.437 998.888
92.901 998.241
93.499 997.284
93.861 996.782
94.784 995.413
95.299 994.604
96.139 993.15
97.437 990.695
97.737 989.982
98.026 989.368
98.145 989.166
99.1 986.833
99.641 985.118
100.085 983.661
100.239 982.957
100.37 982.448
100.527 981.751
100.713 980.767
100.886 979.775
100.964 979.214
102.207 979.238
103.914 979.219
104.172 979.215
104.174 976.772
104.174 976.414
103.744 976.73
102.557 977.308
102.094 977.682
101.636 978.01
100.991 978.369
99.617 979.36
98.747 979.933
98.424 980.131
98.003 980.483
96.947 981.074
96.202 981.59
95.505 981.954
94.956 982.3
94.419 982.649
92.986 983.469
92.48 983.79
91.803 984.208
91.811 986.882
91.811 989.132
91.802 990.625
85.914 990.625
85.87 991.229
85.853 992.102
85.845 994.696
85.801 997.861
85.694 998.456
85.626 998.706
85.139 999.59
84.614 1000.13
84.306 1000.45
83.442 1001.03
82.814 1001.41
81.066 1002.37
80.56 1002.64
80.2 1002.8
79.582 1002.99
79.056 1003.1
78.437 1003.19
77.684 1003.23
59.09 1003.22
58.327 1003.35
57.932 1003.69
57.746 1004.04
57.752 1004.08
57.519 1004.36
57.334 1004.5
56.814 1004.68
56.257 1004.72
46.069 1004.71
45.364 1004.65
44.806 1004.43
44.737 1004.38
44.533 1004.03
44.397 1003.67
43.955 1003.36
43.427 1003.24
43.21 1003.21
40.456 1003.21
39.85 1003.18
39.531 1003.12
39.093 1002.9
38.437 1002.44
37.903 1001.95
37.404 1001.68
36.903 1001.43
36.407 1001.3
35.934 1001.14
34.717 1001.09
34.584 1001.1
33.982 1001.27
33.487 1001.38
30.559 1002.44
27.006 1003.57
26.221 1003.8
22.506 1004.8
21.201 1005.1
20.03 1005.36
20.03 1016.95
