0.3
0.7
49
72.911 945.03
72.904 940.029
38.094 940.058
37.693 940.035
37.176 939.902
35.927 939.4
35.379 939.165
32.731 937.988
29.347 936.363
28.855 936.102
26.106 934.629
25.585 934.334
24.842 933.898
22.315 932.423
18.585 930.114
16.124 928.51
15.63 928.175
14.15 927.224
13.713 926.932
13.712 941.06
14.685 941.102
16.463 941.214
20.394 941.59
21.236 941.678
25.862 942.318
27.099 942.535
29.386 942.946
29.947 943.052
30.542 943.171
31.961 943.478
33.13 943.738
34.774 944.128
35.311 944.261
37.106 944.733
37.694 944.867
38.118 944.898
38.489 944.741
38.692 944.484
38.815 943.982
39.11 943.645
39.481 943.558
62.657 943.538
63.018 943.599
63.397 943.844
63.542 944.261
63.535 944.503
63.669 944.76
63.963 944.99
64.264 945.037
89
93.367 1004.98
94.096 1004.25
94.815 1003.49
95.821 1002.18
96.169 1001.67
96.783 1000.74
97.785 998.943
98.048 998.397
98.986 996.14
99.819 993.641
100.301 991.762
100.522 990.795
100.879 989.001
100.999 988.328
101.25 986.483
101.404 985.198
101.627 982.714
101.658 982.09
101.783 980.026
101.863 977.237
101.893 974.209
101.863 971.013
101.799 968.685
101.714 967.051
101.659 966.161
101.626 965.537
101.432 963.35
101.255 961.789
101 959.923
100.88 959.25
100.391 956.817
100.126 955.794
99.873 954.789
99.091 952.384
98.207 950.227
97.853 949.445
97.397 948.613
96.863 947.655
96.17 946.581
95.822 946.071
95.05 945.068
94.815 944.762
94.167 944.076
93.366 943.274
92.892 942.855
92.894 944.654
92.907 945.012
93.09 945.273
93.482 946.029
93.954 946.928
94.223 947.841
94.318 948.339
94.401 948.918
94.45 949.424
94.502 950.56
94.504 951.399
94.502 961.399
94.525 962.345
94.552 962.973
94.586 964.021
94.648 964.898
94.719 965.548
94.78 966.32
94.837 967.496
94.921 968.216
95.05 970.621
95.111 972.126
95.166 974.125
95.153 974.76
95.165 975.125
95.862 975.125
95.868 976.945
95.866 977.125
99.711 977.125
99.711 990.625
94.502 990.625
94.501 997.689
94.469 998.468
94.437 999.066
94.319 999.91
94.222 1000.41
94.09 1000.9
93.954 1001.32
93.713 1001.78
93.091 1002.98
92.907 1003.24
92.892 1004.27
92.888 1005.22
92.892 1005.39
6
72.911 1003.66
72.912 1003.22
66.01 1003.22
66.01 1008.22
69.465 1008.22
72.904 1008.22
41
14.15 1021.03
15.629 1020.08
16.123 1019.74
18.206 1018.37
22.104 1015.96
23.27 1015.26
25.584 1013.92
26.107 1013.62
26.762 1013.27
27.393 1012.93
29.346 1011.89
32.702 1010.27
35.648 1008.97
36.904 1008.46
37.553 1008.24
38.552 1008.19
44.768 1008.2
58.01 1008.21
58.01 1004.72
54.68 1004.71
39.482 1004.69
39.111 1004.61
38.816 1004.27
38.692 1003.77
38.489 1003.51
38.118 1003.35
37.558 1003.4
35.658 1003.9
34.775 1004.12
33.417 1004.45
30.284 1005.13
29.774 1005.23
26.029 1005.9
24.981 1006.06
21.236 1006.57
20.394 1006.66
16.464 1007.03
14.756 1007.14
13.914 1007.18
13.712 1007.19
13.713 1021.32
