0.3
0.7
6
24 1015.11
24 974.891
19.178 974.89
0 974.89
0 1015.11
23.581 1015.11
24
12.227 988.475
11.755 988.296
11.436 988.058
11.243 987.818
11.049 987.356
11 987
11.081 986.528
11.248 986.174
11.442 985.936
11.682 985.743
12.144 985.549
12.5 985.5
12.972 985.581
13.326 985.748
13.564 985.942
13.757 986.182
13.951 986.644
14 987
13.919 987.472
13.752 987.826
13.558 988.064
13.318 988.257
12.856 988.451
12.5 988.5
24
12.028 1004.42
11.674 1004.25
11.436 1004.06
11.243 1003.82
11.049 1003.36
11 1003
11.081 1002.53
11.248 1002.17
11.442 1001.94
11.682 1001.74
12.144 1001.55
12.5 1001.5
12.773 1001.52
13.245 1001.7
13.564 1001.94
13.757 1002.18
13.951 1002.64
14 1003
13.919 1003.47
13.752 1003.83
13.558 1004.06
13.318 1004.26
12.856 1004.45
12.5 1004.5
