0.3
0.7
10
22 974.872
0.075 974.872
0 974.873
0 979.909
0.527 979.905
5 979.91
6 979.906
7 979.91
7.633 979.905
22 979.91
10
22 984.091
21.444 984.094
0 984.09
0 1007.91
0.527 1007.9
5 1007.91
6 1007.91
7 1007.91
7.633 1007.9
22 1007.91
9
10.23 989.689
9.902 989.5
9.902 986.5
12.5 985
14.519 986.166
15.098 986.5
15.098 989.5
12.598 990.944
12.5 991
9
10.481 1005.83
9.902 1005.5
9.902 1002.5
12.305 1001.11
12.5 1001
14.77 1002.31
15.098 1002.5
15.098 1005.5
12.5 1007
7
22 1012.09
21.444 1012.09
0 1012.09
0 1017.13
4.861 1017.13
6.5 1017.13
22 1017.13
