0.3
0.7
287
13.293 1023.98
13.687 1023.38
13.942 1022.91
14.146 1022.43
14.312 1021.88
14.355 1021.66
14.822 1021.62
15.068 1022.07
15.387 1022.52
15.802 1022.99
16.174 1023.34
16.458 1023.58
16.689 1023.49
16.917 1022.82
17.033 1022.33
17.123 1021.65
17.128 1021.14
17.114 1020.98
17.548 1020.82
18.002 1021.28
18.51 1021.67
19.057 1022.01
19.509 1022.23
19.644 1022.29
19.844 1022.15
19.89 1021.44
19.876 1020.93
19.812 1020.39
19.687 1019.85
19.605 1019.61
19.981 1019.34
20.541 1019.67
21.133 1019.92
21.691 1020.09
22.23 1020.2
22.388 1020.23
22.545 1020.03
22.405 1019.34
22.251 1018.83
21.997 1018.22
21.746 1017.77
21.656 1017.64
21.953 1017.29
22.576 1017.46
23.092 1017.54
23.623 1017.57
24.133 1017.55
24.504 1017.52
24.607 1017.3
24.289 1016.65
24.008 1016.2
23.696 1015.78
23.32 1015.38
23.128 1015.22
23.318 1014.79
23.842 1014.8
24.388 1014.75
24.906 1014.65
25.405 1014.51
25.846 1014.36
25.886 1014.11
25.425 1013.59
25.028 1013.21
24.508 1012.82
24.065 1012.55
23.921 1012.49
24.005 1012.03
24.628 1011.87
25.112 1011.67
25.584 1011.43
26.02 1011.16
26.324 1010.95
26.299 1010.71
25.719 1010.32
25.206 1010.04
24.713 1009.84
24.231 1009.7
23.981 1009.64
23.947 1009.18
24.402 1008.93
24.848 1008.61
25.316 1008.2
25.666 1007.83
25.905 1007.54
25.817 1007.31
25.136 1007.08
24.609 1006.96
23.979 1006.88
23.462 1006.87
23.303 1006.89
23.128 1006.46
23.566 1006.04
23.902 1005.62
24.184 1005.2
24.436 1004.74
24.618 1004.36
24.473 1004.16
23.756 1004.11
23.216 1004.13
22.577 1004.21
22.084 1004.34
21.935 1004.4
21.655 1004.03
21.997 1003.46
22.245 1002.87
22.395 1002.37
22.505 1001.87
22.55 1001.61
22.363 1001.46
21.842 1001.55
21.303 1001.7
20.813 1001.88
20.236 1002.17
19.969 1002.35
19.614 1002.04
19.773 1001.48
19.855 1000.95
19.886 1000.44
19.877 999.921
19.842 999.496
19.644 999.382
18.991 999.705
18.497 1000.01
18.071 1000.34
17.687 1000.7
17.539 1000.87
17.114 1000.7
17.13 1000.15
17.077 999.605
16.953 998.994
16.806 998.502
16.679 998.154
16.435 998.114
15.901 998.585
15.535 998.973
15.139 999.491
14.878 999.935
14.81 1000.08
14.355 1000.02
14.193 999.373
13.937 998.758
13.7 998.317
13.4 997.849
13.276 997.676
13.031 997.701
12.637 998.293
12.382 998.766
12.178 999.242
12.012 999.798
11.969 1000.02
11.502 1000.05
11.256 999.603
10.937 999.152
10.522 998.685
10.15 998.335
9.866 998.095
9.635 998.183
9.407 998.858
9.291 999.348
9.201 1000.02
9.196 1000.54
9.21 1000.7
8.776 1000.86
8.322 1000.39
7.814 1000
7.367 999.726
6.901 999.483
6.68 999.382
6.48 999.527
6.434 1000.24
6.448 1000.75
6.512 1001.29
6.637 1001.82
6.719 1002.06
6.343 1002.34
5.783 1002
5.299 1001.8
4.799 1001.63
4.3 1001.51
3.936 1001.45
3.779 1001.64
3.919 1002.34
4.073 1002.85
4.327 1003.46
4.578 1003.9
4.668 1004.03
4.371 1004.39
3.748 1004.21
3.232 1004.14
2.701 1004.11
2.199 1004.13
1.82 1004.16
1.717 1004.38
1.951 1004.86
2.285 1005.43
2.594 1005.85
2.956 1006.25
3.196 1006.46
3.001 1006.88
2.482 1006.87
1.936 1006.92
1.318 1007.05
0.833 1007.19
0.478 1007.32
0.419 1007.54
0.899 1008.09
1.296 1008.46
1.816 1008.86
2.259 1009.12
2.403 1009.19
2.328 1009.65
1.755 1009.79
1.254 1009.98
0.779 1010.22
0.215 1010.57
0 1010.72
0 1010.95
0.605 1011.36
1.118 1011.63
1.611 1011.84
2.093 1011.98
2.343 1012.03
2.403 1012.49
1.872 1012.78
1.439 1013.1
1.008 1013.48
0.663 1013.84
0.419 1014.13
0.503 1014.36
1.188 1014.6
1.714 1014.72
2.345 1014.8
2.862 1014.8
3.03 1014.81
3.196 1015.22
2.758 1015.63
2.417 1016.06
2.14 1016.48
1.887 1016.93
1.706 1017.32
1.851 1017.52
2.568 1017.57
3.108 1017.55
3.747 1017.46
4.24 1017.33
4.389 1017.28
4.652 1017.67
4.327 1018.22
4.079 1018.81
3.929 1019.31
3.819 1019.81
3.774 1020.06
3.935 1020.23
4.665 1020.08
5.188 1019.92
5.657 1019.73
6.148 1019.47
6.355 1019.33
6.71 1019.64
6.537 1020.25
6.45 1020.91
6.437 1021.53
6.482 1022.18
6.708 1022.28
7.333 1021.97
7.772 1021.7
8.219 1021.37
8.637 1020.97
8.786 1020.8
9.207 1021.01
9.196 1021.59
9.255 1022.12
9.371 1022.68
9.518 1023.17
9.645 1023.52
9.865 1023.58
10.423 1023.09
10.789 1022.7
11.185 1022.18
11.446 1021.74
11.514 1021.6
11.969 1021.66
12.131 1022.3
12.335 1022.81
12.566 1023.26
12.831 1023.69
13.048 1024
35
11.978 1016.72
11.353 1016.56
10.767 1016.34
10.162 1016.03
10.162 1005.68
10.197 1005.62
10.564 1005.43
11.886 1005.09
13.162 1004.84
14.212 1004.93
14.818 1005.07
15.389 1005.27
16.898 1006.16
17.361 1006.55
17.704 1006.92
18.095 1007.42
18.407 1007.93
18.681 1008.49
18.866 1008.98
19.018 1009.53
19.132 1010.26
19.156 1010.58
19.106 1011.58
19.024 1012.12
18.824 1012.82
18.634 1013.3
18.301 1013.93
17.924 1014.49
17.512 1014.97
17.05 1015.41
16.572 1015.77
16.119 1016.06
15.468 1016.38
14.423 1016.68
13.486 1016.8
