0.3
0.7
130
46.993 997.511
47.685 997.427
48.526 997.352
51.436 996.54
52.212 996.152
52.736 995.884
54.115 995.156
55.905 993.709
56.402 993.291
57.756 991.825
58.234 991.345
58.793 990.798
60.046 989.343
60.506 988.896
61.785 987.476
62.824 986.55
63.978 985.403
64.543 984.903
65.864 983.817
66.629 983.229
67.916 982.323
69.308 981.432
69.805 981.135
70.551 980.726
71.48 980.236
72.233 979.825
73.389 979.275
74.052 978.987
75.115 978.467
75.774 978.179
78 977.133
78.606 976.825
79.393 976.403
79.983 976.042
80.45 975.743
80.661 975.51
91.919 975.518
91.923 974.303
91.919 972.732
80.661 972.74
80.45 972.507
79.492 971.894
78.607 971.426
78.001 971.118
75.773 970.072
75.116 969.782
74.051 969.264
73.389 968.975
72.234 968.426
71.479 968.015
70.551 967.524
70.105 967.28
69.358 966.849
68.163 966.099
66.916 965.232
66.18 964.691
64.884 963.62
63.978 962.847
62.824 961.7
61.923 960.925
60.506 959.354
60.047 958.908
58.793 957.452
57.802 956.476
56.702 955.254
55.906 954.54
54.394 953.318
54.116 953.093
52.213 952.099
51.436 951.71
48.526 950.898
47.686 950.824
46.994 950.738
45.3 950.575
44.66 950.611
42.184 950.658
41.729 950.674
39.561 950.956
37.957 951.107
32.476 952.182
32.104 952.263
32.104 956.631
33.523 957.629
34.458 958.325
36.556 959.941
39.89 962.603
40.98 963.449
42.15 964.418
42.527 964.75
43.011 965.212
43.586 965.818
44.162 966.456
44.657 967.107
45.268 967.961
45.775 968.857
46.065 969.413
46.361 970.107
46.693 971.037
46.847 971.654
46.938 972.202
47.04 972.774
47.106 973.508
47.113 974.548
47.08 975.244
46.846 976.595
46.698 977.199
46.47 977.844
46.271 978.385
45.94 979.083
45.514 979.879
44.899 980.806
44.251 981.696
43.656 982.354
43.126 982.915
42.527 983.499
42.151 983.831
41.35 984.498
40.488 985.181
39.89 985.647
38.225 986.98
36.557 988.308
33.893 990.36
32.105 991.618
32.105 995.986
33.221 996.214
37.956 997.142
39.56 997.295
41.728 997.575
44.66 997.639
45.3 997.675
