0.3
0.7
37
37.889 940.386
36.254 939.915
35.097 939.572
34.192 939.3
33.379 939.023
29.415 937.681
28.144 937.201
24.306 935.692
23.262 935.267
18.757 933.336
18.036 933.021
10.863 929.719
8.227 928.482
5.198 927.068
2.34 925.775
2.34 938.458
4.217 938.799
4.211 932.194
6.822 930.685
7.009 930.576
9.81 932.19
9.818 939.813
10.431 939.925
12.499 940.276
15.094 940.697
18.789 941.215
19.668 941.313
20.488 941.397
21.919 941.574
24.673 941.827
27.327 942.02
29.466 942.135
32.969 942.271
33.627 942.289
34.719 942.327
37.021 942.428
37.89 942.487
21
102.774 974.106
102.875 974.07
102.862 973.547
102.844 971.659
102.779 967.986
102.609 964.034
102.543 963.102
102.288 960.57
101.799 957.037
101.499 955.655
101.268 954.695
101.071 953.967
100.424 951.921
99.889 950.58
99.652 950.026
95.049 950.03
94.897 950.03
94.916 971.229
101.031 971.225
102.651 974.023
102.593 974.125
27
99.651 998.224
99.888 997.671
100.425 996.328
101.07 994.284
101.268 993.555
101.482 992.674
101.715 991.596
101.9 990.474
102.289 987.679
102.542 985.149
102.609 984.216
102.78 980.263
102.862 974.703
102.875 974.18
102.593 974.125
102.651 974.227
102.286 974.858
101.181 976.767
101.031 977.025
94.915 977.02
94.93 977.125
98.295 977.125
98.298 977.901
98.296 990.625
94.904 990.625
94.898 998.221
99.427 998.225
37
5.08 1021.24
10.597 1018.66
18.036 1015.23
18.756 1014.91
23.261 1012.98
24.305 1012.56
28.143 1011.05
29.414 1010.57
34.191 1008.95
35.873 1008.45
37.889 1007.86
37.891 1005.76
37.287 1005.8
35.893 1005.87
34.081 1005.95
33.412 1005.97
32.684 1005.99
30.622 1006.07
29.918 1006.09
27.328 1006.23
26.536 1006.29
24.674 1006.42
23.863 1006.5
21.92 1006.67
20.487 1006.85
19.07 1007
15.095 1007.55
12.546 1007.97
10.431 1008.33
9.819 1008.44
9.811 1016.06
7.291 1017.51
7.009 1017.67
4.21 1016.05
4.216 1009.45
2.34 1009.79
2.34 1022.48
