0.3
0.7
131
104.173 967.281
104.173 967.239
102.496 967.242
99.778 967.223
99.501 966.185
99.194 965.194
98.771 964.061
98.285 962.648
97.873 961.784
97.017 960.012
95.881 958.082
95.389 957.344
94.955 956.682
94.101 955.444
93.534 954.648
91.232 951.652
90.28 950.527
88.904 948.79
87.934 947.543
87.472 946.995
85.3 944.115
84.921 943.601
84.552 943.185
83.645 942.343
83.399 942.128
82.694 941.729
81.887 941.29
80.382 940.761
79.711 940.611
78.311 940.314
76.444 940.096
74.591 940.031
72.081 940.016
35.291 940.049
34.762 940.038
33.982 939.962
33.325 939.773
33.118 939.743
32.425 939.446
31.994 939.227
31.106 938.632
30.158 938.085
29.07 937.373
28.6 937.109
26.896 936.09
26.331 935.738
25.766 935.379
25.127 934.981
21.53 932.775
21.435 932.737
21.434 943.75
23.687 944.356
24.622 944.644
27.669 945.614
28.622 945.946
31.885 947.12
32.747 947.467
33.481 947.755
34.489 948.049
35.13 948.116
35.944 948.063
36.318 948.021
36.889 947.785
37.452 947.565
38.475 946.742
38.797 946.329
39.24 945.814
39.556 945.481
40.223 945.151
40.785 945.073
41.74 945.041
47.108 945.035
47.863 944.984
48.142 944.972
48.738 944.877
49.283 944.822
49.993 944.66
50.773 944.65
51.513 944.531
52.009 944.698
53.244 944.811
53.356 944.866
53.896 944.941
54.406 944.994
55.03 945.019
55.541 945.031
74.032 945.015
74.606 945.046
75.42 945.144
76.219 945.331
76.779 945.535
77.256 945.767
79.574 947.046
80.672 947.784
81.529 948.656
81.822 949.189
82.057 949.638
82.151 950.156
82.248 957.257
82.3 958.076
82.387 958.489
82.583 959.202
82.901 959.87
83.227 960.494
83.545 960.893
83.808 961.121
84.284 961.684
85.467 962.673
85.941 962.964
86.505 963.261
87.137 963.657
88.131 964.119
88.807 964.443
89.37 964.662
90.165 964.956
90.954 965.23
91.426 965.402
91.955 965.584
92.811 965.857
93.528 966.092
94.045 966.275
94.808 966.532
95.789 966.855
96.406 967.034
97.263 967.356
98.589 967.747
99.222 967.955
100.371 968.304
101.184 968.481
102.727 968.859
104.174 969.081
130
22.712 1014.75
25.654 1012.95
26.075 1012.67
26.895 1012.16
28.169 1011.39
29.069 1010.88
30.04 1010.24
30.978 1009.69
31.561 1009.31
31.994 1009.02
32.424 1008.8
33.118 1008.51
33.862 1008.32
34.082 1008.26
34.762 1008.21
35.29 1008.2
74.169 1008.23
76.229 1008.16
77.135 1008.08
78.311 1007.94
79.71 1007.64
80.382 1007.49
81.498 1007.11
81.886 1006.96
82.695 1006.52
83.398 1006.12
84.303 1005.33
84.92 1004.65
86.035 1003.15
87.273 1001.52
87.933 1000.71
88.645 999.758
89.792 998.339
90.28 997.723
91.232 996.598
93.534 993.602
94.822 991.791
95.662 990.48
96.799 988.623
97.429 987.386
97.73 986.763
98.285 985.602
98.77 984.19
99.195 983.057
99.419 982.327
99.667 981.437
99.778 981.027
102.294 981.009
104.173 981.012
104.174 979.632
104.174 979.169
102.804 979.382
101.977 979.576
101.185 979.77
100.675 979.86
99.69 980.153
98.656 980.479
97.715 980.761
96.752 981.086
96.106 981.319
95.27 981.561
94.045 981.975
93.544 982.151
92.812 982.394
91.955 982.666
91.426 982.848
90.955 983.021
90.166 983.295
88.895 983.767
88.132 984.13
87.137 984.593
86.514 984.964
86.265 985.104
86.274 986.125
86.274 988.375
86.259 988.93
86.258 990.625
82.272 990.625
82.21 993.76
82.157 997.656
82.15 998.095
82.058 998.611
81.822 999.061
81.528 999.595
80.812 1000.33
80.673 1000.47
79.784 1001.06
79.137 1001.45
77.255 1002.48
76.78 1002.71
76.218 1002.92
75.663 1003.07
74.854 1003.19
74.133 1003.23
73.592 1003.24
55.542 1003.22
55.03 1003.23
54.407 1003.26
53.896 1003.31
53.356 1003.38
53.243 1003.44
52.01 1003.55
51.513 1003.72
50.813 1003.6
50.309 1003.59
49.994 1003.59
49.284 1003.43
48.739 1003.37
48.143 1003.28
47.6 1003.25
47.019 1003.21
41.013 1003.21
40.244 1003.11
39.682 1002.83
39.465 1002.67
38.888 1002.03
38.474 1001.51
37.453 1000.68
36.889 1000.47
36.318 1000.23
35.562 1000.14
34.909 1000.15
34.49 1000.2
33.481 1000.5
32.747 1000.78
32.149 1001.03
27.908 1002.56
23.992 1003.81
21.435 1004.5
21.434 1015.51
