0.3
0.7
83
30.241 1023.98
30.747 1023.92
31.409 1023.81
32.06 1023.64
32.695 1023.42
33.31 1023.15
33.902 1022.83
34.465 1022.46
34.998 1022.05
35.496 1021.6
35.956 1021.11
36.376 1020.59
36.751 1020.03
37.081 1019.45
37.362 1018.84
37.593 1018.2
37.773 1017.56
37.9 1016.9
37.973 1016.23
38 1015.65
38 921.15
37.977 920.586
37.892 919.811
37.757 919.152
37.57 918.506
37.332 917.877
37.044 917.27
36.707 916.687
36.325 916.134
35.9 915.613
35.434 915.128
34.931 914.682
34.393 914.278
33.825 913.919
33.23 913.606
32.611 913.343
31.973 913.13
31.32 912.969
30.656 912.861
29.986 912.807
23.1 912.8
8.35 912.8
7.782 912.823
7.011 912.908
6.352 913.043
5.706 913.23
5.077 913.468
4.47 913.756
3.887 914.093
3.334 914.475
2.813 914.9
2.328 915.366
1.717 916.089
1.331 916.64
0.991 917.219
0.698 917.823
0.456 918.45
0.264 919.094
0.125 919.752
0.039 920.418
0 921.15
0 1015.65
0.024 1016.24
0.079 1016.75
0.194 1017.41
0.362 1018.06
0.582 1018.7
0.852 1019.31
1.171 1019.9
1.536 1020.47
1.946 1021
2.397 1021.5
2.887 1021.96
3.412 1022.38
3.969 1022.75
4.554 1023.08
5.165 1023.36
5.796 1023.59
6.443 1023.77
7.103 1023.9
7.771 1023.97
8.35 1024
29.65 1024
152
15.056 1021
14.827 1020.93
14.694 1020.77
14.656 1020.6
14.656 985.87
14.704 985.362
14.893 984.704
15.101 984.307
15.299 984.019
15.627 983.203
15.962 982.235
16.235 981.281
16.448 980.334
16.624 979.305
16.733 978.338
16.79 977.368
16.8 976.783
16.8 915.8
19.9 915.8
20.129 915.728
20.269 915.552
20.3 915.422
20.3 914.8
22.8 914.8
22.8 920.729
22.862 920.963
23.031 921.113
23.2 921.15
23.717 921.15
23.992 921.107
24.146 920.97
24.215 920.754
24.316 920.053
24.446 919.547
24.625 919.055
24.872 918.541
25.143 918.094
25.457 917.675
25.809 917.288
26.197 916.937
26.617 916.625
27.065 916.354
27.536 916.128
28.028 915.948
28.535 915.816
29.536 915.8
30.437 915.858
30.96 915.962
31.47 916.119
31.961 916.325
32.43 916.579
32.87 916.878
33.28 917.22
33.652 917.601
33.986 918.017
34.276 918.464
34.521 918.938
34.716 919.434
34.862 919.947
34.955 920.472
34.996 921.003
35 922.189
34.834 922.826
34.643 923.332
34.402 923.815
34.114 924.273
33.782 924.7
33.41 925.092
33.001 925.445
32.559 925.756
32.087 926.022
31.593 926.239
31.079 926.406
30.689 926.5
31.326 926.666
31.832 926.857
32.315 927.098
32.773 927.386
33.2 927.718
33.592 928.09
33.945 928.499
34.256 928.941
34.522 929.413
34.739 929.907
34.906 930.421
35 930.811
35 932.889
34.834 933.53
34.641 934.036
34.399 934.52
34.111 934.979
33.778 935.406
33.405 935.798
32.994 936.151
32.551 936.461
32.078 936.726
31.582 936.943
31.067 937.11
30.538 937.224
30 937.285
29.459 937.296
28.919 937.249
28.387 937.15
27.867 936.998
27.365 936.796
26.886 936.544
26.433 936.247
26.013 935.905
25.629 935.524
25.283 935.107
24.982 934.657
24.726 934.18
24.52 933.68
24.363 933.161
24.26 932.63
24.207 932.048
24.2 931.85
23.2 931.85
22.971 931.922
22.837 932.081
22.8 932.25
22.8 959.4
22.872 959.629
23.031 959.763
23.2 959.8
24.8 959.8
25.142 959.86
25.443 960.034
25.666 960.3
25.786 960.641
25.8 970.978
25.8 983.337
25.872 983.566
26.031 983.699
26.2 983.737
35 983.737
35 1015.65
34.919 1016.58
34.8 1017.1
34.63 1017.61
34.411 1018.09
34.144 1018.55
33.833 1018.99
33.48 1019.39
33.089 1019.75
32.664 1020.07
32.209 1020.35
31.728 1020.58
31.227 1020.76
30.71 1020.89
30.183 1020.97
29.65 1021
49
8.35 1021
7.421 1020.92
6.901 1020.8
6.395 1020.63
5.909 1020.41
5.447 1020.14
5.014 1019.83
4.614 1019.48
4.252 1019.09
3.93 1018.66
3.652 1018.21
3.42 1017.73
3.238 1017.23
3.106 1016.71
3.027 1016.18
3 1015.65
3 921.15
3.081 920.221
3.2 919.701
3.37 919.195
3.589 918.709
3.856 918.247
4.167 917.814
4.52 917.414
4.911 917.052
5.336 916.73
5.791 916.452
6.272 916.22
6.773 916.038
7.29 915.906
7.817 915.827
8.35 915.8
15.2 915.8
15.429 915.872
15.562 916.031
15.6 916.2
15.6 976.783
15.569 977.796
15.489 978.716
15.358 979.631
15.179 980.537
14.949 981.433
14.632 982.434
14.255 983.406
13.9 984.009
13.632 984.669
13.494 985.367
13.456 985.87
13.456 1021
21
27.4 982.537
27.171 982.465
27.037 982.306
27 982.137
27 960.8
26.952 960.369
26.76 959.801
26.522 959.439
26.093 959.02
25.716 958.806
25.144 958.627
24.613 958.589
24.417 958.483
24.314 958.304
24.3 950.367
24.3 938.7
34.494 938.7
34.769 938.738
34.928 938.871
34.994 939.041
35 982.537
