0.3
0.7
19
113 1002
103 1002
103 997.146
95.277 997.156
41.699 997.157
9.551 997.157
2.6 997.146
2.6 994.723
6.046 994.721
60.272 994.724
95.277 994.725
99.553 994.72
103 994.724
103 989.823
113 989.797
113 969.386
0 969.386
0 1024
113 1024
23
99.831 986.881
99 986.012
99 983.982
94.619 983.99
90.967 983.983
36.539 983.984
10.633 983.983
6.982 983.989
2.6 983.982
2.6 981.406
7.464 981.398
61.061 981.403
90.967 981.404
94.135 981.397
99 981.406
99 979.375
99.83 978.506
101 977.308
102.609 977.308
103 977.307
103 988.078
101.391 988.078
101 988.079
37
6.943 1017.91
6.431 1017.78
5.696 1017.43
5.258 1017.13
4.68 1016.55
4.366 1016.13
4.009 1015.4
3.853 1014.89
3.757 1014.08
3.778 1013.55
3.954 1012.76
4.149 1012.26
4.578 1011.57
4.924 1011.17
5.557 1010.66
6.017 1010.4
6.783 1010.12
7.305 1010.02
8.118 1010.02
8.643 1010.1
9.412 1010.36
9.881 1010.61
10.52 1011.12
10.88 1011.51
11.316 1012.19
11.528 1012.68
11.713 1013.47
11.752 1014
11.652 1014.89
11.388 1015.66
11.139 1016.13
10.636 1016.77
10.246 1017.13
9.56 1017.56
9.074 1017.78
8.281 1017.96
7.752 1018
35
22.192 1017.49
21.455 1017.34
20.997 1017.16
20.359 1016.76
19.991 1016.44
19.531 1015.84
19.299 1015.41
19.076 1014.69
19.009 1014.21
19.049 1013.46
19.155 1012.98
19.454 1012.29
19.72 1011.88
20.241 1011.33
20.634 1011.04
21.311 1010.71
21.782 1010.58
22.53 1010.5
23.019 1010.54
23.746 1010.73
24.192 1010.93
24.806 1011.37
25.154 1011.72
25.577 1012.34
25.783 1012.78
25.965 1013.51
26.002 1014
25.905 1014.82
25.647 1015.53
25.405 1015.96
24.918 1016.53
24.543 1016.84
23.887 1017.21
23.425 1017.38
22.682 1017.49
33
36.995 1016.92
36.339 1016.69
35.946 1016.46
35.427 1016
35.148 1015.64
34.841 1015.01
34.718 1014.57
34.668 1013.88
34.718 1013.43
34.933 1012.76
35.148 1012.36
35.596 1011.83
35.946 1011.54
36.562 1011.21
36.995 1011.08
37.688 1011
38.141 1011.04
38.811 1011.23
39.217 1011.43
39.765 1011.87
40.066 1012.21
40.412 1012.81
40.564 1013.24
40.658 1013.93
40.642 1014.31
40.564 1014.76
40.307 1015.41
40.066 1015.79
39.585 1016.3
39.217 1016.57
38.582 1016.85
38.141 1016.96
37.444 1016.99
30
52.458 1016.44
52.063 1016.32
51.514 1016.01
51.202 1015.74
50.827 1015.23
50.651 1014.86
50.515 1014.24
50.506 1013.83
50.633 1013.21
50.793 1012.83
51.161 1012.31
51.461 1012.03
52.006 1011.71
52.395 1011.57
53.023 1011.5
53.434 1011.54
54.037 1011.73
54.398 1011.93
54.871 1012.35
55.12 1012.67
55.381 1013.25
55.476 1013.65
55.48 1014.28
55.403 1014.69
55.15 1015.27
54.915 1015.61
54.448 1016.03
54.096 1016.25
53.496 1016.45
53.087 1016.5
27
67.806 1015.98
67.263 1015.8
66.943 1015.62
66.537 1015.22
66.336 1014.91
66.156 1014.37
66.118 1014
66.203 1013.44
66.336 1013.09
66.667 1012.63
66.943 1012.38
67.447 1012.12
67.806 1012.02
68.374 1012.02
68.736 1012.1
69.245 1012.35
69.533 1012.59
69.87 1013.04
70.02 1013.38
70.114 1013.94
70.098 1014.26
70.02 1014.62
69.766 1015.13
69.533 1015.41
69.075 1015.75
68.736 1015.9
68.175 1016
18
82.492 1015.41
82.041 1015.15
81.706 1014.75
81.528 1014.26
81.528 1013.74
81.706 1013.25
82.041 1012.85
82.492 1012.59
83.005 1012.5
83.518 1012.59
83.969 1012.85
84.304 1013.25
84.482 1013.74
84.482 1014.26
84.304 1014.75
83.969 1015.15
83.518 1015.41
83.005 1015.5
18
97.55 1014.94
97.249 1014.77
97.026 1014.5
96.907 1014.17
96.907 1013.83
97.026 1013.5
97.249 1013.23
97.55 1013.06
97.892 1013
98.234 1013.06
98.534 1013.23
98.758 1013.5
98.876 1013.83
98.876 1014.17
98.758 1014.5
98.534 1014.77
98.234 1014.94
97.892 1015
