0.3
0.7
57
28.025 1023.46
28.805 1023.31
29.446 1023.09
30.157 1022.74
30.72 1022.36
31.229 1021.91
31.759 1021.32
32.134 1020.76
32.487 1020.05
32.705 1019.4
32.855 1018.63
32.899 1017.95
32.9 958.883
32.899 921.343
33.321 918.352
33.394 917.835
32.998 917.437
32.573 917.064
32.123 916.721
31.651 916.41
31.159 916.132
30.649 915.888
30.123 915.68
29.584 915.508
29.035 915.374
28.477 915.278
27.915 915.22
27.35 915.2
6.05 915.2
5.485 915.22
4.923 915.278
4.366 915.374
3.817 915.508
3.278 915.68
2.752 915.888
2.242 916.131
1.75 916.409
1.278 916.72
0.828 917.063
0.403 917.436
0.006 917.835
0.5 921.324
0.501 958.882
0.5 1017.95
0.546 1018.63
0.694 1019.4
0.914 1020.05
1.265 1020.76
1.642 1021.32
2.089 1021.83
2.679 1022.36
3.244 1022.73
3.953 1023.09
4.596 1023.3
5.374 1023.46
6.05 1023.5
27.35 1023.5
14
2.788 920.848
3.326 920.293
3.699 920.002
4.378 919.63
4.82 919.463
5.579 919.307
6.05 919.277
27.35 919.277
28.121 919.351
28.918 919.585
29.346 919.785
29.987 920.219
30.374 920.578
30.612 920.848
13
5.57 923.774
6.108 923.218
6.482 922.928
7.161 922.555
7.603 922.388
8.361 922.232
8.832 922.203
24.568 922.203
25.338 922.276
26.135 922.51
26.87 922.898
27.25 923.179
27.83 923.774
14
8.353 926.622
8.891 926.066
9.264 925.776
9.943 925.403
10.385 925.236
11.144 925.081
11.615 925.051
21.785 925.051
22.556 925.125
23.015 925.236
23.73 925.534
24.136 925.776
24.73 926.271
25.047 926.622
14
11.135 929.47
11.673 928.914
12.047 928.624
12.726 928.252
13.168 928.084
13.926 927.929
14.397 927.899
19.003 927.899
19.773 927.973
20.232 928.084
20.947 928.382
21.353 928.624
21.948 929.119
22.265 929.47
11
13.918 932.318
14.444 931.772
15.109 931.301
15.522 931.091
16.244 930.857
16.7 930.775
17.442 930.932
18.194 931.246
18.871 931.7
19.249 932.053
19.482 932.318
