0.3
0.7
41
15.848 962.378
16.609 962.266
17.16 962.123
17.696 961.905
18.21 961.585
18.663 961.134
18.981 960.604
19.165 960.002
19.214 959.576
19.21 959.042
19.126 958.534
18.915 957.968
18.581 957.475
18.216 957.128
17.705 956.806
17.204 956.594
16.616 956.438
16.076 956.352
15.426 956.294
14.908 956.281
14.379 956.294
13.858 956.336
13.353 956.413
12.864 956.529
12.291 956.735
11.806 957.002
11.354 957.369
11.002 957.807
10.757 958.316
10.625 958.874
10.601 959.578
10.705 960.223
10.844 960.614
11.119 961.071
11.389 961.38
11.815 961.717
12.38 962.013
13.053 962.227
13.635 962.335
14.43 962.408
15.223 962.415
32
15.239 973.793
15.823 973.765
16.541 973.676
17.062 973.564
17.584 973.389
18.115 973.115
18.42 972.873
18.752 972.452
18.959 971.951
19.045 971.395
19.036 970.872
18.934 970.324
18.725 969.732
18.472 969.226
18.164 968.736
17.764 968.218
11.31 968.218
11.063 968.762
10.841 969.388
10.727 969.901
10.674 970.407
10.676 970.985
10.767 971.539
10.914 971.971
11.188 972.445
11.557 972.851
11.98 973.171
12.477 973.415
13 973.586
13.576 973.701
14.177 973.767
14.719 973.794
40
15.848 984.975
16.609 984.863
17.16 984.72
17.696 984.503
18.21 984.182
18.663 983.732
18.981 983.201
19.165 982.599
19.223 981.954
19.186 981.434
19.037 980.841
18.763 980.308
18.372 979.858
17.942 979.533
17.468 979.292
16.918 979.106
16.076 978.949
15.426 978.891
14.908 978.878
14.379 978.891
13.858 978.933
13.353 979.01
12.864 979.126
12.291 979.333
11.806 979.599
11.354 979.966
11.002 980.404
10.757 980.913
10.625 981.471
10.607 982.284
10.705 982.82
10.844 983.211
11.119 983.668
11.389 983.977
11.815 984.315
12.38 984.61
13.053 984.824
13.635 984.933
14.43 985.005
15.223 985.012
56
27.978 1023.16
28.787 1023
29.38 1022.79
30.114 1022.41
30.626 1022.05
31.23 1021.49
31.622 1020.99
32.05 1020.29
32.292 1019.71
32.511 1018.91
32.585 1018.29
32.6 951.796
32.6 923.443
33.306 918.461
33.394 917.835
32.997 917.436
32.572 917.063
32.122 916.72
31.65 916.409
31.158 916.131
30.648 915.888
30.122 915.68
29.583 915.508
29.034 915.374
28.477 915.278
27.915 915.22
27.35 915.2
6.05 915.2
5.485 915.22
4.923 915.278
4.366 915.374
3.817 915.508
3.279 915.68
2.753 915.888
2.243 916.131
1.751 916.409
1.279 916.72
0.829 917.062
0.404 917.435
0.006 917.835
0.742 923.035
0.8 923.443
0.8 1017.95
0.842 1018.58
1 1019.39
1.214 1019.98
1.586 1020.71
1.953 1021.23
2.513 1021.83
3.006 1022.22
3.71 1022.65
4.291 1022.89
5.085 1023.11
5.711 1023.18
20.959 1023.2
27.35 1023.2
14
2.788 920.848
3.204 920.405
3.699 920.002
4.228 919.702
4.82 919.463
5.414 919.332
6.05 919.277
27.35 919.277
27.956 919.326
28.58 919.463
29.145 919.688
29.701 920.002
30.173 920.385
30.612 920.848
14
5.57 923.774
5.986 923.331
6.482 922.928
7.011 922.628
7.603 922.388
8.197 922.257
8.832 922.203
24.568 922.203
25.174 922.251
25.797 922.388
26.362 922.613
26.918 922.928
27.391 923.31
27.83 923.774
14
8.353 926.622
8.769 926.179
9.264 925.776
9.793 925.476
10.385 925.236
10.979 925.106
11.615 925.051
21.785 925.051
22.391 925.1
23.015 925.236
23.58 925.461
24.136 925.776
24.608 926.158
25.047 926.622
14
11.135 929.47
11.551 929.027
12.047 928.624
12.576 928.324
13.168 928.084
13.762 927.954
14.397 927.899
19.003 927.899
19.609 927.948
20.232 928.084
20.797 928.31
21.353 928.624
21.826 929.006
22.265 929.47
13
13.918 932.318
14.325 931.883
14.809 931.486
15.326 931.188
15.904 930.947
16.512 930.806
16.7 930.775
17.285 930.89
17.878 931.091
18.405 931.37
18.915 931.734
19.356 932.175
19.482 932.318
23
18.506 953.655
18.579 953.111
18.59 952.585
18.562 952.081
18.441 951.518
18.186 950.868
17.93 950.416
17.538 949.885
17.266 949.583
9.28 949.583
9.28 947.687
20.536 947.687
20.536 949.583
18.858 949.583
19.186 949.963
19.563 950.44
19.893 950.919
20.161 951.393
20.355 951.863
20.505 952.489
20.535 952.999
20.485 953.602
20.475 953.655
56
13.984 964.337
13.487 964.279
12.793 964.146
12.245 963.988
11.734 963.788
11.271 963.551
10.797 963.239
10.278 962.786
9.87 962.312
9.501 961.725
9.227 961.08
9.054 960.397
8.978 959.764
8.975 958.953
9.04 958.39
9.225 957.623
9.429 957.117
9.735 956.581
10.117 956.096
10.513 955.709
10.928 955.388
11.423 955.086
12.003 954.817
12.647 954.604
13.153 954.484
13.749 954.391
14.451 954.335
15.012 954.326
15.729 954.355
16.231 954.41
17.018 954.559
17.565 954.721
18.075 954.925
18.537 955.164
19.006 955.479
19.526 955.933
19.935 956.408
20.308 956.995
20.584 957.638
20.761 958.32
20.837 958.95
20.839 959.762
20.775 960.324
20.583 961.097
20.376 961.603
20.064 962.143
19.733 962.571
19.282 963.021
18.87 963.342
18.379 963.639
17.8 963.901
17.32 964.064
16.746 964.205
16.064 964.312
15.366 964.365
14.495 964.37
45
14.626 975.743
14.007 975.699
13.303 975.593
12.787 975.472
12.209 975.289
11.736 975.089
11.227 974.819
10.739 974.488
10.34 974.153
9.932 973.728
9.629 973.33
9.296 972.714
9.109 972.182
8.985 971.493
8.966 970.882
9.007 970.316
9.107 969.77
9.325 969.142
9.57 968.625
9.802 968.218
9.28 968.096
9.28 966.322
24.948 966.322
24.948 968.218
19.357 968.218
19.733 968.673
20.054 969.126
20.315 969.563
20.548 970.034
20.708 970.509
20.831 971.216
20.85 971.729
20.788 972.406
20.583 973.115
20.345 973.584
19.946 974.115
19.492 974.535
19.047 974.844
18.585 975.094
18.114 975.29
17.443 975.495
16.818 975.623
16.316 975.691
15.753 975.737
15.191 975.752
56
14.084 986.943
13.58 986.89
12.793 986.744
12.245 986.585
11.734 986.386
11.271 986.149
10.797 985.836
10.278 985.384
9.87 984.909
9.501 984.323
9.227 983.678
9.054 982.994
8.978 982.361
8.982 981.465
9.099 980.677
9.25 980.147
9.498 979.575
9.779 979.117
10.117 978.693
10.513 978.306
10.928 977.985
11.423 977.683
12.003 977.414
12.647 977.201
13.153 977.081
13.749 976.988
14.451 976.932
15.012 976.923
15.729 976.953
16.231 977.007
17.018 977.157
17.565 977.319
18.075 977.522
18.537 977.762
19.006 978.076
19.526 978.531
19.935 979.006
20.308 979.592
20.584 980.235
20.761 980.917
20.837 981.547
20.839 982.36
20.775 982.922
20.583 983.694
20.376 984.2
20.064 984.74
19.733 985.168
19.282 985.618
18.87 985.939
18.379 986.236
17.8 986.499
17.32 986.662
16.746 986.803
16.064 986.909
15.366 986.963
14.803 986.972
38
9.377 994.425
9.241 993.859
9.132 993.238
9.074 992.699
9.065 992.138
9.122 991.552
9.263 990.999
9.493 990.495
9.822 990.038
10.268 989.643
10.781 989.367
11.362 989.181
11.872 989.092
12.593 989.045
14.603 989.04
18.968 989.04
18.968 987.764
20.536 987.764
20.536 989.04
23.769 989.04
23.769 990.937
20.536 990.937
20.536 994.425
18.968 994.425
18.968 990.937
13.607 990.937
13.023 990.941
12.517 990.954
11.929 991.019
11.419 991.204
11.142 991.396
10.935 991.672
10.782 992.092
10.72 992.61
10.739 993.171
10.867 993.732
11.064 994.281
11.079 994.425
