0.3
0.7
8
113 1000.19
103 1000.19
103 991.678
113 991.671
113 969.386
0 969.386
0 1024
113 1024
18
100.697 986.127
100.314 985.516
100.007 984.953
99.769 984.429
99.594 983.936
99.453 983.341
99.405 982.803
99.454 982.044
99.593 981.451
99.768 980.958
100.007 980.433
100.315 979.87
100.636 979.353
101 978.823
103 978.822
103 986.563
101.67 986.563
101 986.564
37
7.15 1017.95
6.431 1017.78
5.879 1017.53
5.258 1017.13
4.819 1016.71
4.366 1016.13
4.089 1015.59
3.853 1014.89
3.769 1014.29
3.778 1013.55
3.896 1012.96
4.149 1012.26
4.457 1011.74
4.924 1011.17
5.386 1010.78
6.017 1010.4
6.582 1010.18
7.305 1010.02
7.909 1010.01
8.643 1010.1
9.219 1010.28
9.881 1010.61
10.363 1010.98
10.88 1011.51
11.215 1012.01
11.528 1012.68
11.678 1013.26
11.752 1014
11.652 1014.89
11.468 1015.47
11.139 1016.13
10.775 1016.61
10.246 1017.13
9.743 1017.46
9.074 1017.78
8.488 1017.93
7.752 1018
35
21.642 1017.39
20.997 1017.16
20.516 1016.88
19.991 1016.44
19.639 1016
19.299 1015.41
19.121 1014.88
19.009 1014.21
19.026 1013.65
19.155 1012.98
19.366 1012.46
19.72 1011.88
20.098 1011.46
20.634 1011.04
21.132 1010.78
21.782 1010.58
22.337 1010.51
23.019 1010.54
23.563 1010.67
24.192 1010.93
24.656 1011.25
25.154 1011.72
25.479 1012.17
25.783 1012.78
25.931 1013.32
26.002 1014
25.905 1014.82
25.725 1015.35
25.405 1015.96
25.053 1016.39
24.543 1016.84
24.061 1017.13
23.425 1017.38
22.874 1017.48
22.192 1017.49
33
36.995 1016.92
36.503 1016.76
35.946 1016.46
35.552 1016.12
35.148 1015.64
34.909 1015.18
34.718 1014.57
34.668 1014.06
34.718 1013.43
34.865 1012.93
35.148 1012.36
35.471 1011.96
35.946 1011.54
36.398 1011.29
36.995 1011.08
37.508 1011.01
38.141 1011.04
38.642 1011.17
39.217 1011.43
39.632 1011.75
40.066 1012.21
40.334 1012.65
40.564 1013.24
40.646 1013.75
40.654 1014.13
40.564 1014.76
40.385 1015.25
40.066 1015.79
39.718 1016.18
39.217 1016.57
38.751 1016.79
38.141 1016.96
37.624 1016.99
23
52.063 1016.32
51.461 1015.97
50.977 1015.47
50.651 1014.86
50.506 1014.17
50.555 1013.48
50.793 1012.83
51.202 1012.26
51.75 1011.84
52.395 1011.57
53.087 1011.5
53.773 1011.62
54.398 1011.93
54.915 1012.39
55.284 1012.98
55.476 1013.65
55.492 1014.12
55.403 1014.69
55.12 1015.33
54.673 1015.86
54.096 1016.25
53.434 1016.46
52.739 1016.49
21
67.5 1015.9
66.943 1015.62
66.5 1015.18
66.216 1014.62
66.118 1014
66.216 1013.38
66.5 1012.82
66.943 1012.38
67.5 1012.1
68.118 1012
68.736 1012.1
69.294 1012.38
69.604 1012.67
69.9 1013.09
70.094 1013.69
70.11 1014.11
70.02 1014.62
69.736 1015.18
69.294 1015.62
68.736 1015.9
68.118 1016
18
82.492 1015.41
82.041 1015.15
81.706 1014.75
81.528 1014.26
81.528 1013.74
81.706 1013.25
82.041 1012.85
82.492 1012.59
83.005 1012.5
83.518 1012.59
83.969 1012.85
84.304 1013.25
84.482 1013.74
84.482 1014.26
84.304 1014.75
83.969 1015.15
83.518 1015.41
83.005 1015.5
18
97.55 1014.94
97.249 1014.77
97.026 1014.5
96.907 1014.17
96.907 1013.83
97.026 1013.5
97.249 1013.23
97.55 1013.06
97.892 1013
98.234 1013.06
98.534 1013.23
98.758 1013.5
98.876 1013.83
98.878 1014.16
98.758 1014.5
98.534 1014.77
98.234 1014.94
97.892 1015
