0.3
0.7
84
30.311 1023.97
30.966 1023.9
31.613 1023.76
32.249 1023.59
32.868 1023.36
33.467 1023.08
34.043 1022.75
34.59 1022.38
35.107 1021.97
35.589 1021.52
36.034 1021.03
36.44 1020.51
36.803 1019.96
37.121 1019.38
37.391 1018.78
37.614 1018.15
37.787 1017.52
37.909 1016.87
37.98 1016.21
37.999 1015.7
38 928.382
38 921.15
37.981 920.625
37.908 919.921
37.773 919.219
37.623 918.68
37.381 917.999
37.082 917.344
36.799 916.843
36.405 916.246
35.959 915.681
35.58 915.277
35.101 914.831
34.589 914.424
33.835 913.924
33.256 913.618
32.654 913.359
32.034 913.148
31.399 912.986
30.754 912.874
30.103 912.814
8.35 912.8
7.695 912.827
7.046 912.902
6.403 913.031
5.773 913.208
5.158 913.434
4.564 913.709
3.992 914.029
3.449 914.392
2.934 914.798
2.453 915.242
2.009 915.723
1.545 916.315
1.159 916.908
0.887 917.412
0.596 918.058
0.361 918.727
0.183 919.412
0.09 919.951
0.018 920.64
0 921.15
0 1015.65
0.027 1016.31
0.104 1016.97
0.235 1017.61
0.415 1018.25
0.645 1018.87
0.924 1019.47
1.249 1020.04
1.619 1020.59
2.03 1021.11
2.481 1021.59
2.969 1022.03
3.491 1022.44
4.043 1022.8
4.621 1023.12
5.224 1023.39
5.846 1023.61
6.483 1023.79
7.133 1023.91
7.789 1023.98
8.3 1024
29.65 1024
115
8.35 1021
7.58 1020.94
7.06 1020.84
6.553 1020.68
6.063 1020.48
5.596 1020.23
5.157 1019.94
4.748 1019.6
4.375 1019.22
4.041 1018.81
3.75 1018.37
3.503 1017.9
3.304 1017.41
3.155 1016.9
3.057 1016.38
3 1015.65
3 921.15
3.059 920.38
3.162 919.86
3.315 919.353
3.518 918.863
3.768 918.396
4.063 917.957
4.4 917.548
4.776 917.175
5.187 916.841
5.629 916.55
6.098 916.303
6.589 916.104
7.097 915.955
7.617 915.857
8.35 915.8
15.2 915.8
15.429 915.872
15.562 916.031
15.6 916.2
15.6 920.65
15.661 920.863
15.814 921.004
16.045 921.05
16.551 921.02
16.715 920.894
16.796 920.704
16.8 915.8
19.9 915.8
20.129 915.728
20.266 915.561
20.3 915.407
20.3 914.8
22.8 914.8
22.8 920.484
22.83 920.801
22.955 920.966
23.183 921.048
23.821 921.05
24.053 920.976
24.194 920.794
24.274 920.251
24.411 919.652
24.653 918.983
24.953 918.388
25.254 917.93
25.607 917.496
26.01 917.095
26.453 916.736
26.93 916.428
27.438 916.169
27.972 915.966
28.524 915.819
29.65 915.8
30.34 915.847
30.862 915.941
31.371 916.087
31.864 916.282
32.335 916.525
32.779 916.813
33.193 917.144
33.572 917.515
33.912 917.921
34.21 918.359
34.465 918.824
34.671 919.312
34.828 919.818
34.934 920.336
34.989 920.864
35 921.726
35 1015.65
34.941 1016.42
34.838 1016.94
34.685 1017.45
34.482 1017.94
34.232 1018.4
33.937 1018.84
33.6 1019.25
33.224 1019.62
32.813 1019.96
32.371 1020.25
31.902 1020.5
31.411 1020.7
30.903 1020.85
30.383 1020.94
29.65 1021
15.5 1021
14.974 1020.99
14.773 1020.88
14.67 1020.7
14.656 1017.87
14.656 1016.15
14.595 1015.94
14.442 1015.8
14.211 1015.75
13.705 1015.78
13.541 1015.91
13.46 1016.1
13.456 1021
