0.3
0.7
57
28.153 1023.64
28.817 1023.51
29.579 1023.25
30.186 1022.95
30.858 1022.5
31.457 1021.97
31.905 1021.46
32.349 1020.79
32.648 1020.18
32.908 1019.42
33.04 1018.75
33.099 1017.95
33.1 982.51
33.099 919.943
33.35 918.142
33.394 917.835
32.999 917.438
32.574 917.064
32.124 916.722
31.652 916.411
31.159 916.132
30.649 915.889
30.123 915.681
29.585 915.509
29.035 915.374
28.478 915.278
27.916 915.22
27.35 915.2
6.05 915.2
5.485 915.22
4.923 915.278
4.366 915.374
3.816 915.508
3.278 915.68
2.752 915.888
2.242 916.131
1.749 916.41
1.277 916.721
0.827 917.063
0.402 917.437
0.006 917.835
0.3 919.912
0.301 982.509
0.3 1017.95
0.361 1018.75
0.491 1019.42
0.753 1020.18
1.05 1020.79
1.496 1021.46
2.035 1022.06
2.541 1022.5
3.215 1022.95
3.82 1023.25
4.584 1023.51
5.246 1023.64
6.05 1023.7
27.35 1023.7
