0.3
0.7
76
27 984.182
28.519 984.182
29 984.183
29 902.964
29.071 902.424
29.224 902.091
29.403 901.936
33.408 901.916
212.5 901.916
212.646 901.96
212.836 902.186
212.971 902.611
213 902.964
213 984.183
215 984.182
215 985.519
218 985.519
218 980.768
216 980.77
216 903.373
230.53 903.372
230.843 903.373
231.095 902.862
231.418 902.369
231.771 901.98
232.148 901.713
232.541 901.573
232.946 901.571
233.352 901.711
233.75 901.999
234.13 902.432
234.483 903.006
234.656 903.372
240.695 903.372
239.118 900.067
208.5 900.068
204.82 899.968
201.149 899.669
197.495 899.172
193.868 898.478
190.276 897.588
186.729 896.504
184.323 895.629
84.006 895.629
57.678 895.628
55.676 896.356
52.668 897.3
51.724 897.588
48.132 898.478
44.505 899.172
40.851 899.669
37.18 899.968
33.5 900.068
7.62 900.067
4.882 900.067
4.203 901.49
3.304 903.373
8.41 903.371
8.843 903.373
9.095 902.862
9.418 902.369
9.771 901.98
10.148 901.713
10.541 901.573
10.946 901.571
11.352 901.711
11.75 901.999
12.13 902.432
12.483 903.006
12.656 903.372
26 903.372
26 980.77
24 980.768
24 985.519
26.808 985.519
27 985.52
