0.3
0.7
45
27 969.957
29 969.958
29 951.218
29.068 950.689
29.233 950.332
29.402 950.19
30.439 950.17
58.346 950.17
203.759 950.169
212.5 950.17
212.691 950.249
212.87 950.512
212.985 950.975
213 969.957
214.561 969.958
215 969.957
215 971.293
218 971.293
218 966.543
216 966.544
216 947.026
215.973 946.438
215.908 945.942
215.787 945.411
215.611 944.915
215.371 944.467
215.074 944.121
214.749 943.926
214.5 943.882
182.531 943.883
36.295 943.882
27.5 943.882
27.173 943.958
26.861 944.183
26.542 944.607
26.312 945.107
26.162 945.609
26.061 946.138
26.011 946.646
26 948.023
26 966.543
24.408 966.544
24 966.543
24 971.293
27 971.294
