0.3
0.7
45
218 968.253
218 963.502
216 963.504
216 957.655
215.993 957.04
215.936 956.436
215.827 955.875
215.666 955.362
215.452 954.91
215.151 954.509
214.853 954.286
214.563 954.201
203.59 954.196
29.478 954.195
27.5 954.196
27.199 954.259
26.909 954.451
26.605 954.819
26.355 955.307
26.198 955.782
26.078 956.336
26.019 956.841
26 957.655
26 963.503
24.191 963.503
24 963.502
24 968.253
27 968.254
27 966.916
29 966.918
29 961.531
29.07 960.996
29.202 960.691
29.379 960.515
29.5 960.484
209.658 960.483
212.5 960.484
212.691 960.563
212.87 960.826
212.985 961.281
213 966.917
214.793 966.917
215 966.916
215 968.253
217.744 968.254
