0.3
0.7
44
27 973.54
29 973.541
29 939.062
29.066 938.542
29.226 938.187
29.402 938.035
31.187 938.015
81.29 938.015
196.806 938.014
212.5 938.015
212.691 938.093
212.87 938.357
212.982 938.787
213 973.541
215 973.54
215 974.877
218 974.877
218 970.126
217.409 970.126
216 970.128
216 934.87
215.981 934.363
215.919 933.856
215.81 933.338
215.643 932.833
215.355 932.287
215.052 931.947
214.77 931.778
214.5 931.726
157.712 931.727
44.33 931.726
27.5 931.727
27.189 931.795
26.891 931.999
26.571 932.404
26.347 932.862
26.186 933.356
26.077 933.881
26.018 934.393
26 936.671
26 970.127
24 970.126
24 974.877
27 974.878
