0.3
0.7
46
218 969.882
218 965.131
216 965.132
216 951.815
215.973 951.219
215.889 950.629
215.757 950.101
215.574 949.621
215.288 949.141
214.986 948.841
214.647 948.685
210.758 948.67
192.309 948.671
33.13 948.67
27.5 948.671
27.2 948.733
26.912 948.923
26.596 949.307
26.36 949.771
26.195 950.267
26.08 950.803
26.02 951.302
26 951.815
26 965.131
24.307 965.132
24 965.131
24 969.882
27 969.882
27 968.545
29 968.546
29 956.006
29.069 955.475
29.202 955.166
29.398 954.979
30.145 954.959
49.307 954.959
206.497 954.958
212.5 954.959
212.691 955.037
212.87 955.301
212.985 955.76
213 968.545
214.669 968.546
215 968.545
215 969.881
217.565 969.883
