0.3
0.7
44
27 973.757
29 973.759
29 938.325
29.066 937.806
29.225 937.451
29.402 937.298
31.233 937.278
82.681 937.278
196.384 937.277
212.5 937.278
212.671 937.341
212.846 937.568
212.978 938.021
213 973.758
215 973.757
215 975.094
218 975.094
218 970.344
217.393 970.344
216 970.345
216 934.134
215.981 933.625
215.92 933.121
215.81 932.604
215.643 932.098
215.354 931.549
215.053 931.211
214.771 931.041
214.5 930.989
156.208 930.99
44.817 930.989
27.5 930.99
27.19 931.057
26.893 931.26
26.57 931.669
26.346 932.126
26.186 932.621
26.077 933.145
26.018 933.657
26 935.983
26 970.344
24 970.343
24 975.094
27 975.095
