0.3
0.7
43
27 971.911
29 971.913
29 944.587
29.067 944.064
29.229 943.707
29.402 943.56
30.847 943.54
70.861 943.54
199.966 943.539
212.5 943.54
212.676 943.606
212.848 943.834
212.978 944.283
213 971.912
215 971.911
215 973.248
218 973.248
218 968.498
216 968.499
216 940.396
215.974 939.819
215.906 939.301
215.787 938.78
215.611 938.285
215.362 937.823
215.043 937.465
214.761 937.3
214.5 937.251
168.994 937.252
40.678 937.251
27.5 937.252
27.181 937.323
26.877 937.537
26.543 937.974
26.319 938.458
26.158 938.995
26.062 939.502
26.011 940.015
26 941.831
26 968.498
24 968.497
24 973.248
27 973.249
