0.3
0.7
45
218 967.927
218 963.177
216 963.178
216 958.687
215.993 958.143
215.936 957.54
215.827 956.977
215.665 956.464
215.401 955.931
215.074 955.54
214.73 955.338
214.5 955.301
28.748 955.3
27.5 955.301
27.198 955.364
26.909 955.556
26.606 955.922
26.354 956.415
26.172 956.982
26.06 957.567
26.011 958.067
26 958.687
26 963.177
24.167 963.177
24 963.176
24 967.927
27 967.928
27 966.591
29 966.592
29 962.637
29.07 962.1
29.202 961.796
29.379 961.62
29.737 961.589
210.29 961.588
212.045 961.589
212.57 961.599
212.736 961.713
212.902 962.012
212.998 962.53
213 966.591
214.817 966.592
215 966.591
215 967.927
217.78 967.928
