0.3
0.7
45
27 976.689
29 976.691
29 928.38
29.064 927.867
29.219 927.514
29.402 927.353
31.845 927.333
101.453 927.332
190.696 927.331
212.5 927.333
212.664 927.39
212.844 927.617
212.978 928.076
213 976.69
215 976.689
215 978.026
218 978.026
218 973.276
217.172 973.276
216 973.277
216 924.188
215.98 923.663
215.912 923.13
215.787 922.572
215.611 922.078
215.34 921.583
215.068 921.278
214.788 921.102
214.5 921.044
135.901 921.045
51.391 921.044
27.5 921.045
27.203 921.106
26.917 921.291
26.661 921.583
26.393 922.071
26.216 922.565
26.099 923.06
26.03 923.573
26.001 924.103
26 926.695
26 973.276
24 973.275
24 978.026
27 978.027
