0.3
0.7
21
215.7 966.178
215.694 965.695
209.7 965.695
209.7 959.966
71.876 959.965
27.493 959.966
27.274 959.965
27.025 960.749
26.89 961.237
26.706 962.053
26.592 962.648
26.476 963.439
26.396 964.134
26.354 964.64
26.324 965.151
26.305 965.87
26.3 967.457
26.3 972.103
96.273 972.102
214.907 972.102
215.7 972.104
8
62.086 973.447
62.31 973.165
62.456 972.793
60.941 972.793
60.615 972.792
60.84 973.178
61.158 973.471
61.67 973.48
5
106.222 972.793
104.246 972.793
102.883 972.794
103.825 972.869
104.413 972.879
3
121.375 972.802
120.66 972.793
121.023 973.206
4
138.177 972.869
139.119 972.794
135.78 972.793
137.613 972.88
9
180.843 973.469
181.16 973.178
181.39 972.8
180.364 972.794
179.863 972.794
179.535 972.804
179.749 973.26
179.913 973.446
180.507 973.485
