0.3
0.7
31
214.87 968.872
214.599 968.093
214.406 967.614
214.128 967.025
213.875 966.553
213.586 966.097
213.273 965.664
212.84 965.178
212.386 964.784
211.916 964.486
211.435 964.286
210.906 964.181
209.858 964.171
181.759 964.17
31.3 964.172
30.81 964.221
30.324 964.372
29.848 964.622
29.385 964.97
28.941 965.409
28.521 965.938
28.127 966.552
27.762 967.243
27.434 968.005
27.142 968.83
26.955 969.474
29.941 969.472
52.301 969.472
182.897 969.473
214.92 969.474
215.047 969.476
19
114.079 970.137
112.501 970.137
112.284 970.182
112.252 970.136
111.154 970.137
107.038 970.136
106.678 970.144
106.821 970.24
107.358 970.248
107.465 970.331
107.465 970.455
107.289 970.553
106.761 970.632
106.241 970.704
105.728 970.847
105.313 971.103
105.202 971.228
111.577 971.53
112.662 971.597
5
29.762 970.137
28.745 970.136
28.735 970.49
29.298 970.536
29.765 970.571
6
212.797 970.528
213.265 970.49
213.256 970.138
212.342 970.136
212.238 970.137
212.236 970.57
22
130.42 971.531
131.1 971.497
132.475 971.434
136.799 971.228
136.582 971.021
136.174 970.81
135.459 970.66
134.808 970.576
134.546 970.47
134.518 970.372
134.594 970.272
134.757 970.232
135.182 970.239
135.322 970.144
134.763 970.137
129.891 970.138
129.731 970.137
129.704 970.182
129.505 970.138
127.922 970.137
129.218 971.474
129.337 971.596
10
211.381 970.628
211.42 970.243
211.076 970.411
210.831 970.407
210.657 970.276
210.555 970.137
209.976 970.137
209.499 970.138
209.642 970.648
209.682 970.743
10
123.567 972.078
123.352 971.607
123.18 971.109
123.062 970.614
122.997 970.137
122.151 970.138
122.189 970.659
122.25 971.168
122.364 971.828
122.445 972.198
3
121.333 970.137
120.667 970.137
121.002 970.768
10
32.48 970.244
32.501 970.138
31.457 970.137
31.391 970.202
31.219 970.387
30.994 970.424
30.672 970.302
30.58 970.243
30.618 970.627
32.317 970.744
10
119.67 971.654
119.757 971.115
119.825 970.513
119.848 970.137
119.004 970.137
118.921 970.701
118.79 971.212
118.602 971.721
118.433 972.077
119.555 972.198
28
73.15 972.361
73.658 972.283
74.179 972.177
74.911 971.995
75.105 971.95
74.297 971.809
73.211 971.64
72.639 971.559
72.028 971.478
69.26 971.12
68.382 971.022
67.779 970.971
67.13 970.928
65.533 970.873
63.414 970.821
62.198 970.836
60.776 970.912
61.281 970.987
61.908 971.073
62.867 971.215
64.192 971.405
65.572 971.576
67.589 971.805
68.758 971.963
70.53 972.223
71.38 972.329
72.019 972.382
72.604 972.396
27
169.915 972.387
170.61 972.328
171.233 972.254
172.414 972.089
173.542 971.919
174.067 971.847
176.078 971.619
177.545 971.439
179.135 971.215
181.218 970.916
180.695 970.879
179.802 970.836
178.581 970.821
176.462 970.874
175.219 970.911
174.694 970.938
174.105 970.979
173.49 971.034
172.733 971.12
169.352 971.56
168.248 971.722
167.131 971.906
166.93 971.959
167.645 972.134
168.22 972.262
168.841 972.36
169.386 972.395
