0.3
0.7
45
27 975.712
29 975.713
29 931.695
29.065 931.18
29.221 930.826
29.402 930.668
31.641 930.648
95.196 930.648
192.592 930.647
212.5 930.648
212.691 930.726
212.87 930.99
212.981 931.414
213 975.712
215 975.712
215 977.049
218 977.049
218 972.298
217.245 972.298
216 972.299
216 927.503
215.98 926.984
215.912 926.445
215.787 925.888
215.611 925.393
215.344 924.905
215.063 924.589
214.782 924.415
214.5 924.359
142.67 924.36
49.2 924.359
27.5 924.36
27.199 924.423
26.909 924.614
26.656 924.905
26.395 925.382
26.218 925.875
26.099 926.376
26.03 926.887
26.001 927.414
26 929.791
26 972.298
24 972.298
24 977.049
27 977.05
