0.3
0.7
43
27 971.694
29 971.695
29 945.324
29.067 944.8
29.23 944.443
29.402 944.297
30.802 944.277
69.47 944.277
200.388 944.276
212.5 944.277
212.691 944.355
212.87 944.619
212.986 945.086
213 971.695
215 971.694
215 973.031
218 973.031
218 968.28
216 968.282
216 941.132
215.974 940.555
215.907 940.039
215.787 939.517
215.611 939.022
215.363 938.561
215.042 938.201
214.759 938.036
214.5 937.988
170.498 937.989
40.191 937.988
27.5 937.989
27.18 938.061
26.875 938.275
26.543 938.711
26.318 939.197
26.159 939.73
26.062 940.24
26.011 940.752
26 942.519
26 968.281
24 968.28
24 973.031
27 973.032
