0.3
0.7
40
54.255 1023.98
54.755 1023.9
55.245 1023.78
55.721 1023.61
56.178 1023.39
56.611 1023.13
57.017 1022.83
57.392 1022.49
57.731 1022.12
58.032 1021.71
58.292 1021.28
58.508 1020.82
58.678 1020.35
58.801 1019.86
58.875 1019.36
58.9 1018.85
58.9 982.4
75 982.4
75 980.9
0 980.9
0 982.4
16.1 982.4
16.1 1018.85
16.125 1019.36
16.199 1019.86
16.322 1020.35
16.492 1020.82
16.708 1021.28
16.968 1021.71
17.269 1022.12
17.608 1022.49
17.983 1022.83
18.389 1023.13
18.822 1023.39
19.279 1023.61
19.755 1023.78
20.245 1023.9
20.745 1023.98
21.25 1024
53.75 1024
8
30.079 1022.8
17.3 1010.02
17.3 995.179
30.079 982.4
44.921 982.4
57.7 995.179
57.7 1010.02
44.921 1022.8
28
20.749 988.544
20.274 988.377
19.847 988.109
19.491 987.753
19.223 987.326
19.056 986.851
19 986.35
19.105 985.707
19.302 985.247
19.597 984.841
19.974 984.512
20.416 984.274
20.898 984.14
21.399 984.116
21.893 984.205
22.353 984.402
22.759 984.697
23.088 985.074
23.326 985.516
23.46 985.998
23.5 986.35
23.444 986.851
23.277 987.326
23.009 987.753
22.653 988.109
22.226 988.377
21.751 988.544
21.25 988.6
28
53.249 988.544
52.774 988.377
52.347 988.109
51.991 987.753
51.723 987.326
51.556 986.851
51.5 986.35
51.605 985.707
51.802 985.247
52.097 984.841
52.474 984.512
52.916 984.274
53.398 984.14
53.899 984.116
54.393 984.205
54.853 984.402
55.259 984.697
55.588 985.074
55.826 985.516
55.96 985.998
56 986.35
55.944 986.851
55.777 987.326
55.509 987.753
55.153 988.109
54.726 988.377
54.251 988.544
53.75 988.6
28
20.749 1021.04
20.274 1020.88
19.847 1020.61
19.491 1020.25
19.223 1019.83
19.056 1019.35
19 1018.85
19.056 1018.35
19.223 1017.87
19.491 1017.45
19.847 1017.09
20.274 1016.82
20.749 1016.66
21.25 1016.6
21.751 1016.66
22.226 1016.82
22.653 1017.09
23.009 1017.45
23.277 1017.87
23.444 1018.35
23.5 1018.85
23.444 1019.35
23.277 1019.83
23.009 1020.25
22.653 1020.61
22.226 1020.88
21.751 1021.04
21.25 1021.1
28
53.249 1021.04
52.774 1020.88
52.347 1020.61
51.991 1020.25
51.723 1019.83
51.556 1019.35
51.5 1018.85
51.556 1018.35
51.723 1017.87
51.991 1017.45
52.347 1017.09
52.774 1016.82
53.249 1016.66
53.75 1016.6
54.251 1016.66
54.726 1016.82
55.153 1017.09
55.509 1017.45
55.777 1017.87
55.944 1018.35
56 1018.85
55.944 1019.35
55.777 1019.83
55.509 1020.25
55.153 1020.61
54.726 1020.88
54.251 1021.04
53.75 1021.1
