0.3
0.7
39
58.9 982.4
75 982.4
75 980.9
0 980.9
0 982.4
16.1 982.4
16.1 1018.66
16.106 1018.99
16.962 1019
17.309 1018.99
17.3 986.462
17.334 985.834
17.435 985.328
17.601 984.838
17.829 984.375
18.116 983.945
18.457 983.557
18.845 983.216
19.275 982.929
19.738 982.701
20.228 982.535
20.734 982.434
21.25 982.4
53.638 982.4
54.266 982.434
54.772 982.535
55.262 982.701
55.725 982.929
56.155 983.216
56.543 983.557
56.884 983.945
57.171 984.375
57.399 984.838
57.565 985.328
57.666 985.834
57.7 986.35
57.7 1018.74
57.691 1018.99
58.893 1019
