0.3
0.7
28
21.817 988.836
22.356 988.647
22.84 988.344
23.244 987.94
23.547 987.456
23.736 986.917
23.8 986.35
23.736 985.783
23.547 985.244
23.244 984.76
22.84 984.356
22.356 984.052
21.817 983.864
21.25 983.8
20.683 983.864
20.144 984.052
19.66 984.356
19.256 984.76
18.952 985.244
18.764 985.783
18.7 986.35
18.764 986.917
18.952 987.456
19.256 987.94
19.66 988.344
20.144 988.647
20.683 988.836
21.25 988.9
28
54.317 988.836
54.856 988.647
55.34 988.344
55.744 987.94
56.048 987.456
56.236 986.917
56.3 986.35
56.236 985.783
56.048 985.244
55.744 984.76
55.34 984.356
54.856 984.052
54.317 983.864
53.75 983.8
53.183 983.864
52.644 984.052
52.16 984.356
51.756 984.76
51.453 985.244
51.264 985.783
51.2 986.35
51.264 986.917
51.453 987.456
51.756 987.94
52.16 988.344
52.644 988.647
53.183 988.836
53.75 988.9
28
21.817 1021.34
22.356 1021.15
22.84 1020.84
23.244 1020.44
23.547 1019.96
23.736 1019.42
23.8 1018.85
23.736 1018.28
23.547 1017.74
23.244 1017.26
22.84 1016.86
22.356 1016.55
21.817 1016.36
21.25 1016.3
20.683 1016.36
20.144 1016.55
19.66 1016.86
19.256 1017.26
18.952 1017.74
18.764 1018.28
18.7 1018.85
18.764 1019.42
18.952 1019.96
19.256 1020.44
19.66 1020.84
20.144 1021.15
20.683 1021.34
21.25 1021.4
28
54.317 1021.34
54.856 1021.15
55.34 1020.84
55.744 1020.44
56.048 1019.96
56.236 1019.42
56.3 1018.85
56.236 1018.28
56.048 1017.74
55.744 1017.26
55.34 1016.86
54.856 1016.55
54.317 1016.36
53.75 1016.3
53.183 1016.36
52.644 1016.55
52.16 1016.86
51.756 1017.26
51.453 1017.74
51.264 1018.28
51.2 1018.85
51.264 1019.42
51.453 1019.96
51.756 1020.44
52.16 1020.84
52.644 1021.15
53.183 1021.34
53.75 1021.4
40
54.255 1023.98
54.755 1023.9
55.245 1023.78
55.721 1023.61
56.178 1023.39
56.611 1023.13
57.017 1022.83
57.392 1022.49
57.731 1022.12
58.032 1021.71
58.292 1021.28
58.508 1020.82
58.678 1020.35
58.801 1019.86
58.875 1019.36
58.9 1018.85
58.9 982.4
75 982.4
75 980.9
0 980.9
0 982.4
16.1 982.4
16.1 1018.85
16.125 1019.36
16.199 1019.86
16.322 1020.35
16.492 1020.82
16.708 1021.28
16.968 1021.71
17.269 1022.12
17.608 1022.49
17.983 1022.83
18.389 1023.13
18.822 1023.39
19.279 1023.61
19.755 1023.78
20.245 1023.9
20.745 1023.98
21.25 1024
53.75 1024
52
21.25 1022.8
20.734 1022.77
20.228 1022.66
19.738 1022.5
19.275 1022.27
18.845 1021.98
18.457 1021.64
18.116 1021.25
17.829 1020.83
17.601 1020.36
17.435 1019.87
17.334 1019.37
17.3 1018.85
17.3 986.35
17.355 985.724
17.471 985.221
17.65 984.737
17.891 984.281
18.19 983.861
18.541 983.483
18.939 983.154
19.376 982.88
19.845 982.665
20.338 982.514
20.847 982.428
21.25 982.4
53.75 982.4
54.266 982.434
54.772 982.535
55.262 982.701
55.725 982.929
56.155 983.216
56.543 983.557
56.884 983.945
57.171 984.375
57.399 984.838
57.565 985.328
57.666 985.834
57.7 986.35
57.7 1018.85
57.666 1019.37
57.565 1019.87
57.399 1020.36
57.171 1020.83
56.884 1021.25
56.543 1021.64
56.155 1021.98
55.725 1022.27
55.262 1022.5
54.772 1022.66
54.266 1022.77
53.75 1022.8
