0.3
0.7
559
122.709 1020.71
123.069 1020.61
123.493 1020.39
123.876 1020.07
124.34 1019.57
125.193 1018.37
125.81 1017.44
126.513 1016.44
128.069 1014.46
129.836 1012.52
131.17 1011.25
131.758 1010.68
132.354 1010.16
133.09 1009.53
134.78 1008.12
135.316 1007.65
135.902 1007.08
136.506 1006.5
136.838 1006.08
136.957 1005.72
136.812 1005.45
136.243 1005.09
134.406 1003.94
134.22 1003.76
123.042 995.974
113.795 989.731
113.336 989.428
105.856 984.536
101.975 982.063
101.522 981.782
101.062 981.49
96.836 978.863
93.128 976.614
89.9 974.7
89.595 974.522
89.418 974.557
89.392 974.437
89.216 974.513
88.889 974.839
88.505 975.379
88.231 975.817
87.958 976.242
87.503 976.896
87.174 977.303
86.76 977.752
86.451 978
86.205 978.102
86.033 978.046
85.94 977.836
85.939 977.392
86.048 976.727
86.195 976.16
86.376 975.601
86.55 975.124
86.884 974.264
87.042 973.745
87.105 973.256
87.07 973.097
86.968 973.131
86.987 973.007
82.507 970.473
81.59 969.967
81.281 969.827
81.243 969.905
81.198 969.796
81 969.906
80.663 970.278
79.838 971.621
79.553 972.059
79.177 972.578
78.828 972.988
78.522 973.265
78.265 973.406
78.062 973.4
77.943 973.234
77.893 972.954
77.913 972.526
78.066 971.705
78.283 970.926
78.522 970.21
78.721 969.641
78.862 969.097
78.89 968.611
78.851 968.51
78.755 968.544
78.766 968.433
74.227 966.054
73.312 965.586
72.909 965.39
72.881 965.455
72.835 965.363
72.651 965.463
72.273 965.911
71.881 966.621
71.524 967.227
71.005 968.061
70.537 968.628
70.123 968.96
69.916 968.994
69.772 968.873
69.695 968.561
69.718 967.842
69.842 967.101
69.974 966.587
70.144 965.991
70.339 965.328
70.469 964.738
70.477 964.288
70.413 964.154
70.349 964.172
70.325 964.093
67.898 962.92
65.031 961.583
64.558 961.368
64.208 961.242
64.032 961.346
63.692 961.775
63.347 962.464
63.065 963.006
62.618 963.781
62.348 964.198
61.907 964.663
61.805 964.751
61.588 964.833
61.419 964.772
61.305 964.57
61.254 964.038
61.311 963.31
61.402 962.737
61.504 962.241
61.621 961.743
61.76 961.196
61.839 960.685
61.814 960.234
61.712 960.092
58.913 958.898
58.447 958.708
57.936 958.494
55.998 957.714
55.524 957.529
55.423 957.49
55.39 957.538
55.33 957.474
55.175 957.559
54.869 957.957
54.621 958.476
54.406 958.971
54.146 959.53
53.802 960.155
53.513 960.596
53.233 960.879
52.991 961.01
52.847 961.018
52.683 960.827
52.588 960.436
52.561 959.869
52.616 959.103
52.693 958.575
52.788 958.035
52.892 957.495
52.93 956.913
52.863 956.572
52.811 956.497
52.744 956.51
52.65 956.426
50.686 955.702
48.752 955.017
47.8 954.694
46.359 954.221
46.235 954.196
46.211 954.287
46.159 954.171
45.976 954.29
45.715 954.693
45.516 955.172
45.263 955.851
45.014 956.43
44.643 957.116
44.237 957.594
44.034 957.678
43.862 957.629
43.725 957.441
43.61 956.965
43.573 956.361
43.584 955.792
43.649 955.017
43.735 954.304
43.737 953.758
43.657 953.449
43.585 953.38
43.504 953.439
43.463 953.318
41.489 952.733
38.394 951.868
36.847 951.462
36.795 951.556
36.738 951.437
36.561 951.568
36.334 951.943
36.138 952.55
35.861 953.352
35.593 953.989
35.281 954.516
34.992 954.807
34.782 954.835
34.627 954.735
34.501 954.531
34.353 953.935
34.29 953.203
34.288 952.628
34.304 952.094
34.333 951.534
34.271 951.044
34.176 950.833
34.133 950.785
34.043 950.871
34.016 950.757
31.844 950.254
29.074 949.652
27.42 949.328
27.317 949.307
27.23 949.388
27.159 949.31
27.027 949.393
26.864 949.634
26.703 950.097
26.553 950.689
26.353 951.345
26.096 951.936
25.838 952.371
25.555 952.613
25.376 952.601
25.214 952.461
25.074 952.201
24.867 951.4
24.811 950.897
24.785 950.334
24.781 949.737
24.718 949.198
24.589 948.879
24.525 948.809
24.442 948.859
24.385 948.774
23.816 948.69
20.589 948.18
17.891 947.796
17.532 947.76
17.347 947.918
17.167 948.295
17.064 948.814
16.924 949.404
16.773 949.915
16.561 950.414
16.369 950.707
16.26 950.824
16.066 950.925
15.887 950.897
15.712 950.745
15.547 950.461
15.337 949.765
15.259 949.256
15.212 948.687
15.175 948.166
15.049 947.636
14.946 947.459
14.799 947.37
14.331 947.345
12.817 947.171
12.701 947.154
12.697 947.197
12.65 947.181
12.289 947.415
11.979 947.898
11.68 948.798
11.563 949.49
11.487 950.227
11.305 952.961
11.099 956.152
10.998 956.565
10.814 956.861
10.486 957.147
10.081 957.299
9.562 957.315
6.324 957.241
5.895 957.152
5.657 957.03
5.348 956.73
5.213 956.502
5.127 956.233
5.048 953.04
4.987 949.859
4.935 948.672
4.858 948.091
4.749 947.594
4.551 947.034
4.336 946.65
4.009 946.368
3.458 946.313
2.937 946.278
1.891 946.218
1.422 946.218
1.233 946.277
0.943 946.51
0.77 946.74
0.523 947.222
0.315 947.911
0.155 948.753
0.084 949.383
0.035 950.24
0.001 951.257
0.005 977.808
0.054 978.385
0.159 978.768
0.318 979.094
0.656 979.49
0.946 979.699
1.372 979.828
1.907 979.838
5.904 979.771
9.257 979.766
12.542 979.811
12.952 979.79
13.143 979.648
13.308 979.319
13.535 978.915
13.839 978.622
14.192 978.498
14.543 978.559
14.78 978.728
14.976 978.984
15.161 979.408
15.299 979.712
15.504 979.859
16.051 979.918
18.791 980.041
20.417 980.134
20.946 980.156
21.102 980.152
21.304 980.013
21.56 979.545
21.779 979.211
22.081 978.966
22.44 978.875
22.786 978.969
23.009 979.16
23.185 979.434
23.36 980.006
23.507 980.25
23.688 980.358
24.211 980.417
26.343 980.62
28.975 980.91
29.176 980.843
29.366 980.654
29.682 980.094
30.006 979.798
30.368 979.678
30.719 979.74
30.981 979.944
31.153 980.213
31.271 980.585
31.353 981.006
31.508 981.206
31.723 981.3
32.229 981.362
34.278 981.686
35.811 981.95
36.34 982.047
36.867 982.134
37.076 982.032
37.278 981.756
37.521 981.383
37.794 981.121
38.159 980.968
38.517 980.998
38.822 981.206
39.026 981.558
39.124 981.993
39.171 982.379
39.303 982.597
39.487 982.694
39.983 982.777
41.497 983.113
43.478 983.584
43.985 983.711
44.495 983.859
44.724 983.843
44.963 983.682
45.312 983.189
45.621 982.915
45.922 982.778
46.286 982.783
46.599 982.965
46.797 983.256
46.909 983.679
46.939 984.23
47.069 984.477
47.248 984.589
47.741 984.71
50.213 985.432
52.219 986.051
52.491 986.081
52.719 985.978
53.058 985.58
53.389 985.264
53.738 985.095
54.094 985.086
54.401 985.248
54.628 985.569
54.724 985.96
54.715 986.497
54.79 986.771
54.936 986.927
55.433 987.111
57.364 987.784
59.784 988.666
60.143 988.804
60.173 988.768
60.279 988.812
60.537 988.742
60.711 988.595
61.032 988.206
61.365 987.959
61.747 987.832
61.947 987.827
62.119 987.883
62.347 988.097
62.538 988.519
62.567 989.058
62.558 989.46
62.659 989.68
62.78 989.775
63.121 989.947
66.547 991.326
67.948 991.908
67.99 991.926
68.037 991.891
68.144 991.938
68.403 991.875
68.584 991.733
68.95 991.329
69.412 991.038
69.664 990.964
69.865 990.962
70.035 991.024
70.174 991.135
70.35 991.451
70.433 991.94
70.379 992.505
70.427 992.814
70.558 992.985
70.635 993.003
70.639 993.062
73.466 994.314
75.79 995.376
75.877 995.402
75.898 995.369
76.013 995.425
76.263 995.37
76.434 995.25
76.779 994.877
77.303 994.517
77.679 994.431
77.93 994.503
78.141 994.694
78.284 995.117
78.289 995.631
78.214 996.128
78.252 996.401
78.373 996.575
78.459 996.567
78.529 996.659
81.402 998.045
82.253 998.353
82.547 998.457
83.509 998.566
83.796 998.592
85.205 998.403
85.738 998.253
87.084 997.791
87.659 997.6
88.381 997.371
89.387 997.021
90.197 996.778
91.001 996.572
91.572 996.445
92.148 996.334
92.729 996.239
93.311 996.16
93.9 996.096
94.415 996.055
95.044 996.017
95.676 995.996
96.292 995.988
96.896 995.994
97.504 996.014
98.113 996.049
98.703 996.099
99.294 996.163
99.883 996.241
100.472 996.334
101.058 996.442
101.641 996.565
102.221 996.702
102.796 996.853
103.361 997.02
103.846 997.176
104.442 997.383
105.018 997.602
105.556 997.822
106.087 998.055
106.609 998.303
107.121 998.567
107.704 998.895
108.274 999.241
108.83 999.609
109.371 999.999
109.9 1000.41
110.393 1000.81
110.852 1001.21
111.296 1001.62
111.669 1001.99
112.159 1002.51
112.517 1002.91
112.864 1003.32
113.2 1003.74
113.525 1004.17
113.838 1004.61
114.14 1005.05
114.425 1005.49
114.719 1005.95
114.994 1006.41
115.255 1006.88
115.505 1007.35
115.741 1007.82
115.964 1008.3
116.175 1008.78
116.371 1009.27
116.555 1009.77
116.725 1010.26
116.882 1010.76
117.025 1011.27
117.225 1012.01
117.472 1012.83
117.555 1013.38
118.01 1015.01
118.136 1015.51
118.476 1016.61
118.731 1017.22
119.042 1017.8
119.412 1018.54
119.929 1019.16
120.079 1019.28
120.635 1019.61
120.886 1019.89
121.025 1020.03
121.48 1020.31
121.944 1020.59
122.376 1020.72
