0.3
0.7
408
121.565 1023.35
121.953 1023.17
122.235 1022.93
122.576 1022.47
123.916 1020.37
124.246 1019.87
124.788 1019.08
125.154 1018.56
125.751 1017.78
126.564 1016.74
127.207 1015.99
128.128 1014.98
128.798 1014.28
129.845 1013.29
130.529 1012.65
132.061 1011.38
133.659 1010.2
135.283 1009.14
136.291 1008.56
137.202 1008.05
138.268 1007.52
139.156 1007.11
140.28 1006.63
141.129 1006.31
142.312 1005.89
144.347 1005.31
145.143 1005.12
146.23 1004.91
147.496 1004.67
147.813 1004.53
148.158 1004.22
148.443 1003.69
148.733 1003
149.034 1002.04
149.188 1001.19
149.223 1000.85
149.204 1000.19
149.054 999.45
148.816 998.876
148.497 998.386
147.814 997.802
145.947 996.61
141.059 993.515
140.817 993.313
136.064 990.222
135.276 989.759
134.787 989.537
134.198 989.313
133.463 989.093
132.876 988.895
131.957 988.631
131.249 988.415
130.598 988.186
130.105 988.03
129.153 987.697
128.249 987.36
126.914 986.835
126.365 986.613
124.195 985.626
122.475 984.741
121.399 984.194
118.77 982.703
117.938 982.221
115.396 980.604
112.912 978.891
110.454 977.072
108.459 975.509
106.82 974.149
104.57 972.232
102.605 970.547
101.019 969.257
100.372 968.797
99.831 968.437
98.945 967.942
98.511 967.684
94.148 965.347
93.826 965.252
93.565 965.337
93.187 965.677
92.834 965.888
92.444 965.96
92.1 965.858
91.847 965.59
91.727 965.28
91.697 964.911
91.753 964.374
91.657 964.113
91.546 964.008
91.107 963.765
86.003 961.197
85.545 960.974
85.378 960.908
85.174 960.863
84.905 960.963
84.476 961.356
84.075 961.557
83.696 961.58
83.374 961.429
83.15 961.119
83.047 960.655
83.082 960.141
83.028 959.877
82.868 959.694
82.815 959.671
82.37 959.442
77.165 957.035
76.695 956.826
76.506 956.757
76.165 956.763
75.942 956.896
75.551 957.245
75.284 957.399
74.981 957.464
74.702 957.426
74.406 957.219
74.211 956.846
74.144 956.422
74.139 955.973
74.03 955.752
73.754 955.532
69.52 953.759
67.581 952.981
67.318 952.883
67.27 952.915
67.018 952.914
66.77 953.076
66.45 953.405
66.15 953.566
65.813 953.649
65.465 953.57
65.188 953.324
65.012 952.965
64.954 952.497
64.916 952.164
64.766 951.964
64.452 951.772
61.438 950.663
58.036 949.48
57.869 949.437
57.505 949.484
57.296 949.648
57.029 949.96
56.781 950.134
56.465 950.232
56.108 950.198
55.797 950.016
55.574 949.703
55.466 949.252
55.419 948.873
55.272 948.654
54.951 948.476
52.98 947.862
49.92 946.962
48.409 946.541
48.071 946.461
48.009 946.481
47.772 946.512
47.566 946.668
47.256 947.065
46.973 947.264
46.659 947.35
46.284 947.289
45.999 947.103
45.783 946.777
45.68 946.354
45.615 946.037
45.458 945.833
45.128 945.678
42.535 945.045
39.924 944.452
38.41 944.127
38.115 944.082
37.792 944.139
37.595 944.309
37.329 944.707
37.014 944.95
36.662 945.051
36.31 944.993
36.005 944.788
35.788 944.456
35.684 944.044
35.638 943.793
35.482 943.596
35.358 943.527
35.295 943.547
35.105 943.471
32.133 942.938
28.513 942.36
28.051 942.313
27.74 942.383
27.554 942.565
27.252 943.045
26.949 943.272
26.588 943.366
26.238 943.293
25.935 943.075
25.722 942.733
25.576 942.234
25.406 942.014
25.077 941.885
21.188 941.422
18.402 941.138
17.942 941.126
17.745 941.197
17.568 941.387
17.349 941.799
17.107 942.051
16.79 942.21
16.433 942.221
16.098 942.078
15.828 941.797
15.638 941.327
15.537 941.063
15.351 940.901
15.176 940.862
14.676 940.839
10.451 940.54
5.784 940.297
1.817 940.154
1.431 940.139
0.943 940.264
0.522 940.564
0.286 940.879
0.144 941.158
0.049 941.479
0 942.001
0.005 980.427
0.054 980.817
0.259 981.276
0.526 981.602
0.945 981.866
1.515 981.99
2.065 981.975
6.52 981.927
9.876 981.947
10.43 981.956
11.644 981.979
12.722 982.004
12.929 981.935
13.105 981.749
13.269 981.439
13.528 981.183
13.858 981.041
14.215 981.024
14.512 981.118
14.828 981.37
15.029 981.732
15.153 981.963
15.332 982.081
15.836 982.119
19.046 982.289
20.642 982.398
20.897 982.38
21.092 982.252
21.433 981.755
21.727 981.56
22.072 981.484
22.5 981.54
22.857 981.831
23.025 982.113
23.196 982.468
23.435 982.612
23.933 982.675
26.107 982.9
28.25 983.158
28.662 983.179
28.912 983.05
29.251 982.611
29.557 982.418
29.909 982.351
30.262 982.412
30.532 982.57
30.787 982.885
30.979 983.374
31.157 983.532
31.666 983.646
33.782 983.998
35.893 984.386
36.324 984.455
36.581 984.342
36.946 983.915
37.253 983.742
37.602 983.691
37.948 983.767
38.189 983.89
38.438 984.219
38.591 984.705
38.754 984.92
39.077 985.047
41.577 985.626
43.076 986.001
43.566 986.129
43.987 986.196
44.222 986.104
44.592 985.724
44.916 985.56
45.273 985.528
45.618 985.624
45.908 985.826
46.11 986.189
46.241 986.737
46.455 986.923
46.945 987.058
49.375 987.783
51.314 988.397
51.669 988.469
51.888 988.391
52.281 988.03
52.611 987.886
52.963 987.87
53.238 987.95
53.531 988.155
53.735 988.473
53.819 988.917
53.9 989.15
54.074 989.312
54.562 989.491
57.441 990.524
58.899 991.071
59.325 991.214
59.599 991.147
59.993 990.806
60.216 990.697
60.573 990.649
60.92 990.733
61.181 990.906
61.418 991.228
61.502 991.663
61.517 991.901
61.634 992.103
61.742 992.186
62.225 992.385
65.63 993.787
66.552 994.18
67.036 994.353
67.274 994.335
67.528 994.153
67.86 993.933
68.295 993.856
68.643 993.939
68.936 994.144
69.138 994.442
69.218 994.751
69.249 995.176
69.379 995.373
69.843 995.618
74.543 997.774
74.87 997.881
75.098 997.831
75.499 997.525
75.865 997.407
76.239 997.435
76.521 997.557
76.776 997.808
76.93 998.135
76.957 998.519
76.983 998.79
77.157 999.01
77.633 999.249
80.006 1000.41
80.723 1000.72
81.414 1000.94
82.127 1001.1
82.852 1001.18
83.585 1001.19
84.317 1001.13
84.897 1001.02
85.409 1000.89
86.03 1000.69
86.673 1000.41
87.853 999.827
88.529 999.538
89.096 999.356
89.525 999.213
90.331 999.021
91.266 998.857
91.765 998.783
92.986 998.696
94.281 998.743
95.137 998.766
95.526 998.777
98.099 999.183
100.42 999.83
102.521 1000.63
103.065 1000.85
105.527 1002.13
107.88 1003.72
110.015 1005.57
110.835 1006.48
111.846 1007.58
112.625 1008.62
113.305 1009.67
113.755 1010.5
114.216 1011.47
114.732 1012.77
115.025 1013.72
115.265 1014.81
115.577 1016.14
116.02 1017.97
116.391 1019.11
116.917 1020.15
117.408 1020.86
117.801 1021.31
118.523 1022
119.298 1022.56
120.2 1023.11
120.722 1023.36
121.092 1023.42
27
7.276 957.263
6.324 957.241
5.975 957.183
5.68 957.045
5.43 956.835
5.243 956.567
5.132 956.26
5.088 955.175
5.045 952.921
4.882 944.217
4.903 943.835
5.004 943.457
5.231 943.123
5.601 942.859
5.993 942.751
10.655 942.846
11.07 942.928
11.435 943.146
11.62 943.348
11.824 943.746
11.874 944.177
11.099 956.152
11.043 956.448
10.905 956.744
10.695 956.993
10.428 957.18
9.984 957.305
24
58.963 957.812
58.558 957.606
58.272 957.352
58.058 957.036
57.919 956.604
57.897 956.226
58.003 955.785
58.175 955.451
58.425 955.17
58.816 954.928
59.174 954.814
59.551 954.793
59.922 954.864
60.336 955.078
60.615 955.329
60.825 955.639
60.953 955.993
60.986 956.446
60.885 956.884
60.714 957.218
60.464 957.502
60.082 957.742
59.721 957.859
59.34 957.883
