0.3
0.7
487
121.698 1022.76
121.999 1022.69
122.463 1022.44
122.803 1022.09
123.204 1021.49
124.432 1019.56
124.874 1018.89
125.209 1018.4
125.7 1017.71
126.075 1017.22
127.17 1015.83
127.574 1015.35
128.815 1013.99
129.227 1013.56
130.626 1012.23
131.03 1011.86
132.553 1010.59
133.766 1009.7
135.444 1008.57
137.163 1007.55
139.045 1006.58
140.949 1005.76
142.859 1005.07
144.677 1004.55
145.941 1004.23
146.462 1004.05
146.888 1003.77
147.118 1003.49
147.232 1003.19
147.315 1002.42
147.242 1001.69
147.198 1001.41
146.96 1000.79
146.342 1000.11
143.616 998.354
139.589 995.819
139.397 995.645
131.345 990.335
130.422 989.79
129.712 989.348
128.848 988.827
128.011 988.395
126.775 987.735
125.713 987.182
123.608 986.073
122.057 985.197
120.723 984.464
117.882 982.776
117.295 982.406
115.085 981.004
114.614 980.691
112.328 979.155
111.827 978.802
109.584 977.261
108.646 976.604
107.474 975.767
106.832 975.33
105.944 974.742
105.431 974.383
104.053 973.54
103.214 973.007
102.754 972.731
101.822 972.192
96.39 969.145
93.037 967.322
92.862 967.287
92.591 967.407
92.233 967.78
91.812 968.24
91.379 968.541
91.112 968.638
90.896 968.642
90.733 968.566
90.601 968.385
90.488 968.032
90.497 967.467
90.599 966.946
90.7 966.463
90.664 966.147
90.526 965.981
86.412 963.85
84.617 962.948
84.336 962.845
84.111 962.916
83.861 963.147
83.527 963.589
83.129 963.972
82.683 964.201
82.484 964.221
82.308 964.18
82.162 964.07
81.996 963.73
81.94 963.269
82.022 962.663
82.134 962.099
82.09 961.8
81.959 961.637
81.484 961.402
76.883 959.221
75.964 958.797
75.691 958.685
75.47 958.674
75.206 958.82
74.893 959.22
74.462 959.705
74.136 959.919
73.831 959.998
73.649 959.972
73.492 959.883
73.366 959.732
73.219 959.274
73.229 958.654
73.325 958.094
73.296 957.749
73.173 957.55
73.087 957.526
72.632 957.305
70.782 956.498
67.317 955.044
66.821 954.842
66.67 954.784
66.617 954.821
66.552 954.772
66.33 954.82
66.079 955.031
65.789 955.447
65.488 955.804
65.02 956.108
64.723 956.149
64.481 956.022
64.302 955.776
64.189 955.245
64.212 954.71
64.243 954.183
64.156 953.889
64.035 953.769
63.983 953.782
63.949 953.706
60.546 952.421
57.668 951.392
57.299 951.281
57.266 951.318
57.181 951.26
56.954 951.337
56.745 951.54
56.406 952.044
56.074 952.399
55.749 952.614
55.492 952.645
55.32 952.597
55.173 952.491
54.979 952.175
54.886 951.663
54.864 951.096
54.857 950.743
54.753 950.489
54.646 950.397
54.583 950.412
54.558 950.342
51.493 949.37
48.491 948.481
47.994 948.34
47.686 948.255
47.629 948.291
47.559 948.251
47.347 948.309
47.122 948.528
46.857 948.999
46.602 949.299
46.319 949.52
46.101 949.615
45.912 949.626
45.742 949.571
45.596 949.457
45.374 949.083
45.245 948.578
45.229 948.018
45.135 947.701
44.977 947.54
44.486 947.389
42.481 946.881
39.494 946.176
38.008 945.848
37.807 945.81
37.776 945.834
37.75 945.804
37.491 945.893
37.266 946.145
36.995 946.661
36.75 946.952
36.455 947.145
36.116 947.19
35.787 947.027
35.537 946.661
35.4 946.14
35.34 945.603
35.191 945.339
35.043 945.239
35.003 945.26
34.928 945.209
33.896 945.007
31.706 944.605
29.408 944.212
28.261 944.028
27.819 943.97
27.512 944.113
27.334 944.351
27.042 944.934
26.739 945.259
26.537 945.4
26.181 945.402
25.922 945.261
25.716 945.037
25.517 944.564
25.421 944.045
25.281 943.74
25.047 943.565
24.461 943.478
21.136 943.064
18.361 942.761
17.917 942.711
17.643 942.832
17.434 943.119
17.291 943.485
17.031 943.872
16.669 944.185
16.252 944.144
15.981 943.977
15.718 943.581
15.555 943.118
15.465 942.766
15.295 942.556
15.103 942.447
14.601 942.427
13.053 942.303
12.488 942.235
12.2 942.311
11.983 942.51
11.855 942.812
11.813 943.348
11.856 943.868
11.874 944.177
11.099 956.152
11.028 956.487
10.895 956.759
10.652 957.026
10.397 957.193
10.017 957.306
9.156 957.306
6.324 957.241
5.949 957.174
5.631 957.006
5.404 956.801
5.234 956.546
5.124 956.205
5.055 953.419
4.878 944.016
4.986 943.48
5.128 942.992
5.202 942.463
5.164 942.207
5.025 941.957
4.795 941.804
4.506 941.749
3.998 941.771
1.872 941.691
1.655 941.682
1.535 941.641
1.233 941.683
0.806 941.892
0.518 942.168
0.279 942.611
0.1 943.177
0.009 943.884
0 944.506
0.005 979.749
0.08 980.266
0.185 980.544
0.337 980.8
0.643 981.107
0.946 981.291
1.358 981.394
5.271 981.337
8.61 981.335
11.878 981.382
12.416 981.395
12.79 981.389
13.03 981.269
13.196 981.023
13.363 980.736
13.568 980.537
13.898 980.387
14.255 980.369
14.429 980.387
14.821 980.68
15.009 980.975
15.169 981.324
15.369 981.471
15.898 981.512
18.611 981.65
20.221 981.753
20.739 981.793
20.965 981.771
21.16 981.637
21.423 981.197
21.703 980.951
22.043 980.828
22.401 980.839
22.573 980.869
22.946 981.204
23.106 981.506
23.24 981.838
23.429 981.989
23.937 982.057
26.045 982.271
27.62 982.453
28.651 982.587
28.887 982.537
29.089 982.351
29.312 982.018
29.508 981.843
29.844 981.703
30.203 981.698
30.54 981.798
30.871 982.192
31.001 982.521
31.057 982.731
31.241 982.921
31.747 983.024
33.806 983.362
35.36 983.641
36.364 983.837
36.594 983.8
36.802 983.636
37.02 983.335
37.321 983.114
37.705 983.022
38.026 983.067
38.348 983.208
38.629 983.655
38.774 984.17
38.94 984.339
39.041 984.384
39.087 984.372
39.6 984.51
41.63 984.982
42.633 985.227
43.624 985.479
43.966 985.57
44.296 985.533
44.5 985.38
44.788 985.073
45.115 984.899
45.474 984.861
45.818 984.957
46.112 985.146
46.331 985.641
46.433 986.102
46.616 986.281
47.119 986.435
49.076 987.014
51.586 987.801
51.686 987.836
51.728 987.814
51.978 987.808
52.188 987.686
52.579 987.341
52.951 987.205
53.31 987.224
53.633 987.376
53.892 987.609
54.026 988.034
54.091 988.486
54.231 988.659
54.313 988.709
54.376 988.702
54.49 988.772
57.377 989.8
59.288 990.515
59.423 990.566
59.441 990.537
59.502 990.593
59.773 990.568
59.927 990.475
60.233 990.164
60.555 990.003
60.908 989.968
61.205 990.043
61.465 990.218
61.695 990.557
61.773 990.978
61.775 991.28
61.89 991.485
61.993 991.568
62.074 991.562
62.11 991.62
64.968 992.781
66.866 993.582
67.182 993.71
67.213 993.685
67.269 993.746
67.475 993.75
67.696 993.647
68.033 993.352
68.432 993.204
68.806 993.216
69.124 993.371
69.357 993.638
69.505 993.942
69.504 994.443
69.577 994.67
69.718 994.817
69.803 994.814
69.844 994.877
73.568 996.565
74.498 996.998
74.949 997.207
74.994 997.185
75.048 997.252
75.258 997.259
75.491 997.15
75.764 996.919
76.061 996.776
76.378 996.732
76.701 996.793
76.995 996.996
77.199 997.328
77.291 997.652
77.274 998.103
77.371 998.313
77.466 998.401
77.547 998.4
77.591 998.469
80.006 999.649
80.649 999.944
81.447 1000.27
82.527 1000.51
83.652 1000.58
84.358 1000.51
85.06 1000.41
85.637 1000.27
86.14 1000.09
86.63 999.9
87.188 999.64
88.015 999.288
88.567 999.062
89.123 998.846
90.08 998.554
91.324 998.274
92.439 998.099
93.585 998
94.281 998.014
95.609 998.009
96.12 998.029
98.384 998.342
99.066 998.475
101.159 998.997
103.483 999.87
104.23 1000.23
106.123 1001.2
108.471 1002.8
109.038 1003.3
110.222 1004.35
110.588 1004.67
112.384 1006.74
113.075 1007.73
113.627 1008.62
114.068 1009.42
114.816 1011.08
115.189 1012.12
115.412 1012.91
115.525 1013.29
115.621 1013.88
115.934 1015.28
116.503 1017.45
116.637 1017.93
116.853 1018.47
117.025 1018.96
117.529 1019.86
117.85 1020.29
118.21 1020.72
118.865 1021.35
119.476 1021.79
119.923 1022.08
120.402 1022.38
120.954 1022.67
121.395 1022.77
24
58.953 957.81
58.503 957.564
58.244 957.318
58.051 957.019
57.93 956.684
57.901 956.18
57.973 955.84
58.22 955.391
58.457 955.143
58.743 954.955
59.064 954.834
59.598 954.796
59.936 954.869
60.25 955.015
60.522 955.228
60.834 955.657
60.974 956.151
60.99 956.321
60.913 956.825
60.676 957.269
60.439 957.523
60.146 957.718
59.661 957.867
59.304 957.881
