0.3
0.7
577
123.939 1018.75
124.33 1018.5
124.901 1017.98
125.423 1017.41
125.953 1016.75
127.491 1014.76
128.437 1013.56
129.101 1012.75
130.088 1011.52
130.751 1010.61
131.159 1009.92
131.338 1009.42
131.228 1009.14
131.109 1009.07
130.883 1008.87
124.126 1003.99
115.127 997.633
114.123 996.94
112.853 996.111
111.549 995.223
110.105 994.21
109.499 993.764
109.062 993.463
108.646 993.184
108.224 992.892
103.993 990.051
103.495 989.724
103.081 989.443
97.577 985.843
95.691 984.63
91.17 981.775
90.717 981.497
90.27 981.216
89.821 980.941
89.378 980.663
88.492 980.117
88.061 979.858
87.173 979.313
87.091 979.278
87.043 979.326
86.997 979.245
86.753 979.407
86.304 979.943
85.908 980.568
85.265 981.631
84.765 982.396
84.405 982.885
83.968 983.457
83.455 984.018
83.17 984.199
82.993 984.152
82.929 983.884
83.059 983.043
83.261 982.315
83.426 981.77
83.61 981.235
83.821 980.675
84.005 980.206
84.21 979.721
84.415 979.213
84.627 978.569
84.719 978.077
84.699 977.862
84.614 977.859
84.622 977.779
84.194 977.519
83.761 977.266
83.332 977.009
79.319 974.673
79.111 974.572
79.077 974.619
79.028 974.542
78.842 974.653
78.474 975.087
78.183 975.53
77.603 976.558
77.093 977.416
76.641 978.102
76.237 978.629
75.877 979.024
75.57 979.28
75.357 979.317
75.252 979.117
75.285 978.516
75.327 978.157
75.479 977.516
75.639 976.908
75.795 976.412
75.964 975.911
76.152 975.39
76.409 974.698
76.571 974.213
76.699 973.66
76.719 973.343
76.688 973.219
76.61 973.216
76.622 973.145
72.084 970.652
71.151 970.153
70.965 970.086
70.952 970.114
70.889 970.056
70.713 970.169
70.369 970.599
70.1 971.041
69.843 971.542
69.254 972.641
68.893 973.243
68.492 973.859
68.177 974.255
67.789 974.613
67.557 974.695
67.421 974.555
67.367 974.197
67.425 973.511
67.643 972.45
67.884 971.567
68.346 970.128
68.472 969.629
68.549 969.122
68.514 968.812
68.065 968.543
67.611 968.315
67.159 968.08
64.806 966.901
62.94 965.991
62.625 965.844
62.455 965.891
62.118 966.296
61.819 966.824
61.592 967.322
61.227 968.091
60.949 968.637
60.68 969.117
60.17 969.887
59.795 970.316
59.563 970.439
59.394 970.378
59.294 970.135
59.272 969.705
59.323 969.132
59.426 968.433
59.6 967.597
59.792 966.855
60.014 966.041
60.128 965.49
60.175 964.923
60.125 964.692
59.81 964.51
57.456 963.444
55.568 962.614
54.581 962.189
54.088 961.983
54.04 962.016
53.974 961.969
53.769 962.138
53.491 962.571
53.21 963.184
52.869 964.024
52.614 964.607
52.369 965.119
52.041 965.7
51.668 966.217
51.397 966.448
51.202 966.475
51.059 966.294
50.975 965.95
50.964 965.333
51.05 964.448
51.212 963.468
51.476 962.189
51.554 961.631
51.545 961.112
51.466 960.924
51.407 960.947
51.395 960.87
49.042 959.945
46.579 959.018
46.08 958.839
45.588 958.656
45.232 958.536
45.186 958.611
45.113 958.535
44.925 958.71
44.679 959.148
44.4 959.875
44.244 960.354
44.031 960.941
43.829 961.435
43.619 961.911
43.263 962.547
42.974 962.924
42.766 963.036
42.594 962.984
42.465 962.763
42.373 962.186
42.378 961.169
42.434 960.454
42.518 959.793
42.6 959.244
42.682 958.582
42.689 958.036
42.613 957.709
42.564 957.655
42.497 957.69
42.5 957.584
39.927 956.751
38.909 956.432
36.443 955.695
36.117 955.628
36.086 955.692
36.021 955.606
35.875 955.733
35.644 956.163
35.423 956.839
35.095 957.983
34.833 958.742
34.487 959.487
34.315 959.775
34.101 960.001
33.91 960.061
33.748 959.952
33.619 959.675
33.471 958.714
33.458 958.058
33.487 957.305
33.539 956.55
33.586 956.037
33.584 955.48
33.491 954.984
33.429 954.885
33.346 954.929
33.361 954.833
32.27 954.548
29.063 953.762
28.558 953.649
27.011 953.295
26.831 953.258
26.79 953.317
26.756 953.255
26.612 953.347
26.4 953.74
26.239 954.28
26.01 955.303
25.833 955.977
25.643 956.579
25.431 957.076
25.189 957.467
24.96 957.628
24.784 957.589
24.619 957.379
24.477 956.974
24.37 956.35
24.309 955.496
24.298 954.677
24.31 953.997
24.298 953.457
24.192 952.882
24.089 952.706
23.528 952.561
21.434 952.153
19.867 951.871
17.771 951.52
17.295 951.469
17.161 951.602
16.949 952.142
16.843 952.66
16.706 953.446
16.508 954.306
16.266 955.054
16.101 955.419
15.776 955.761
15.599 955.735
15.434 955.556
15.286 955.225
15.098 954.359
14.994 953.54
14.955 952.834
14.939 952.284
14.869 951.598
14.751 951.21
14.648 951.064
12.599 950.767
12.387 950.796
12.052 951.095
11.732 951.735
11.558 952.287
11.425 952.936
11.314 953.657
11.212 954.583
11.166 955.123
11.1 956.123
11.061 956.387
10.862 956.806
10.529 957.119
10.276 957.244
9.823 957.321
6.437 957.244
6.072 957.209
5.65 957.025
5.325 956.7
5.194 956.455
5.103 956.014
5.067 954.053
5.015 952.91
4.932 952.096
4.827 951.398
4.678 950.796
4.475 950.28
4.211 949.911
3.958 949.754
3.438 949.731
1.789 949.592
1.6 949.573
1.535 949.653
1.233 949.73
0.943 950.048
0.687 950.589
0.487 951.172
0.332 951.793
0.199 952.746
0.107 953.684
0.051 954.377
0.011 955.887
0.005 976.376
0.054 977.112
0.159 977.603
0.39 978.108
0.679 978.483
0.946 978.706
1.378 978.857
3.961 978.784
7.056 978.734
10.125 978.725
12.767 978.753
13.014 978.722
13.21 978.562
13.353 978.276
13.51 977.859
13.756 977.494
14.048 977.251
14.273 977.171
14.629 977.195
14.954 977.584
15.173 978.044
15.315 978.56
15.5 978.772
15.686 978.833
16.208 978.84
18.969 978.955
21.129 979.075
21.351 978.972
21.528 978.735
21.761 978.173
22.059 977.763
22.341 977.557
22.595 977.486
22.946 977.553
23.241 977.978
23.413 978.408
23.525 978.943
23.631 979.144
23.811 979.271
26.025 979.466
27.69 979.638
28.793 979.763
29.169 979.773
29.378 979.669
29.581 979.403
29.84 978.855
30.12 978.48
30.434 978.259
30.629 978.207
30.806 978.214
30.98 978.276
31.23 978.502
31.432 978.937
31.524 979.481
31.605 979.862
31.753 980.059
32.057 980.169
33.671 980.4
35.788 980.738
36.814 980.915
36.982 980.935
37.272 980.845
37.488 980.619
37.797 980.056
38.139 979.663
38.534 979.384
38.723 979.347
38.899 979.384
39.087 979.55
39.266 979.853
39.418 980.358
39.456 980.944
39.55 981.257
39.709 981.417
39.782 981.442
39.907 981.506
41.442 981.827
43.439 982.278
44.457 982.521
44.879 982.616
44.889 982.582
44.948 982.652
45.169 982.57
45.409 982.314
45.673 981.86
45.985 981.458
46.228 981.211
46.528 981.043
46.709 981.013
46.882 981.051
47.041 981.165
47.217 981.486
47.312 981.929
47.337 982.546
47.37 982.991
47.492 983.206
47.625 983.296
47.641 983.337
50.647 984.182
52.632 984.781
52.756 984.816
52.791 984.776
52.873 984.831
53.088 984.765
53.323 984.545
53.658 984.019
54.034 983.563
54.363 983.295
54.596 983.205
54.775 983.201
54.943 983.267
55.089 983.413
55.182 983.583
55.286 984.223
55.245 984.779
55.227 985.267
55.312 985.526
55.442 985.642
55.487 985.632
55.486 985.693
58.934 986.876
60.433 987.416
60.663 987.499
60.717 987.454
60.782 987.497
61.011 987.438
61.275 987.211
61.633 986.676
62.092 986.16
62.528 985.848
62.787 985.752
62.967 985.786
63.103 985.922
63.22 986.298
63.259 987.127
63.16 987.695
63.123 988.035
63.198 988.326
63.331 988.454
63.365 988.446
63.367 988.5
67.19 989.993
68.606 990.57
68.819 990.594
69.055 990.475
69.401 990.055
69.778 989.553
70.252 989.084
70.617 988.8
70.897 988.722
71.067 988.769
71.201 988.93
71.283 989.229
71.288 989.757
71.216 990.4
71.084 990.954
71.046 991.316
71.125 991.573
71.23 991.665
74.053 992.891
76.391 993.936
76.648 994.036
76.891 993.972
77.197 993.711
77.525 993.262
77.875 992.839
78.264 992.435
78.64 992.156
79.099 991.975
79.248 992.079
79.356 992.625
79.308 993.242
79.187 993.844
79.044 994.354
78.973 994.792
79.033 995.072
79.159 995.198
82.028 996.543
82.752 996.832
83.07 996.934
83.457 996.953
84.01 997.044
84.613 996.979
85.228 996.926
85.963 996.706
87.102 996.415
87.968 996.09
88.811 995.799
89.663 995.53
90.182 995.383
91.14 995.12
91.78 994.965
92.422 994.822
93.069 994.694
93.719 994.582
94.374 994.482
95.031 994.396
95.658 994.329
96.288 994.275
96.921 994.233
97.557 994.205
98.197 994.192
98.839 994.191
99.483 994.204
100.13 994.231
100.774 994.27
101.418 994.324
102.062 994.393
102.705 994.478
103.348 994.576
103.868 994.668
104.544 994.806
105.216 994.966
106.511 995.32
107.137 995.509
107.752 995.723
108.41 995.989
109.052 996.289
109.677 996.621
110.282 996.989
110.862 997.394
111.42 997.829
111.956 998.293
112.464 998.791
112.952 999.308
113.419 999.846
113.862 1000.4
114.284 1000.98
114.732 1001.63
115.158 1002.29
115.56 1002.97
115.942 1003.66
116.304 1004.36
116.643 1005.05
116.962 1005.74
117.262 1006.44
117.545 1007.15
117.806 1007.88
118.051 1008.62
118.28 1009.37
118.689 1010.89
118.877 1011.67
118.92 1011.94
119.086 1012.46
119.566 1014.43
119.784 1015.15
120.079 1015.77
120.88 1017.18
121.379 1017.58
121.822 1018.03
122.744 1018.58
123.163 1018.8
123.451 1018.89
