0.3
0.7
400
121.029 1023.97
121.506 1023.8
121.845 1023.54
122.199 1023.06
122.471 1022.64
123.759 1020.72
124.958 1019.14
126.311 1017.55
127.751 1016.04
129.274 1014.62
130.829 1013.34
132.448 1012.14
134.05 1011.1
136.258 1009.86
138.533 1008.8
140.861 1007.93
143.337 1007.22
146.094 1006.69
146.643 1006.54
146.97 1006.34
147.226 1006.11
147.838 1005.2
150.009 1001.8
150.437 1001.04
150.646 1000.44
150.76 999.82
150.777 999.191
150.705 998.643
150.551 998.059
150.318 997.525
150.014 997.036
149.646 996.6
148.925 996.06
144.66 993.326
142.186 991.748
141.772 991.444
138.785 989.515
138.125 989.12
137.553 988.866
137.005 988.782
136.589 988.804
136.092 988.956
135.39 989.19
134.96 989.309
134.023 989.397
132.662 989.348
131.235 989.127
129.642 988.74
127.903 988.19
126.046 987.484
124.101 986.636
122.504 985.858
120.382 984.743
116.457 982.409
114.31 981.011
112.462 979.718
110.277 978.089
108.091 976.34
105.976 974.52
103.986 972.668
102.169 970.825
101.723 970.365
100.031 968.422
98.603 966.555
97.886 965.501
97.556 965.13
97.123 964.815
96.676 964.569
95.219 963.805
94.886 963.639
94.848 963.648
94.715 963.573
94.437 963.605
93.969 963.906
93.618 963.976
93.265 963.92
92.957 963.741
92.716 963.431
92.608 963.081
92.583 962.586
92.412 962.365
91.878 962.082
86.727 959.519
86.264 959.295
86.151 959.248
86.128 959.266
85.993 959.195
85.716 959.235
85.307 959.528
84.963 959.626
84.607 959.599
84.283 959.449
84.036 959.192
83.883 958.833
83.835 958.287
83.714 958.105
83.251 957.856
78.906 955.858
77.479 955.224
77.206 955.111
77.157 955.12
77.02 955.052
76.745 955.103
76.296 955.431
75.953 955.528
75.598 955.492
75.279 955.336
75.033 955.073
74.918 954.836
74.849 954.334
74.739 954.125
74.42 953.898
71.108 952.519
68.246 951.376
67.919 951.256
67.54 951.275
67.103 951.6
66.76 951.728
66.408 951.727
66.075 951.604
65.866 951.444
65.67 951.146
65.565 950.639
65.436 950.391
65.093 950.173
62.168 949.11
58.731 947.928
58.377 947.816
58.003 947.832
57.805 947.958
57.456 948.243
57.105 948.355
56.752 948.335
56.425 948.194
56.229 948.027
56.047 947.72
55.921 947.221
55.749 947.021
55.321 946.83
52.277 945.913
49.713 945.187
48.695 944.91
48.472 944.853
48.082 944.914
47.683 945.28
47.407 945.436
47.099 945.492
46.747 945.436
46.435 945.262
46.207 944.988
46.049 944.502
45.924 944.299
45.58 944.104
42.956 943.477
39.29 942.673
38.784 942.569
38.362 942.486
38.304 942.511
38.083 942.534
37.883 942.663
37.561 943.013
37.285 943.162
36.978 943.216
36.626 943.158
36.316 942.981
36.089 942.704
35.966 942.396
35.914 942.19
35.713 941.997
35.174 941.872
31.663 941.27
28.6 940.803
28.282 940.761
27.88 940.845
27.708 941.006
27.374 941.375
27.098 941.516
26.79 941.564
26.439 941.498
26.132 941.315
25.912 941.033
25.7 940.578
25.481 940.432
25.099 940.335
21.751 939.949
18.375 939.614
18.147 939.596
17.769 939.726
17.41 940.179
17.152 940.371
16.899 940.46
16.542 940.464
16.206 940.344
15.933 940.114
15.696 939.66
15.504 939.46
15.147 939.344
10.885 939.056
6.081 938.82
2.117 938.69
1.671 938.678
1.536 938.715
1.225 938.712
0.795 938.861
0.479 939.092
0.28 939.323
0.067 939.756
0 940.277
0.005 981.057
0.054 981.438
0.237 981.847
0.526 982.197
0.946 982.452
1.375 982.546
2.098 982.558
4.204 982.525
7.188 982.513
9.968 982.537
11.163 982.56
12.242 982.584
12.759 982.578
12.956 982.481
13.231 982.051
13.489 981.805
13.819 981.668
14.176 981.653
14.546 981.786
14.79 981.989
14.991 982.336
15.122 982.557
15.369 982.685
15.952 982.72
18.026 982.825
20.078 982.956
20.588 982.994
20.868 982.95
21.05 982.815
21.363 982.379
21.559 982.233
21.899 982.123
22.255 982.136
22.615 982.298
22.841 982.52
23.071 983.007
23.249 983.173
23.506 983.238
25.625 983.454
28.447 983.789
28.68 983.745
28.886 983.567
29.144 983.235
29.449 983.05
29.8 982.987
30.152 983.049
30.484 983.258
30.68 983.509
30.883 984.005
31.052 984.143
31.634 984.261
33.159 984.509
33.658 984.596
35.637 984.961
36.156 985.041
36.378 984.978
36.599 984.745
36.861 984.489
37.187 984.347
37.544 984.331
37.884 984.439
38.185 984.689
38.347 984.965
38.499 985.423
38.72 985.591
39.233 985.714
40.771 986.068
43.679 986.794
43.902 986.777
44.117 986.64
44.405 986.342
44.727 986.188
45.082 986.159
45.426 986.257
45.727 986.487
45.924 986.808
46.055 987.308
46.207 987.467
46.716 987.639
48.192 988.077
50.694 988.855
51.171 989.009
51.457 989.059
51.674 988.986
52.079 988.635
52.312 988.525
52.667 988.486
53.012 988.577
53.305 988.781
53.516 989.108
53.597 989.463
53.661 989.711
53.848 989.896
54.332 990.077
55.795 990.597
58.211 991.487
58.701 991.673
59.088 991.79
59.359 991.728
59.793 991.384
60.135 991.279
60.491 991.301
60.817 991.448
61.095 991.734
61.225 992.043
61.306 992.552
61.482 992.745
61.952 992.945
62.897 993.329
66.18 994.7
66.641 994.898
66.931 994.937
67.167 994.83
67.463 994.595
67.834 994.477
68.19 994.498
68.515 994.645
68.768 994.897
68.919 995.24
68.978 995.756
69.112 995.952
69.582 996.189
70.039 996.394
74.222 998.32
74.589 998.447
74.853 998.38
75.28 998.084
75.644 998.011
75.981 998.062
76.292 998.232
76.523 998.504
76.629 998.739
76.667 999.261
76.779 999.494
77.107 999.7
79.475 1000.86
80.139 1001.16
80.715 1001.38
81.407 1001.57
82.114 1001.69
82.828 1001.75
83.543 1001.74
84.252 1001.66
84.949 1001.51
85.627 1001.3
86.238 1001.05
86.685 1000.82
87.501 1000.47
88.192 1000.15
89.604 999.778
90.068 999.68
91.112 999.57
91.629 999.504
92.216 999.478
93.25 999.497
94.537 999.577
95.532 999.706
96.948 999.972
97.886 1000.19
99.356 1000.64
100.232 1000.93
101.752 1001.56
102.568 1001.92
104.128 1002.75
104.893 1003.17
105.617 1003.65
107.121 1004.66
107.794 1005.2
109.153 1006.34
109.784 1006.95
110.912 1008.13
111.498 1008.82
111.965 1009.41
112.875 1010.75
113.2 1011.3
113.619 1012.11
113.887 1012.65
114.084 1013.14
114.39 1014.02
114.542 1014.48
115.233 1017.16
115.625 1018.63
115.978 1019.68
116.507 1020.69
117.017 1021.41
117.589 1022.05
118.228 1022.61
118.934 1023.1
119.361 1023.37
119.801 1023.64
120.242 1023.88
120.734 1023.99
29
7.941 957.278
6.324 957.241
5.928 957.161
5.641 957.012
5.401 956.793
5.225 956.519
5.132 956.26
5.077 954.554
5.045 952.921
4.878 944.016
4.936 943.616
5.074 943.32
5.284 943.071
5.551 942.884
5.984 942.76
8.069 942.786
10.655 942.846
11.003 942.904
11.299 943.042
11.548 943.252
11.735 943.52
11.847 943.827
11.874 944.177
11.099 956.152
11.021 956.495
10.872 956.784
10.653 957.023
10.379 957.198
10.005 957.304
24
58.929 957.795
58.57 957.612
58.269 957.343
58.049 957.005
57.924 956.622
57.902 956.22
57.985 955.826
58.167 955.466
58.436 955.165
58.774 954.945
59.157 954.82
59.56 954.798
59.954 954.881
60.314 955.063
60.614 955.333
60.834 955.67
60.959 956.054
60.981 956.456
60.898 956.85
60.716 957.21
60.447 957.511
60.109 957.73
59.726 957.855
59.324 957.877
