0.3
0.7
388
121.137 1023.96
121.613 1023.74
121.863 1023.54
123.554 1021.05
124.424 1019.89
125.01 1019.17
126.19 1017.8
127.388 1016.54
128.537 1015.44
129.729 1014.39
130.961 1013.41
132.454 1012.33
133.321 1011.77
133.994 1011.34
57.584 962.567
56.206 961.976
55.001 961.084
54.032 959.941
53.35 958.606
52.993 957.15
52.978 955.651
53.307 954.189
53.963 952.841
54.909 951.679
56.097 950.764
57.463 950.146
58.934 949.858
60.432 949.914
61.877 950.312
63.193 951.03
64.309 952.03
109.628 980.957
147.771 1005.3
150.065 1001.71
150.203 1001.49
150.625 1000.59
150.814 999.547
150.727 998.522
150.375 997.531
149.778 996.671
148.992 996.007
142.399 991.795
141.964 991.511
138.735 989.423
137.974 988.981
137.599 988.842
137.224 988.765
136.854 988.758
136.485 988.829
135.847 989.087
135.243 989.28
134.504 989.405
133.682 989.442
132.77 989.393
131.816 989.266
130.74 989.055
129.589 988.759
128.419 988.399
127.141 987.947
125.807 987.419
123.055 986.171
120.172 984.664
117.218 982.931
114.208 980.976
111.256 978.87
108.451 976.678
105.814 974.421
103.353 972.1
101.218 969.855
99.402 967.685
98.608 966.62
97.927 965.618
97.463 965.025
96.822 964.597
95.152 963.718
94.766 963.536
94.522 963.54
93.931 963.88
93.677 963.926
93.418 963.906
93.188 963.827
92.973 963.682
92.81 963.503
92.692 963.28
92.634 963.033
92.606 962.544
92.467 962.349
92.023 962.107
89.142 960.657
86.514 959.367
86.045 959.159
85.799 959.168
85.33 959.479
85.097 959.559
84.866 959.582
84.622 959.548
84.407 959.461
84.218 959.328
84.065 959.153
83.95 958.933
83.894 958.712
83.856 958.237
83.708 958.04
83.26 957.814
80.266 956.427
77.543 955.206
77.07 955.016
76.824 955.034
76.38 955.354
75.982 955.476
75.743 955.471
75.496 955.401
75.286 955.28
75.105 955.099
74.979 954.893
74.907 954.661
74.849 954.175
74.69 953.982
71.499 952.633
71.035 952.444
68.195 951.312
67.802 951.176
67.559 951.207
67.063 951.584
66.65 951.696
66.409 951.678
66.177 951.602
65.983 951.482
65.821 951.321
65.7 951.127
65.623 950.894
65.546 950.437
65.385 950.254
62.063 949.029
61.589 948.862
58.62 947.848
58.218 947.732
57.977 947.775
57.448 948.205
57.208 948.29
56.963 948.314
56.707 948.273
56.481 948.174
56.288 948.023
56.13 947.816
56.034 947.59
55.927 947.112
55.756 946.938
52.219 945.852
48.644 944.852
48.332 944.786
48.095 944.843
47.739 945.199
47.525 945.34
47.279 945.422
47.043 945.441
46.8 945.4
46.584 945.307
46.395 945.165
46.245 944.983
46.14 944.762
46.008 944.302
45.827 944.139
42.211 943.265
38.543 942.478
38.233 942.432
38 942.504
37.552 942.978
37.173 943.145
36.928 943.165
36.694 943.127
36.484 943.041
36.299 942.909
36.149 942.739
35.983 942.33
35.884 942.093
35.693 941.941
35.2 941.839
28.575 940.764
28.078 940.707
27.847 940.792
27.394 941.316
27.188 941.434
26.964 941.499
26.714 941.51
26.458 941.455
26.235 941.342
26.047 941.176
25.902 940.958
25.71 940.504
25.511 940.363
18.481 939.587
17.993 939.557
17.769 939.654
17.331 940.211
17.122 940.339
16.893 940.411
16.647 940.427
16.395 940.379
16.172 940.274
15.982 940.118
15.832 939.911
15.621 939.472
15.416 939.342
8.633 938.897
1.702 938.641
1.197 938.667
0.869 938.774
0.579 938.951
0.336 939.188
0.15 939.487
0.038 939.795
0 940.423
0.005 980.991
0.036 981.391
0.126 981.675
0.27 981.936
0.463 982.163
0.697 982.349
0.985 982.488
1.239 982.562
1.606 982.584
4.458 982.541
7.278 982.532
9.997 982.556
12.622 982.613
12.848 982.567
13.027 982.426
13.226 982.07
13.397 981.887
13.614 981.752
13.858 981.676
14.107 981.661
14.356 981.712
14.57 981.815
14.75 981.96
14.897 982.156
15.105 982.559
15.299 982.684
18.083 982.847
20.627 983.015
20.856 982.98
21.041 982.846
21.265 982.492
21.448 982.318
21.671 982.196
21.927 982.134
22.18 982.138
22.431 982.209
22.631 982.325
22.795 982.477
23 982.867
23.109 983.081
23.296 983.215
25.966 983.513
28.401 983.807
28.63 983.786
28.822 983.664
29.047 983.344
29.216 983.189
29.415 983.079
29.647 983.015
29.876 983.004
30.101 983.047
30.481 983.269
30.72 983.612
30.875 984.019
31.059 984.165
33.651 984.61
36.026 985.054
36.255 985.047
36.454 984.939
36.71 984.623
36.898 984.478
37.116 984.381
37.362 984.338
37.6 984.354
37.827 984.426
38.036 984.557
38.214 984.743
38.338 984.969
38.482 985.423
38.655 985.581
41.235 986.194
43.619 986.802
43.85 986.808
44.056 986.711
44.331 986.41
44.55 986.269
44.786 986.189
45.034 986.171
45.29 986.218
45.516 986.323
45.714 986.489
45.85 986.676
45.978 987.093
46.047 987.322
46.209 987.49
51.247 989.053
51.479 989.074
51.673 989
51.973 988.712
52.17 988.591
52.39 988.519
52.62 988.499
52.859 988.536
53.073 988.624
53.261 988.759
53.509 989.109
53.611 989.632
53.733 989.834
53.987 989.976
58.806 991.734
59.096 991.812
59.319 991.765
59.886 991.356
60.141 991.295
60.387 991.298
60.632 991.367
60.843 991.487
61.023 991.66
61.208 992.017
61.294 992.56
61.457 992.752
66.521 994.867
66.847 994.961
67.091 994.896
67.393 994.647
67.613 994.54
67.843 994.489
68.077 994.492
68.304 994.551
68.518 994.666
68.693 994.823
68.826 995.016
68.932 995.344
68.974 995.785
69.109 995.973
74.262 998.359
74.534 998.459
74.76 998.436
75.374 998.063
75.63 998.022
75.885 998.047
76.117 998.132
76.327 998.278
76.489 998.466
76.6 998.687
76.654 999.109
76.681 999.358
76.812 999.551
79.693 1000.99
80.255 1001.24
80.976 1001.49
81.825 1001.68
82.519 1001.76
83.387 1001.77
84.253 1001.69
85.045 1001.51
85.814 1001.25
86.55 1000.92
88.182 1000.2
89.947 999.743
91.89 999.532
93.919 999.568
96.092 999.844
98.319 1000.36
100.554 1001.11
102.761 1002.07
104.897 1003.24
106.782 1004.49
108.656 1005.97
110.339 1007.57
111.792 1009.27
112.986 1011.02
113.872 1012.74
114.494 1014.49
115.603 1018.65
115.958 1019.68
116.465 1020.65
116.768 1021.11
117.098 1021.53
117.606 1022.09
118.137 1022.56
118.789 1023.02
119.983 1023.77
120.281 1023.92
120.795 1024
29
8.086 957.281
6.324 957.241
5.975 957.183
5.68 957.045
5.43 956.835
5.243 956.567
5.132 956.26
5.074 954.419
5.045 952.921
4.878 944.016
4.936 943.616
5.074 943.32
5.284 943.071
5.551 942.884
5.949 942.763
8.457 942.795
10.655 942.846
11.003 942.904
11.299 943.042
11.548 943.252
11.735 943.52
11.847 943.827
11.874 944.177
11.099 956.152
11.043 956.448
10.905 956.744
10.695 956.993
10.428 957.18
10.022 957.302
