0.3
0.7
375
121.044 1023.94
121.329 1023.87
121.594 1023.74
121.828 1023.56
122.278 1022.94
122.911 1021.95
123.894 1020.5
125.061 1018.97
126.427 1017.35
127.888 1015.81
129.437 1014.37
130.99 1013.08
132.606 1011.89
134.211 1010.85
136.381 1009.62
138.614 1008.58
140.896 1007.72
141.418 1007.55
143.469 1006.97
146.112 1006.46
146.558 1006.37
146.877 1006.25
147.17 1006.05
147.425 1005.8
147.925 1005.06
149.962 1001.87
150.363 1001.15
150.551 1000.63
150.664 1000.13
150.706 999.867
150.723 999.276
150.638 998.634
150.481 998.092
150.249 997.578
149.948 997.102
149.584 996.675
149.012 996.19
144.028 992.986
138.742 989.583
138.262 989.295
137.807 989.046
137.447 988.903
136.945 988.819
136.463 988.835
135.966 988.969
135.42 989.14
135.008 989.244
133.951 989.345
133.105 989.307
132.704 989.291
131.515 989.111
129.747 988.709
128.955 988.465
127.937 988.143
126.079 987.439
124.133 986.592
122.131 985.618
120.107 984.537
116.113 982.143
114.197 980.874
112.364 979.588
110.14 977.922
107.914 976.132
105.736 974.243
103.664 972.292
101.755 970.321
100.063 968.377
98.707 966.6
98.103 965.739
97.717 965.312
97.263 964.987
96.804 964.724
94.869 963.707
94.628 963.633
94.402 963.674
93.978 963.958
93.639 964.046
93.289 964.014
92.972 963.856
92.71 963.569
92.597 963.298
92.58 962.904
92.548 962.649
92.38 962.431
91.918 962.187
86.769 959.622
86.304 959.397
85.958 959.262
85.685 959.302
85.274 959.601
84.928 959.701
84.572 959.676
84.248 959.525
84.001 959.267
83.85 958.905
83.801 958.341
83.623 958.124
83.174 957.904
78.838 955.91
77.413 955.276
76.986 955.121
76.716 955.171
76.226 955.525
75.922 955.604
75.654 955.592
75.32 955.466
75.053 955.227
74.888 954.908
74.826 954.359
74.671 954.12
74.189 953.879
69.912 952.114
67.999 951.36
67.675 951.29
67.453 951.355
66.982 951.724
66.654 951.816
66.299 951.787
65.975 951.636
65.728 951.377
65.584 951.029
65.5 950.547
65.308 950.349
64.806 950.144
61.789 949.053
58.367 947.883
58.097 947.853
57.879 947.929
57.453 948.304
57.184 948.413
56.827 948.43
56.487 948.322
56.207 948.1
56.026 947.789
55.923 947.299
55.78 947.102
55.479 946.955
52.873 946.161
49.79 945.279
48.771 945.002
48.277 944.907
48.015 944.995
47.64 945.373
47.39 945.507
47.082 945.566
46.729 945.509
46.418 945.335
46.19 945.057
46.043 944.568
45.922 944.355
45.652 944.194
42.536 943.451
39.391 942.764
38.351 942.551
38.049 942.594
37.862 942.73
37.618 943.024
37.287 943.228
36.965 943.287
36.613 943.229
36.304 943.051
36.078 942.771
35.902 942.271
35.703 942.074
35.201 941.946
32.697 941.508
29.652 941.027
28.591 940.871
28.036 940.834
27.788 940.952
27.444 941.38
27.101 941.581
26.782 941.633
26.431 941.567
26.125 941.383
25.905 941.097
25.692 940.624
25.462 940.476
24.943 940.384
20.898 939.927
18.37 939.681
17.961 939.687
17.719 939.816
17.394 940.255
17.148 940.436
16.895 940.526
16.538 940.531
16.202 940.41
15.919 940.162
15.662 939.66
15.471 939.495
15.057 939.407
10.784 939.119
6.516 938.906
2.596 938.771
2.015 938.756
1.354 938.756
0.943 938.857
0.522 939.115
0.314 939.337
0.154 939.596
0.048 939.883
0 940.563
0.005 981.039
0.061 981.44
0.172 981.724
0.338 981.978
0.55 982.195
0.976 982.442
1.235 982.517
1.812 982.532
6.283 982.483
10.074 982.509
11.286 982.532
12.38 982.558
12.79 982.544
13.013 982.402
13.345 981.901
13.649 981.7
13.998 981.623
14.352 981.67
14.697 981.872
14.901 982.121
15.123 982.532
15.37 982.659
18.55 982.826
20.143 982.931
20.711 982.974
20.971 982.875
21.167 982.608
21.412 982.311
21.726 982.141
22.08 982.092
22.43 982.167
22.757 982.396
22.938 982.653
23.095 983.011
23.296 983.169
23.837 983.239
26.026 983.468
28.159 983.727
28.57 983.759
28.812 983.639
29.141 983.221
29.453 983.027
29.804 982.965
30.156 983.027
30.428 983.18
30.684 983.487
30.897 983.992
31.127 984.146
33.201 984.486
34.778 984.767
35.832 984.967
36.198 985.017
36.447 984.913
36.856 984.476
37.192 984.324
37.549 984.309
37.889 984.416
38.138 984.604
38.352 984.942
38.505 985.397
38.725 985.565
41.253 986.152
42.798 986.537
43.319 986.672
43.792 986.775
44.047 986.686
44.401 986.33
44.734 986.166
45.089 986.136
45.433 986.234
45.722 986.444
45.931 986.786
46.071 987.297
46.281 987.48
48.734 988.208
50.757 988.842
51.259 989.014
51.541 989.021
51.745 988.916
51.988 988.674
52.321 988.503
52.675 988.464
53.02 988.554
53.313 988.759
53.494 989.012
53.598 989.398
53.67 989.683
53.87 989.876
54.345 990.048
57.22 991.082
58.673 991.628
59.109 991.766
59.368 991.705
59.803 991.363
60.167 991.256
60.521 991.285
60.838 991.436
61.104 991.712
61.236 992.05
61.316 992.528
61.506 992.73
65.351 994.313
66.28 994.71
66.753 994.905
67.016 994.897
67.265 994.726
67.592 994.517
68.023 994.449
68.37 994.533
68.663 994.738
68.868 995.03
68.951 995.331
68.997 995.756
69.122 995.93
69.575 996.158
72.371 997.427
74.228 998.294
74.588 998.421
74.826 998.378
75.274 998.071
75.573 997.991
75.897 998.01
76.226 998.148
76.483 998.395
76.64 998.717
76.682 999.249
76.79 999.47
77.044 999.64
79.413 1000.8
80.398 1001.25
81.083 1001.48
81.783 1001.63
82.493 1001.72
83.207 1001.74
83.916 1001.69
84.616 1001.58
85.3 1001.4
85.963 1001.16
86.699 1000.8
87.583 1000.38
88.177 1000.14
88.875 999.927
89.371 999.802
90.125 999.644
91.453 999.487
92.408 999.444
94.886 999.581
97.452 1000.05
99.98 1000.8
102.399 1001.8
104.806 1003.07
107.175 1004.65
109.396 1006.51
111.236 1008.44
112.054 1009.48
112.797 1010.56
113.326 1011.46
113.879 1012.56
114.199 1013.36
114.564 1014.45
115.549 1018.28
115.689 1018.76
116.017 1019.69
116.547 1020.7
117.042 1021.39
117.613 1022.03
118.252 1022.59
118.827 1023
119.271 1023.28
119.712 1023.55
120.277 1023.87
120.749 1023.96
29
7.854 957.276
6.324 957.241
5.899 957.148
5.616 956.991
5.382 956.766
5.215 956.488
5.132 956.26
5.078 954.635
5.045 952.921
4.878 944.016
4.936 943.616
5.074 943.32
5.284 943.071
5.551 942.884
5.858 942.772
6.156 942.743
10.655 942.846
11.003 942.904
11.299 943.042
11.548 943.252
11.735 943.52
11.847 943.827
11.874 944.177
11.099 956.152
11.007 956.524
10.851 956.808
10.626 957.041
10.349 957.209
9.927 957.314
24
58.869 957.767
58.519 957.57
58.232 957.289
58.027 956.944
57.918 956.557
57.913 956.155
58.013 955.766
58.209 955.415
58.49 955.128
58.835 954.923
59.222 954.814
59.625 954.809
60.014 954.909
60.364 955.106
60.651 955.387
60.856 955.732
60.965 956.119
60.97 956.521
60.87 956.91
60.674 957.261
60.393 957.548
60.048 957.752
59.661 957.861
59.259 957.866
