0.3
0.7
412
121.303 1023.54
121.75 1023.38
122.1 1023.13
122.557 1022.5
123.751 1020.63
124.046 1020.18
124.654 1019.29
124.98 1018.83
125.647 1017.95
126.372 1017.03
127.09 1016.2
127.909 1015.3
128.662 1014.51
129.591 1013.63
130.366 1012.91
131.901 1011.64
133.501 1010.46
135.122 1009.4
136.011 1008.89
137.079 1008.29
138.018 1007.82
139.074 1007.33
140.065 1006.91
141.094 1006.52
142.136 1006.15
144.215 1005.56
144.917 1005.39
146.212 1005.14
146.789 1005.03
147.399 1004.93
147.84 1004.75
148.194 1004.46
148.459 1004.06
148.886 1003.2
149.163 1002.52
149.341 1002.04
149.57 1001.08
149.627 1000.22
149.556 999.541
149.379 998.941
149.12 998.4
148.815 997.969
148.093 997.363
143.405 994.351
141.355 993.052
140.936 992.756
137.027 990.217
136.119 989.668
135.482 989.406
134.974 989.235
134.373 989.061
133.794 988.944
133.157 988.784
132.329 988.598
131.556 988.411
130.675 988.179
129.857 987.936
128.629 987.541
127.966 987.319
126.297 986.671
124.118 985.719
121.034 984.171
120.484 983.863
118.122 982.509
117.154 981.906
115.518 980.863
114.629 980.257
112.922 979.073
112.421 978.701
110.4 977.185
108.434 975.602
107.803 975.061
106.51 973.965
104.701 972.324
102.019 969.822
100.863 968.801
100.046 968.144
99.53 967.782
98.782 967.323
98.335 967.058
94.505 965.016
94.251 964.893
94.22 964.912
94.13 964.852
93.871 964.867
93.703 964.961
93.327 965.288
93.073 965.407
92.698 965.45
92.357 965.34
92.096 965.089
91.962 964.807
91.919 964.383
91.959 963.928
91.844 963.676
91.758 963.606
91.709 963.605
91.649 963.532
86.105 960.749
85.646 960.525
85.568 960.495
85.553 960.518
85.413 960.456
85.17 960.504
85.026 960.597
84.66 960.935
84.293 961.083
83.925 961.083
83.601 960.932
83.366 960.647
83.241 960.231
83.275 959.718
83.216 959.468
83.042 959.287
82.597 959.058
78.763 957.278
76.874 956.43
76.572 956.334
76.362 956.338
76.133 956.461
75.728 956.826
75.409 956.966
75.076 956.989
74.742 956.864
74.485 956.601
74.338 956.235
74.325 955.706
74.295 955.495
74.181 955.31
73.849 955.108
69.141 953.15
67.667 952.564
67.303 952.472
67.092 952.523
66.84 952.749
66.553 953.015
66.253 953.157
65.976 953.2
65.628 953.116
65.344 952.887
65.165 952.541
65.108 952.049
65.069 951.741
64.946 951.561
64.572 951.37
61.549 950.264
58.139 949.084
57.802 949.01
57.594 949.072
57.38 949.275
57.125 949.557
56.778 949.759
56.413 949.803
56.073 949.694
55.802 949.443
55.637 949.08
55.583 948.567
55.491 948.322
55.335 948.179
54.358 947.867
51.871 947.114
48.824 946.246
48.319 946.108
47.999 946.053
47.802 946.114
47.599 946.33
47.324 946.662
47.037 946.841
46.763 946.911
46.409 946.86
46.103 946.664
45.887 946.339
45.779 945.859
45.701 945.566
45.553 945.413
45.04 945.253
42.442 944.625
39.315 943.928
38.313 943.717
37.981 943.696
37.786 943.772
37.607 943.969
37.394 944.274
37.05 944.529
36.738 944.607
36.386 944.549
36.081 944.344
35.858 943.99
35.735 943.505
35.612 943.284
35.407 943.148
33.388 942.776
30.379 942.274
28.355 941.966
27.906 941.958
27.705 942.051
27.534 942.27
27.298 942.601
27.06 942.792
26.789 942.897
26.459 942.9
26.128 942.752
25.865 942.469
25.676 941.999
25.555 941.742
25.388 941.613
25.014 941.51
21.108 941.053
18.316 940.772
18.055 940.76
17.753 940.853
17.583 941.027
17.299 941.464
16.941 941.716
16.626 941.784
16.278 941.711
15.98 941.502
15.752 941.184
15.539 940.701
15.354 940.571
14.847 940.48
10.596 940.186
6.349 939.967
1.854 939.809
1.445 939.796
0.943 939.917
0.522 940.201
0.314 940.446
0.154 940.748
0.049 941.082
0 941.519
0.005 980.589
0.054 980.98
0.198 981.336
0.323 981.538
0.539 981.763
0.945 982.014
1.266 982.101
1.787 982.116
6.27 982.065
9.626 982.083
10.181 982.092
11.615 982.119
12.729 982.142
12.984 982.029
13.131 981.826
13.276 981.567
13.534 981.327
13.861 981.195
14.38 981.201
14.734 981.436
14.94 981.703
15.119 982.067
15.323 982.212
15.876 982.262
18.573 982.404
20.172 982.509
20.678 982.552
20.953 982.484
21.125 982.33
21.347 981.978
21.622 981.758
21.958 981.65
22.482 981.694
22.813 981.955
22.994 982.228
23.13 982.564
23.3 982.722
23.493 982.787
24.037 982.832
26.229 983.062
28.37 983.324
28.635 983.337
28.885 983.208
29.224 982.768
29.532 982.578
29.881 982.515
30.4 982.626
30.69 982.932
30.843 983.267
30.971 983.561
31.201 983.718
31.695 983.803
33.279 984.064
35.39 984.445
35.919 984.547
36.31 984.585
36.549 984.479
36.97 984.025
37.299 983.876
37.656 983.857
38.002 983.97
38.153 984.039
38.401 984.38
38.565 984.886
38.717 985.075
39.019 985.19
41.532 985.775
43.611 986.301
43.961 986.351
44.175 986.26
44.543 985.884
44.869 985.719
45.225 985.687
45.581 985.792
45.864 985.973
46.062 986.348
46.203 986.864
46.412 987.049
46.922 987.214
48.87 987.794
51.416 988.591
51.625 988.614
51.841 988.535
52.301 988.136
52.657 988.021
53.014 988.045
53.352 988.209
53.596 988.429
53.738 988.833
53.787 989.199
53.953 989.425
54.443 989.62
57.337 990.658
58.794 991.204
59.281 991.353
59.54 991.289
59.988 990.916
60.332 990.804
60.69 990.822
61.047 990.996
61.291 991.261
61.417 991.578
61.478 992.078
61.616 992.271
62.094 992.491
65.001 993.684
66.918 994.494
67.13 994.504
67.345 994.412
67.67 994.141
68.046 994.016
68.404 994.031
68.753 994.2
68.993 994.46
69.137 994.744
69.166 995.278
69.313 995.515
69.779 995.753
74.476 997.909
74.802 998.017
75.03 997.967
75.487 997.641
75.791 997.556
76.116 997.569
76.447 997.705
76.718 997.987
76.859 998.311
76.886 998.577
76.903 998.883
77.03 999.095
77.491 999.349
79.921 1000.54
80.638 1000.85
81.328 1001.08
82.038 1001.23
82.759 1001.32
83.324 1001.33
84.105 1001.28
84.717 1001.17
85.301 1001.04
85.849 1000.86
86.351 1000.67
86.986 1000.35
87.454 1000.11
88.166 999.794
88.988 999.501
89.851 999.261
90.491 999.117
91.657 998.952
92.737 998.879
94.454 998.926
95.408 998.962
97.967 999.388
98.492 999.537
100.006 999.96
100.463 1000.09
102.924 1001.07
105.383 1002.36
107.736 1003.95
109.877 1005.78
111.535 1007.6
111.979 1008.15
112.497 1008.82
113.182 1009.87
113.765 1010.91
114.065 1011.55
114.575 1012.82
114.827 1013.63
114.998 1014.29
115.187 1015.1
115.574 1016.67
115.95 1018.17
116.287 1019.2
116.84 1020.3
117.332 1021
117.9 1021.64
118.537 1022.21
119.21 1022.69
120.109 1023.24
120.553 1023.48
121.006 1023.56
28
7.362 957.265
6.324 957.241
5.975 957.183
5.68 957.045
5.43 956.835
5.243 956.567
5.132 956.26
5.087 955.094
5.045 952.921
4.883 944.266
4.91 943.79
5.018 943.429
5.242 943.112
5.59 942.864
5.965 942.756
6.515 942.75
10.655 942.846
11.057 942.923
11.374 943.097
11.643 943.382
11.828 943.762
11.874 944.177
11.099 956.152
11.043 956.448
10.905 956.744
10.695 956.993
10.428 957.18
9.998 957.304
24
58.968 957.814
58.58 957.623
58.284 957.366
58.062 957.043
57.923 956.634
57.895 956.245
57.986 955.823
58.157 955.474
58.411 955.18
58.776 954.943
59.145 954.819
59.534 954.791
59.916 954.862
60.31 955.057
60.602 955.312
60.822 955.632
60.954 955.998
60.988 956.429
60.9 956.849
60.729 957.198
60.475 957.493
60.115 957.729
59.745 957.855
59.354 957.884
