0.3
0.7
363
61.653 985.885
61.987 985.489
62.349 984.853
62.709 984.193
63.016 983.682
63.422 982.946
63.812 982.228
64.126 981.597
64.622 980.369
65.078 978.986
65.424 977.865
65.925 976.301
66.108 975.786
66.582 974.387
66.734 973.861
66.846 973.335
66.873 972.97
66.849 972.831
66.776 972.808
66.771 972.751
64.493 971.537
61.237 969.859
61.089 969.849
60.929 969.975
60.639 970.392
60.32 970.995
59.659 972.472
59.394 973.048
59.13 973.594
58.89 974.074
58.541 974.737
58.033 975.689
57.722 976.148
57.349 976.755
57.198 976.984
57.03 976.924
57.089 976.35
57.227 975.365
57.425 974.368
57.567 973.791
57.768 972.888
57.948 972.172
58.17 971.398
58.35 970.749
58.528 970.136
58.685 969.417
58.736 968.896
58.69 968.634
58.243 968.389
57.305 967.939
54.511 966.64
53.086 965.998
52.869 965.91
52.858 965.935
52.789 965.899
52.574 966.101
52.255 966.644
51.962 967.328
51.669 968.089
51.276 969.051
51.04 969.596
50.808 970.101
50.522 970.65
50.105 971.358
49.787 971.788
49.577 971.867
49.462 971.631
49.444 971.093
49.467 970.461
49.571 969.626
49.741 968.654
49.912 967.754
50.248 966.264
50.359 965.563
50.375 965.063
50.318 964.82
50.241 964.818
50.25 964.765
48.296 963.95
44.912 962.609
44.405 962.418
44.34 962.392
44.279 962.444
44.214 962.38
44.039 962.544
43.738 963.117
43.427 963.979
43.263 964.505
43.099 964.985
42.909 965.519
42.721 966.003
42.418 966.694
42.104 967.333
41.831 967.762
41.607 967.937
41.437 967.877
41.324 967.592
41.272 967.084
41.286 966.425
41.318 965.781
41.381 965.129
41.461 964.476
41.544 963.905
41.715 962.837
41.77 962.267
41.758 961.68
41.686 961.455
41.601 961.461
41.551 961.374
39.566 960.683
38.086 960.185
35.535 959.373
35.416 959.384
35.373 959.362
35.23 959.5
34.97 960.05
34.754 960.76
34.51 961.693
34.31 962.37
34.148 962.872
33.907 963.542
33.561 964.233
33.302 964.57
33.117 964.626
32.953 964.48
32.824 964.09
32.746 963.4
32.74 962.375
32.789 961.37
32.916 959.976
32.934 959.404
32.885 958.814
32.788 958.585
32.228 958.395
31.695 958.251
31.163 958.102
28.017 957.28
26.515 956.914
26.41 956.888
26.383 956.944
26.313 956.882
26.172 957.034
25.963 957.521
25.826 958.008
25.723 958.542
25.53 959.453
25.396 959.981
25.189 960.687
25.021 961.169
24.798 961.644
24.503 962.021
24.324 962.017
24.168 961.818
24.041 961.433
23.953 960.923
23.882 960.209
23.855 959.436
23.86 958.873
23.876 958.163
23.896 957.612
23.881 957.102
23.797 956.515
23.689 956.272
23.606 956.324
23.57 956.232
21.007 955.682
17.909 955.067
17.389 954.973
17.181 954.933
17.156 955.066
17.087 954.947
16.939 955.124
16.744 955.676
16.612 956.355
16.465 957.266
16.303 958.091
16.184 958.578
15.986 959.216
15.706 959.767
15.516 959.921
15.337 959.887
15.162 959.653
14.998 959.188
14.86 958.458
14.762 957.437
14.724 956.545
14.71 955.801
14.649 955.099
14.517 954.616
14.427 954.486
14.352 954.591
14.303 954.44
12.312 954.127
12.028 954.246
11.802 954.546
11.592 955.021
11.35 955.838
11.224 956.325
10.946 956.804
10.556 957.132
10.16 957.293
9.825 957.333
6.551 957.25
6.061 957.207
5.637 957.026
5.282 956.674
5.065 956.205
4.971 955.521
4.844 954.725
4.715 954.138
4.571 953.659
4.433 953.377
4.271 953.146
4.044 953.006
3.536 952.972
1.88 952.792
1.594 952.767
1.234 952.91
0.943 953.296
0.686 953.957
0.524 954.48
0.379 955.194
0.212 956.427
0.119 957.445
0.051 958.393
0.003 960.733
0.004 974.462
0.028 975.3
0.064 975.853
0.159 976.375
0.318 976.9
0.606 977.389
0.946 977.734
1.236 977.879
1.541 977.936
2.097 977.89
5.722 977.786
8.802 977.741
12.609 977.744
13 977.735
13.211 977.596
13.372 977.33
13.561 976.712
13.793 976.199
14.008 975.904
14.248 975.737
14.422 975.693
14.543 975.696
14.893 975.964
15.073 976.288
15.232 976.79
15.344 977.346
15.489 977.662
15.672 977.801
16.202 977.81
18.983 977.908
20.635 977.987
21.186 978.008
21.346 977.978
21.536 977.807
21.735 977.349
21.912 976.818
22.229 976.245
22.426 976.041
22.776 975.869
22.96 975.91
23.12 975.991
23.39 976.438
23.562 977.075
23.629 977.69
23.757 978.014
23.934 978.162
24.474 978.221
26.674 978.39
28.343 978.542
28.9 978.598
29.377 978.62
29.58 978.515
29.719 978.344
29.932 977.817
30.169 977.261
30.506 976.724
30.746 976.443
30.942 976.323
31.127 976.305
31.293 976.389
31.523 976.783
31.649 977.286
31.737 977.877
31.744 978.408
31.837 978.776
32.02 978.951
33.561 979.157
35.638 979.464
37.2 979.719
37.358 979.752
37.582 979.624
37.823 979.282
38.043 978.771
38.321 978.214
38.59 977.756
38.846 977.457
39.228 977.212
39.406 977.239
39.681 977.577
39.686 977.799
39.77 978.178
39.79 978.861
39.773 979.39
39.803 979.901
39.893 980.145
40.013 980.243
40.531 980.331
42.644 980.768
45.188 981.343
45.249 981.362
45.514 981.275
45.775 980.999
46.381 979.79
46.696 979.306
47.056 978.765
47.261 978.539
47.458 978.403
47.639 978.388
47.768 978.488
47.868 978.756
47.891 978.961
47.944 979.071
47.908 979.571
47.893 980.272
47.824 980.835
47.776 981.365
47.813 981.74
47.968 982.001
48.485 982.141
50.012 982.534
52.023 983.082
52.99 983.358
53.282 983.453
53.599 983.32
53.821 983.082
54.1 982.585
54.392 982.018
54.653 981.569
55.077 980.87
55.645 979.979
55.9 979.645
56.121 979.465
56.286 979.543
56.342 979.874
56.293 980.507
56.198 981.041
56.138 981.694
55.954 982.743
55.846 983.233
55.79 983.732
55.836 984.077
55.976 984.285
56.127 984.298
57.592 984.761
59.6 985.423
61.078 985.928
61.394 986.019
49
69.695 988.845
70.025 988.494
70.379 987.901
70.751 987.265
71.609 985.735
71.912 985.106
72.276 984.365
73.074 982.445
73.361 981.685
73.626 981.002
73.86 980.428
74.282 979.358
74.572 978.576
74.745 977.968
74.823 977.472
74.777 977.321
74.729 977.312
74.757 977.248
72.084 975.703
71.639 975.455
71.203 975.202
69.388 974.18
69.291 974.156
69.266 974.189
69.206 974.13
68.97 974.323
68.588 974.87
68.315 975.352
67.198 977.606
66.732 978.497
66.482 978.989
66.225 979.462
65.903 980.115
65.57 980.762
65.052 981.981
64.765 982.866
64.515 983.745
64.363 984.241
64.158 985.052
64.015 985.541
63.881 986.069
63.823 986.6
63.863 986.844
63.913 986.934
63.987 986.944
64.225 987.06
68.57 988.676
69.051 988.861
69.411 988.986
40
77.752 992.166
78.104 991.792
78.453 991.246
78.714 990.809
79.469 989.469
80.085 988.279
80.546 987.31
81.052 986.231
81.374 985.491
81.66 984.868
82.066 983.943
82.268 983.445
82.441 982.961
82.595 982.361
82.601 982.076
82.459 981.931
78.94 979.751
77.612 978.946
77.215 978.718
77.178 978.756
77.117 978.705
76.913 978.855
76.575 979.281
76.268 979.767
75.992 980.263
75.739 980.748
74.488 983.095
73.696 984.632
73.1 985.964
72.828 986.641
72.411 987.791
72.204 988.395
72.003 988.963
71.887 989.451
71.858 989.737
71.944 989.97
72.352 990.17
72.821 990.358
77.045 992.112
77.519 992.286
56
85.139 995.07
85.532 995.084
86.162 995.001
87.273 994.619
87.68 994.518
88.202 994.312
88.801 994.133
89.863 993.756
92.988 992.606
93.517 992.403
94.398 992.084
94.482 992.055
95.152 991.482
95.571 991.083
94.998 990.196
94.523 989.865
94.064 989.555
93.61 989.241
93.155 988.935
92.742 988.65
92.282 988.343
91.827 988.03
91.371 987.726
90.92 987.418
88.274 985.663
87.837 985.38
87.407 985.093
86.983 984.821
86.547 984.533
85.688 983.978
85.26 983.708
84.955 983.508
84.81 983.546
84.488 983.855
84.073 984.444
83.772 984.927
83.268 985.821
82.659 986.926
82.226 987.737
81.876 988.384
81.438 989.253
80.988 990.227
80.619 991.053
80.389 991.584
80.11 992.28
79.96 992.794
79.928 993.169
79.982 993.337
80.018 993.366
80.071 993.331
80.053 993.407
83.379 994.867
83.551 994.938
83.89 995
84.437 995.132
84.587 995.162
