0.3
0.7
559
123.163 1020.01
123.663 1019.78
124.199 1019.37
124.659 1018.88
125.033 1018.41
125.541 1017.75
126.143 1016.89
126.486 1016.42
126.979 1015.77
128.003 1014.47
128.343 1014.06
129.652 1012.58
130.536 1011.69
131.698 1010.44
132.217 1009.94
132.774 1009.36
133.227 1008.85
133.699 1008.36
134.164 1007.76
134.363 1007.31
134.245 1006.93
133.208 1006.32
132.943 1006.23
132.901 1006.06
123.535 999.436
117.22 995.072
116.799 994.791
116.352 994.479
107.517 988.552
103.635 986.01
103.21 985.739
102.723 985.42
101.375 984.559
100.917 984.26
99.136 983.125
98.673 982.836
98.188 982.526
94.4 980.159
90.283 977.643
88.467 976.561
88.276 976.554
87.989 976.788
87.621 977.252
86.94 978.335
86.322 979.268
85.906 979.806
85.534 980.213
85.211 980.492
84.949 980.624
84.776 980.572
84.695 980.31
84.744 979.617
84.858 979.076
85.016 978.526
85.225 977.911
85.626 976.873
85.819 976.392
86 975.811
86.069 975.304
86.037 975.156
85.618 974.88
83.872 973.863
80.738 972.087
80.343 971.871
80.308 971.937
80.263 971.853
80.055 971.974
79.703 972.381
79.411 972.831
79.101 973.373
78.798 973.886
78.489 974.376
78.082 974.962
77.71 975.421
77.386 975.737
77.121 975.899
76.922 975.907
76.802 975.741
76.761 975.42
76.796 974.955
76.984 974.058
77.135 973.529
77.303 972.994
77.499 972.435
77.745 971.761
77.9 971.198
77.948 970.665
77.908 970.545
77.826 970.568
77.831 970.47
74.714 968.788
72.425 967.587
72.094 967.422
72.034 967.497
71.995 967.392
71.821 967.491
71.513 967.848
71.185 968.383
70.893 968.94
70.466 969.711
70.045 970.379
69.595 970.971
69.303 971.277
69.106 971.415
68.896 971.459
68.755 971.333
68.684 971.049
68.686 970.614
68.753 970.099
68.891 969.396
69.082 968.676
69.485 967.375
69.618 966.798
69.641 966.287
69.602 966.175
69.508 966.207
69.489 966.091
69.032 965.858
66.282 964.507
63.962 963.401
63.591 963.228
63.549 963.312
63.501 963.216
63.335 963.315
63.021 963.72
62.703 964.311
62.338 965.068
62.005 965.713
61.643 966.306
61.216 966.881
60.94 967.144
60.715 967.247
60.547 967.186
60.44 966.963
60.4 966.578
60.43 965.964
60.564 965.104
60.827 963.968
60.958 963.455
61.073 962.963
61.121 962.292
61.055 962.093
60.971 962.123
60.945 962.014
60.486 961.806
57.215 960.388
54.847 959.404
54.798 959.427
54.748 959.399
54.553 959.54
54.248 959.993
53.714 961.218
53.481 961.734
53.25 962.197
52.859 962.828
52.548 963.228
52.287 963.385
52.107 963.373
51.966 963.198
51.879 962.839
51.864 962.265
51.93 961.479
52.043 960.751
52.173 960.02
52.283 959.511
52.341 958.987
52.302 958.511
52.21 958.376
52.177 958.365
51.709 958.166
48.86 957.094
47.791 956.71
46.316 956.202
45.805 956.018
45.633 956.057
45.363 956.421
45.149 956.883
44.942 957.478
44.74 958.028
44.511 958.573
44.149 959.3
43.864 959.707
43.685 959.923
43.48 960.021
43.308 959.97
43.175 959.766
43.085 959.42
43.045 958.927
43.054 958.379
43.09 957.685
43.156 957.097
43.249 956.438
43.299 955.826
43.25 955.345
43.171 955.18
42.695 955.008
41.736 954.708
39.283 953.972
36.732 953.249
36.571 953.201
36.501 953.265
36.436 953.191
36.252 953.35
36.011 953.803
35.844 954.313
35.661 954.969
35.473 955.539
35.175 956.252
34.813 956.872
34.605 957.063
34.415 957.114
34.251 957.013
34.12 956.758
34.012 956.345
33.945 955.736
33.935 954.947
34.017 953.479
33.985 952.91
33.9 952.599
33.836 952.507
33.751 952.564
33.748 952.469
32.092 952.067
30.048 951.598
29.005 951.367
27.434 951.034
27.054 950.972
27.041 951.058
26.974 950.957
26.82 951.089
26.61 951.502
26.435 952.163
26.268 952.853
26.087 953.468
25.871 954.032
25.65 954.461
25.312 954.786
25.099 954.746
24.933 954.557
24.788 954.196
24.674 953.651
24.603 952.915
24.57 951.156
24.481 950.69
24.342 950.445
24.255 950.518
24.163 950.389
21.53 949.916
19.943 949.657
17.82 949.336
17.562 949.302
17.509 949.382
17.429 949.303
17.291 949.419
17.089 949.868
16.848 951.036
16.668 951.722
16.403 952.467
16.13 952.887
15.946 953.026
15.767 953.002
15.601 952.841
15.452 952.544
15.324 952.13
15.231 951.634
15.147 951.056
15.102 950.452
15.075 949.883
14.977 949.322
14.849 949.029
14.731 948.948
14.699 948.979
14.582 948.915
13.057 948.717
12.67 948.659
12.595 948.749
12.396 948.686
12.196 948.862
11.909 949.425
11.702 950.053
11.553 950.703
11.437 951.424
11.34 952.424
11.299 953.059
11.106 956.039
11.059 956.394
10.867 956.799
10.547 957.105
10.259 957.249
9.823 957.321
6.523 957.246
6.061 957.206
5.654 957.027
5.337 956.716
5.187 956.433
5.103 956.014
5.019 951.475
4.985 950.787
4.934 950.16
4.805 949.302
4.645 948.639
4.362 948.098
4.109 947.87
3.982 947.892
3.882 947.765
1.662 947.605
1.233 947.693
0.904 948.011
0.668 948.429
0.523 948.813
0.374 949.418
0.234 950.153
0.126 950.939
0.05 951.707
0.001 953.414
0.005 977.262
0.054 977.858
0.224 978.44
0.344 978.678
0.599 979
0.946 979.271
1.236 979.383
1.541 979.444
2.046 979.409
5.318 979.345
9.289 979.327
12.653 979.369
12.975 979.353
13.158 979.213
13.322 978.9
13.55 978.422
13.82 978.129
14.045 977.999
14.404 977.963
14.774 978.159
15.009 978.461
15.194 978.959
15.326 979.273
15.509 979.415
16.007 979.464
19.839 979.645
20.921 979.708
21.151 979.683
21.341 979.55
21.476 979.337
21.719 978.848
22.006 978.54
22.319 978.364
22.636 978.353
22.865 978.452
23.077 978.657
23.245 978.915
23.406 979.403
23.51 979.664
23.707 979.828
23.821 979.861
23.85 979.92
24.978 980.014
27.205 980.232
28.848 980.418
29.133 980.429
29.33 980.305
29.487 980.077
29.765 979.591
30.105 979.224
30.42 979.084
30.652 979.075
30.938 979.216
31.172 979.509
31.357 980.045
31.458 980.486
31.613 980.688
31.883 980.817
32.922 980.969
34.966 981.298
36.485 981.565
36.816 981.631
37.144 981.536
37.341 981.341
37.596 980.906
37.938 980.514
38.231 980.348
38.497 980.301
38.756 980.385
38.973 980.571
39.147 980.919
39.246 981.481
39.298 981.844
39.441 982.063
39.711 982.197
40.74 982.416
42.239 982.753
44.738 983.351
44.952 983.29
45.177 983.084
45.514 982.574
45.841 982.252
46.128 982.093
46.378 982.065
46.663 982.154
46.855 982.344
47.016 982.688
47.091 983.191
47.091 983.7
47.224 983.951
47.441 984.075
48.43 984.35
50.915 985.08
52.424 985.547
52.667 985.585
52.886 985.496
53.104 985.239
53.368 984.855
53.77 984.49
54.013 984.376
54.196 984.339
54.518 984.407
54.687 984.545
54.878 984.88
54.954 985.361
54.912 985.924
54.982 986.235
55.19 986.451
56.142 986.769
59.079 987.808
60.075 988.172
60.396 988.28
60.703 988.224
60.937 988.043
61.244 987.616
61.639 987.258
62.046 987.093
62.242 987.071
62.416 987.116
62.652 987.355
62.795 987.668
62.849 988.117
62.769 988.748
62.834 989.067
62.998 989.26
63.476 989.456
66.831 990.795
68.239 991.377
68.545 991.366
68.792 991.205
69.144 990.765
69.469 990.478
69.937 990.205
70.188 990.147
70.367 990.185
70.513 990.294
70.624 990.467
70.736 990.962
70.745 991.426
70.651 991.937
70.685 992.251
70.812 992.434
71.269 992.667
74.076 993.908
75.938 994.755
76.147 994.848
76.18 994.803
76.242 994.853
76.467 994.824
76.735 994.639
77.129 994.175
77.643 993.762
77.885 993.636
78.18 993.594
78.351 993.639
78.493 993.764
78.634 994.076
78.658 994.656
78.59 995.153
78.508 995.626
78.581 995.898
78.677 996.004
78.746 995.991
78.785 996.079
81.7 997.472
82.263 997.681
82.714 997.827
83.238 997.926
83.821 997.947
84.451 997.915
85.022 997.828
85.508 997.743
86.35 997.461
86.905 997.294
87.412 997.147
88.231 996.833
89.021 996.563
89.816 996.318
90.329 996.179
91.241 995.95
91.852 995.82
92.467 995.704
93.086 995.603
93.709 995.52
94.336 995.451
94.951 995.394
95.538 995.354
96.127 995.328
96.719 995.316
97.314 995.316
97.909 995.332
98.505 995.36
99.102 995.402
99.697 995.459
100.289 995.53
100.878 995.613
101.465 995.71
102.048 995.822
102.628 995.947
103.202 996.088
103.772 996.242
104.337 996.411
104.897 996.597
105.451 996.798
106 997.016
106.544 997.25
107.101 997.512
107.682 997.808
108.254 998.128
108.822 998.473
109.383 998.844
109.933 999.239
110.476 999.66
111.006 1000.11
111.522 1000.58
112.026 1001.07
112.512 1001.58
112.982 1002.11
113.476 1002.72
113.955 1003.35
114.392 1003.95
114.805 1004.56
115.195 1005.19
115.564 1005.82
115.91 1006.47
116.234 1007.12
116.535 1007.78
116.815 1008.46
117.073 1009.13
117.307 1009.82
117.453 1010.33
117.671 1011.1
118.037 1012.62
118.206 1013.26
118.543 1014.71
118.902 1015.71
119.275 1016.63
119.585 1017.37
119.923 1017.86
120.28 1018.34
120.501 1018.64
121.355 1019.3
122.323 1019.89
122.715 1020.05
