0.3
0.7
501
122.521 1021.69
123.048 1021.39
123.429 1021.04
123.829 1020.51
124.903 1018.83
125.447 1018
126.199 1016.93
127.721 1014.99
129.44 1013.09
131.364 1011.25
132.907 1009.95
134.527 1008.75
136.218 1007.63
137.185 1007.07
139.749 1005.63
141.276 1004.74
141.734 1004.4
141.971 1004.22
142.287 1003.91
142.415 1003.59
142.229 1003.29
140.893 1002.45
136.945 999.96
136.705 999.741
130.613 995.562
130.195 995.284
121.486 989.45
112.325 983.516
104.879 978.869
99.824 975.814
96.052 973.591
91.841 971.177
91.361 970.91
91.184 970.834
90.964 970.918
90.658 971.197
90.292 971.731
89.954 972.212
89.605 972.671
89.262 973.039
88.735 973.469
88.461 973.571
88.29 973.511
88.187 973.322
88.153 973.01
88.212 972.342
88.331 971.798
88.497 971.248
88.762 970.507
88.893 970.012
88.884 969.622
88.792 969.485
88.356 969.234
83.433 966.58
82.97 966.34
82.822 966.28
82.582 966.385
82.267 966.708
81.673 967.624
81.329 968.082
80.822 968.644
80.537 968.846
80.274 968.923
80.133 968.913
80 968.771
79.921 968.499
79.922 968.015
80.014 967.354
80.159 966.773
80.484 965.693
80.505 965.207
80.428 965.03
79.981 964.793
75.388 962.494
74.481 962.059
74.239 961.964
74.09 962.007
73.756 962.326
73.471 962.779
73.099 963.381
72.774 963.829
72.406 964.265
72.052 964.533
71.882 964.592
71.702 964.573
71.561 964.435
71.471 964.168
71.449 963.55
71.627 962.532
71.779 961.947
71.894 961.436
71.889 960.972
71.806 960.809
71.743 960.77
71.283 960.55
67.034 958.634
65.586 958.006
65.49 957.966
65.247 958.019
64.941 958.318
64.617 958.89
64.246 959.511
63.948 959.913
63.579 960.333
63.342 960.494
63.136 960.545
62.968 960.484
62.842 960.313
62.766 960.029
62.768 959.179
62.846 958.538
62.961 957.993
63.034 957.47
62.999 957.092
62.844 956.851
61.392 956.259
60.964 956.086
60.975 956.562
60.908 956.841
60.782 957.117
60.6 957.366
60.368 957.577
60.136 957.723
59.84 957.835
59.523 957.885
59.198 957.867
58.886 957.78
58.641 957.665
58.384 957.47
58.174 957.227
58.022 956.949
57.933 956.694
57.893 956.387
57.913 956.082
57.983 955.815
58.111 955.543
58.286 955.305
58.488 955.116
56.53 954.387
56.278 954.325
56.062 954.436
55.794 954.771
55.562 955.219
55.269 955.803
54.92 956.312
54.509 956.724
54.295 956.833
54.11 956.827
53.959 956.711
53.848 956.484
53.74 955.791
53.758 955.17
53.832 954.62
53.894 954.078
53.876 953.682
53.757 953.42
53.52 953.303
51.533 952.622
50.541 952.292
48.111 951.521
47.145 951.226
46.854 951.179
46.637 951.292
46.395 951.65
46.188 952.141
45.935 952.677
45.652 953.139
45.395 953.431
45.159 953.593
44.975 953.627
44.803 953.57
44.652 953.407
44.532 953.129
44.429 952.502
44.443 951.694
44.489 951.127
44.464 950.77
44.354 950.502
44.15 950.362
42.646 949.942
40.141 949.278
38.065 948.757
37.577 948.646
37.335 948.588
37.054 948.699
36.832 948.982
36.575 949.639
36.311 950.23
36.048 950.656
35.641 951.011
35.458 951.031
35.289 950.956
35.08 950.659
34.933 950.189
34.864 949.451
34.854 948.912
34.804 948.361
34.673 948.088
34.487 947.958
31.814 947.411
29.185 946.919
27.577 946.639
27.378 946.674
27.174 946.881
26.973 947.355
26.802 947.873
26.565 948.361
26.286 948.782
25.959 948.999
25.78 948.986
25.614 948.878
25.466 948.678
25.274 948.137
25.156 947.607
25.111 947.046
25.032 946.521
24.885 946.257
24.704 946.16
24.192 946.096
21.47 945.704
18.74 945.35
17.689 945.222
17.486 945.368
17.298 945.741
17.16 946.258
16.967 946.792
16.72 947.193
16.467 947.453
16.287 947.501
16.108 947.483
15.782 947.197
15.528 946.662
15.408 946.097
15.337 945.515
15.205 945.107
15.097 944.979
14.914 944.903
14.324 944.854
13.284 944.75
12.886 944.708
12.851 944.745
12.647 944.745
12.332 944.947
12.046 945.432
11.862 945.931
11.715 946.8
11.497 949.999
11.299 953.059
11.121 955.819
11.065 956.36
10.947 956.669
10.698 956.991
10.358 957.211
9.966 957.307
6.755 957.251
6.189 957.226
5.914 957.16
5.568 956.954
5.369 956.756
5.22 956.519
5.108 956.068
4.922 946.348
4.88 945.729
4.702 944.902
4.529 944.55
4.337 944.3
4.137 944.147
3.678 944.053
1.974 943.971
1.625 943.959
1.233 944.038
0.861 944.293
0.522 944.734
0.306 945.214
0.154 945.808
0.049 946.535
0.001 947.587
0.005 978.752
0.054 979.242
0.263 979.784
0.526 980.152
0.934 980.452
1.245 980.561
1.826 980.568
5.772 980.504
9.039 980.499
11.828 980.534
12.381 980.546
12.902 980.537
13.139 980.367
13.364 979.904
13.625 979.603
13.957 979.433
14.314 979.41
14.612 979.517
14.884 979.758
15.033 979.992
15.208 980.432
15.423 980.607
15.673 980.647
18.374 980.771
20.528 980.902
21.018 980.921
21.201 980.821
21.361 980.586
21.526 980.282
21.808 980
22.152 979.857
22.51 979.865
22.798 979.998
23.036 980.243
23.191 980.548
23.363 980.974
23.545 981.108
23.892 981.168
25.451 981.316
27.985 981.599
28.49 981.661
28.914 981.71
29.106 981.611
29.235 981.462
29.469 981.083
29.737 980.838
30.06 980.707
30.373 980.7
30.709 980.824
30.993 981.154
31.162 981.592
31.214 981.833
31.413 982.04
31.563 982.102
32.078 982.162
33.079 982.32
35.093 982.665
36.097 982.85
36.52 982.911
36.846 982.841
37.035 982.667
37.393 982.239
37.751 982.044
38.098 982.013
38.432 982.127
38.677 982.333
38.879 982.72
38.965 983.218
39.108 983.422
39.219 983.49
39.305 983.461
39.53 983.549
41.572 984.012
43.099 984.382
44.1 984.635
44.248 984.656
44.55 984.626
44.774 984.456
45.1 984.08
45.419 983.894
45.789 983.817
46.133 983.912
46.409 984.168
46.602 984.558
46.668 985.067
46.807 985.316
46.929 985.397
46.996 985.379
47.102 985.449
49.069 986.02
51.111 986.647
51.63 986.812
52.018 986.915
52.22 986.943
52.473 986.818
52.795 986.459
53.145 986.22
53.52 986.123
53.869 986.203
54.15 986.441
54.31 986.764
54.389 987.212
54.417 987.504
54.565 987.734
55.022 987.938
57.947 988.977
59.419 989.523
59.806 989.645
60.009 989.682
60.262 989.575
60.718 989.128
61.106 988.932
61.479 988.912
61.804 989.062
61.989 989.274
62.111 989.553
62.155 990.118
62.188 990.423
62.307 990.603
62.387 990.661
62.453 990.681
62.948 990.892
65.891 992.086
67.28 992.669
67.713 992.825
67.919 992.812
68.131 992.698
68.486 992.342
68.916 992.119
69.293 992.094
69.619 992.241
69.851 992.537
69.965 992.941
69.941 993.483
70.016 993.746
70.143 993.889
70.599 994.106
74.347 995.798
75.263 996.222
75.594 996.336
75.804 996.299
76.028 996.135
76.389 995.808
76.741 995.647
77.087 995.621
77.419 995.75
77.658 996.034
77.778 996.43
77.748 996.945
77.762 997.237
77.877 997.431
78.338 997.679
80.712 998.833
81.459 999.164
82.136 999.386
82.633 999.485
83.144 999.563
83.69 999.57
84.285 999.536
84.799 999.477
85.394 999.329
85.884 999.198
86.384 999.01
87.036 998.757
87.601 998.563
88.611 998.157
89.289 997.928
89.971 997.728
90.561 997.579
91.894 997.299
92.414 997.21
92.94 997.136
93.472 997.076
94.008 997.031
94.547 997
95.074 996.985
95.592 996.982
96.108 996.992
96.624 997.015
97.139 997.052
98.176 997.152
99.712 997.383
100.446 997.512
100.932 997.617
102.737 998.142
104.311 998.689
105.055 999.009
105.953 999.45
106.908 999.971
109.25 1001.58
109.711 1001.96
110.792 1002.96
111.545 1003.73
112.657 1005.05
113.235 1005.86
113.617 1006.41
113.984 1006.98
114.329 1007.56
114.65 1008.14
114.948 1008.74
115.172 1009.24
115.465 1009.94
115.711 1010.56
115.931 1011.17
116.125 1011.79
116.297 1012.42
116.478 1013.06
116.563 1013.62
116.815 1014.72
116.945 1015.23
117.147 1015.93
117.402 1016.78
117.615 1017.46
117.842 1017.99
118.08 1018.49
118.245 1018.85
118.526 1019.3
119.082 1019.96
119.377 1020.28
120.257 1020.88
120.368 1021.02
121.301 1021.59
121.631 1021.75
122.135 1021.79
