0.3
0.7
160
10.609 1023.36
10.685 1023.3
10.813 1023.38
10.923 1023.28
11.804 1023.74
12.402 1023.04
12.465 1022.97
12.605 1023.02
12.693 1022.9
13.648 1023.18
14.099 1022.38
14.147 1022.3
14.294 1022.32
14.358 1022.19
15.348 1022.27
15.634 1021.4
15.666 1021.32
15.814 1021.31
15.85 1021.16
16.838 1021.06
16.948 1020.14
16.962 1020.05
17.106 1020.02
17.113 1019.87
18.061 1019.57
17.991 1018.65
17.987 1018.56
18.122 1018.5
18.1 1018.35
18.972 1017.87
18.725 1016.99
18.702 1016.89
18.822 1016.81
18.772 1016.67
19.532 1016.03
19.121 1015.21
19.079 1015.12
19.179 1015.01
19.102 1014.89
19.722 1014.11
19.159 1013.39
19.102 1013.32
19.179 1013.19
19.079 1013.08
19.536 1012.2
18.842 1011.6
18.772 1011.53
18.822 1011.39
18.702 1011.31
18.98 1010.35
18.181 1009.9
18.1 1009.85
18.122 1009.71
17.987 1009.64
18.073 1008.65
17.202 1008.37
17.113 1008.33
17.106 1008.19
16.962 1008.15
16.854 1007.16
15.943 1007.05
15.85 1007.04
15.814 1006.89
15.666 1006.89
15.366 1005.94
14.452 1006.01
14.358 1006.01
14.294 1005.88
14.147 1005.9
13.668 1005.03
12.784 1005.27
12.693 1005.3
12.605 1005.18
12.465 1005.23
11.825 1004.47
11.007 1004.88
10.923 1004.92
10.813 1004.82
10.685 1004.9
9.91 1004.28
9.189 1004.84
9.113 1004.9
8.985 1004.82
8.875 1004.92
7.994 1004.46
7.396 1005.16
7.333 1005.23
7.193 1005.18
7.105 1005.3
6.15 1005.02
5.699 1005.82
5.651 1005.9
5.504 1005.88
5.44 1006.01
4.45 1005.93
4.164 1006.8
4.132 1006.89
3.984 1006.89
3.948 1007.04
2.96 1007.15
2.85 1008.06
2.836 1008.15
2.692 1008.19
2.685 1008.33
1.737 1008.63
1.807 1009.55
1.811 1009.64
1.676 1009.71
1.698 1009.85
0.826 1010.33
1.073 1011.22
1.096 1011.31
0.976 1011.39
1.026 1011.53
0.266 1012.17
0.677 1012.99
0.719 1013.08
0.619 1013.19
0.696 1013.32
0.076 1014.09
0.639 1014.81
0.696 1014.89
0.619 1015.01
0.719 1015.12
0.262 1016.01
0.956 1016.6
1.026 1016.67
0.976 1016.81
1.096 1016.89
0.818 1017.85
1.617 1018.3
1.698 1018.35
1.676 1018.5
1.811 1018.56
1.725 1019.55
2.596 1019.84
2.685 1019.87
2.692 1020.02
2.836 1020.05
2.944 1021.04
3.855 1021.15
3.948 1021.16
3.984 1021.31
4.132 1021.32
4.432 1022.26
5.346 1022.19
5.44 1022.19
5.504 1022.32
5.651 1022.3
6.13 1023.17
7.014 1022.93
7.105 1022.9
7.193 1023.02
7.333 1022.97
7.973 1023.73
8.791 1023.32
8.875 1023.28
8.985 1023.38
9.113 1023.3
9.886 1023.92
