0.3
0.7
35
10.29 1017.28
10.887 1017.15
11.381 1016.94
11.864 1016.63
12.311 1016.21
12.648 1015.74
12.897 1015.23
13.043 1014.71
13.101 1014.14
13.057 1013.57
12.909 1013.01
12.648 1012.46
12.311 1011.99
11.895 1011.6
11.451 1011.3
10.925 1011.07
10.329 1010.93
9.756 1010.9
9.224 1010.97
8.642 1011.16
8.135 1011.43
7.714 1011.76
7.331 1012.19
7.032 1012.67
6.812 1013.25
6.709 1013.81
6.709 1014.39
6.812 1014.95
6.998 1015.46
7.286 1015.95
7.656 1016.39
8.135 1016.77
8.642 1017.05
9.147 1017.21
9.756 1017.3
