0.3
0.7
63
10.065 1019.21
10.562 1019.13
11.187 1018.97
11.659 1018.78
12.234 1018.47
12.805 1018.16
13.219 1017.87
13.602 1017.54
13.95 1017.18
14.264 1016.78
14.537 1016.35
14.769 1015.88
14.954 1015.4
15.09 1014.9
15.178 1014.38
15.212 1013.86
15.195 1013.33
15.125 1012.8
15.001 1012.28
14.825 1011.77
14.598 1011.27
14.322 1010.8
13.997 1010.36
13.629 1009.94
13.218 1009.57
12.769 1009.23
12.289 1008.94
11.777 1008.7
11.242 1008.51
10.688 1008.37
10.119 1008.29
9.54 1008.26
8.959 1008.29
8.381 1008.38
7.812 1008.53
7.256 1008.73
6.901 1008.91
6.427 1009.26
5.989 1009.64
5.597 1010.07
5.247 1010.53
4.949 1011.02
4.7 1011.54
4.505 1012.07
4.364 1012.62
4.277 1013.17
4.246 1013.73
4.269 1014.28
4.347 1014.83
4.477 1015.37
4.659 1015.88
4.888 1016.37
5.162 1016.84
5.481 1017.27
5.837 1017.66
6.229 1018.02
6.65 1018.34
7.098 1018.61
7.568 1018.83
8.054 1019
8.552 1019.13
9.056 1019.21
9.563 1019.23
