0.3
0.7
63
10.278 1019.88
10.838 1019.79
11.382 1019.64
11.906 1019.43
12.404 1019.18
12.874 1018.88
13.308 1018.54
13.704 1018.16
14.059 1017.75
14.371 1017.31
14.636 1016.84
14.85 1016.35
15.015 1015.84
15.129 1015.32
15.191 1014.8
15.2 1014.27
15.159 1013.76
15.067 1013.25
14.927 1012.75
14.741 1012.28
14.509 1011.83
14.236 1011.4
13.925 1011.01
13.468 1010.55
13.071 1010.24
12.516 1009.89
11.958 1009.56
11.499 1009.34
11.026 1009.17
10.539 1009.05
10.035 1008.98
9.525 1008.96
9.01 1008.99
8.5 1009.07
7.996 1009.21
7.505 1009.39
7.033 1009.62
6.581 1009.9
6.159 1010.23
5.768 1010.6
5.414 1011
5.1 1011.45
4.829 1011.92
4.608 1012.42
4.434 1012.95
4.315 1013.49
4.249 1014.05
4.238 1014.61
4.283 1015.17
4.385 1015.73
4.543 1016.28
4.756 1016.82
5.022 1017.33
5.339 1017.82
5.706 1018.28
6.119 1018.7
6.574 1019.08
6.903 1019.29
7.438 1019.53
7.993 1019.71
8.56 1019.84
9.134 1019.91
9.708 1019.93
