0.3
0.7
63
10.085 1019.77
10.635 1019.69
11.171 1019.56
11.689 1019.37
12.184 1019.14
12.651 1018.87
13.086 1018.55
13.485 1018.19
13.844 1017.79
14.162 1017.37
14.433 1016.92
14.658 1016.45
14.834 1015.96
14.961 1015.46
15.038 1014.95
15.063 1014.44
15.039 1013.93
14.964 1013.43
14.8 1012.81
14.618 1012.34
14.389 1011.9
14.022 1011.35
13.647 1010.81
13.32 1010.43
12.958 1010.08
12.561 1009.77
12.134 1009.5
11.677 1009.27
11.197 1009.08
10.701 1008.95
10.187 1008.86
9.665 1008.82
9.137 1008.84
8.612 1008.91
8.093 1009.03
7.585 1009.2
7.094 1009.43
6.625 1009.7
6.184 1010.02
5.773 1010.39
5.399 1010.8
5.066 1011.24
4.777 1011.72
4.535 1012.23
4.343 1012.76
4.205 1013.31
4.121 1013.88
4.095 1014.45
4.126 1015.03
4.214 1015.61
4.36 1016.17
4.561 1016.72
4.819 1017.26
5.025 1017.6
5.415 1018.03
5.846 1018.43
6.308 1018.78
6.802 1019.08
7.32 1019.33
7.857 1019.53
8.407 1019.67
8.965 1019.76
9.526 1019.79
