0.3
0.7
39
10.261 1017.74
10.904 1017.62
11.515 1017.38
12.018 1017.08
12.427 1016.75
12.777 1016.35
13.1 1015.86
13.325 1015.39
13.469 1014.88
13.551 1014.23
13.515 1013.58
13.385 1013.01
13.195 1012.51
12.859 1011.95
12.517 1011.55
12.019 1011.13
11.516 1010.83
11.029 1010.62
10.517 1010.5
9.865 1010.45
9.282 1010.5
8.769 1010.62
8.283 1010.82
7.78 1011.12
7.371 1011.46
7.021 1011.85
6.698 1012.34
6.473 1012.82
6.329 1013.32
6.247 1013.97
6.283 1014.62
6.413 1015.2
6.603 1015.69
6.939 1016.25
7.281 1016.65
7.779 1017.08
8.46 1017.47
9.085 1017.67
9.734 1017.76
