0.3
0.7
63
10.22 1019.05
10.871 1018.99
11.368 1018.9
11.85 1018.76
12.318 1018.57
12.768 1018.34
13.197 1018.06
13.595 1017.73
13.964 1017.37
14.296 1016.97
14.588 1016.53
14.838 1016.07
15.04 1015.58
15.194 1015.07
15.297 1014.55
15.347 1014.01
15.345 1013.47
15.287 1012.92
15.176 1012.38
15.01 1011.86
14.792 1011.35
14.521 1010.86
14.203 1010.39
13.837 1009.96
13.429 1009.56
12.98 1009.21
12.495 1008.9
11.98 1008.64
11.438 1008.42
10.874 1008.27
10.297 1008.17
9.706 1008.12
9.31 1008.13
8.735 1008.25
8.178 1008.43
7.641 1008.65
7.134 1008.93
6.659 1009.25
6.22 1009.62
5.822 1010.02
5.466 1010.46
5.159 1010.93
4.901 1011.43
4.694 1011.94
4.538 1012.48
4.437 1013.01
4.39 1013.56
4.396 1014.1
4.455 1014.63
4.565 1015.16
4.726 1015.67
4.935 1016.16
5.19 1016.62
5.487 1017.05
5.822 1017.45
6.189 1017.8
6.589 1018.12
7.024 1018.4
7.475 1018.64
7.943 1018.82
8.425 1018.96
8.92 1019.05
9.562 1019.09
