0.3
0.7
63
10.817 1019.84
11.388 1019.75
11.951 1019.61
12.501 1019.41
13.031 1019.15
13.536 1018.85
13.856 1018.61
14.252 1018.18
14.607 1017.71
14.908 1017.22
15.161 1016.7
15.358 1016.15
15.502 1015.6
15.59 1015.04
15.622 1014.48
15.599 1013.91
15.52 1013.36
15.389 1012.82
15.205 1012.3
14.974 1011.8
14.697 1011.33
14.374 1010.89
14.014 1010.49
13.617 1010.13
13.191 1009.81
12.737 1009.54
12.261 1009.31
11.768 1009.13
11.265 1009
10.754 1008.93
10.239 1008.9
9.73 1008.93
9.227 1009
8.739 1009.12
8.267 1009.29
7.685 1009.58
7.258 1009.85
6.753 1010.26
6.26 1010.69
5.912 1011.06
5.601 1011.45
5.33 1011.88
5.099 1012.33
4.916 1012.8
4.78 1013.3
4.692 1013.81
4.656 1014.33
4.671 1014.85
4.739 1015.37
4.86 1015.89
5.031 1016.39
5.255 1016.88
5.526 1017.35
5.846 1017.79
6.208 1018.2
6.612 1018.57
7.055 1018.9
7.529 1019.19
8.033 1019.43
8.562 1019.62
9.108 1019.76
9.671 1019.84
10.243 1019.87
