0.3
0.7
160
9.572 1023.33
9.898 1023.57
10.226 1023.33
10.82 1023.7
10.869 1023.7
11.378 1023.21
11.746 1023.39
12.019 1023.09
12.674 1023.33
12.722 1023.32
13.128 1022.75
13.522 1022.85
13.733 1022.5
14.424 1022.62
14.466 1022.6
14.753 1021.95
15.159 1021.97
15.297 1021.59
15.998 1021.57
16.035 1021.54
16.193 1020.86
16.594 1020.8
16.655 1020.39
17.338 1020.24
17.369 1020.2
17.389 1019.5
17.772 1019.36
17.752 1018.96
18.392 1018.67
18.415 1018.63
18.3 1017.93
18.648 1017.72
18.548 1017.33
19.119 1016.92
19.133 1016.88
18.887 1016.22
19.187 1015.95
19.012 1015.58
19.493 1015.07
19.499 1015.02
19.128 1014.43
19.369 1014.1
19.128 1013.77
19.498 1013.18
19.494 1013.13
19.012 1012.62
19.187 1012.25
18.887 1011.98
19.132 1011.33
19.12 1011.28
18.548 1010.87
18.648 1010.48
18.3 1010.27
18.414 1009.58
18.393 1009.53
17.752 1009.25
17.772 1008.84
17.389 1008.7
17.368 1008
17.339 1007.97
16.655 1007.81
16.594 1007.41
16.193 1007.35
16.034 1006.66
15.999 1006.63
15.297 1006.61
15.159 1006.23
14.753 1006.25
14.465 1005.61
14.425 1005.59
13.733 1005.7
13.522 1005.35
13.128 1005.45
12.721 1004.88
12.675 1004.87
12.019 1005.11
11.746 1004.81
11.378 1004.99
10.868 1004.51
10.821 1004.5
10.226 1004.87
9.898 1004.63
9.572 1004.87
8.978 1004.5
8.929 1004.51
8.42 1004.99
8.052 1004.81
7.779 1005.11
7.124 1004.87
7.076 1004.88
6.67 1005.45
6.276 1005.35
6.065 1005.7
5.374 1005.59
5.332 1005.61
5.045 1006.25
4.639 1006.23
4.501 1006.61
3.8 1006.63
3.763 1006.66
3.605 1007.35
3.204 1007.41
3.143 1007.81
2.46 1007.97
2.429 1008
2.409 1008.7
2.026 1008.84
2.046 1009.25
1.406 1009.53
1.383 1009.58
1.498 1010.27
1.15 1010.48
1.25 1010.87
0.679 1011.28
0.665 1011.33
0.911 1011.98
0.611 1012.25
0.786 1012.62
0.305 1013.13
0.299 1013.18
0.67 1013.77
0.429 1014.1
0.67 1014.43
0.3 1015.02
0.304 1015.07
0.786 1015.58
0.611 1015.95
0.911 1016.22
0.666 1016.88
0.678 1016.92
1.25 1017.33
1.15 1017.72
1.498 1017.93
1.384 1018.63
1.405 1018.67
2.046 1018.96
2.026 1019.36
2.409 1019.5
2.43 1020.2
2.459 1020.24
3.143 1020.39
3.204 1020.8
3.605 1020.86
3.764 1021.54
3.799 1021.57
4.501 1021.59
4.639 1021.97
5.045 1021.95
5.333 1022.59
5.373 1022.62
6.065 1022.5
6.276 1022.85
6.67 1022.75
7.077 1023.32
7.123 1023.34
7.779 1023.09
8.052 1023.39
8.42 1023.21
8.93 1023.7
8.977 1023.7
