0.3
0.7
159
10.337 1023.35
10.361 1023.33
10.836 1023.61
11.244 1023.24
11.752 1023.48
12.133 1023.08
12.152 1023.06
12.673 1023.24
13.001 1022.8
13.545 1022.94
13.841 1022.47
13.856 1022.45
14.402 1022.53
14.637 1022.03
15.198 1022.05
15.398 1021.54
15.407 1021.51
15.96 1021.49
16.095 1020.95
16.648 1020.87
16.744 1020.33
16.747 1020.3
17.283 1020.16
17.31 1019.61
17.838 1019.42
17.827 1018.87
17.824 1018.84
18.325 1018.6
18.244 1018.06
18.725 1017.77
18.606 1017.23
18.596 1017.2
19.041 1016.88
18.855 1016.36
19.269 1015.98
19.049 1015.48
19.034 1015.45
19.407 1015.04
19.123 1014.56
19.456 1014.11
19.143 1013.66
19.124 1013.64
19.407 1013.16
19.035 1012.76
19.274 1012.25
18.879 1011.87
18.856 1011.85
19.041 1011.33
18.597 1011
18.734 1010.46
18.271 1010.16
18.245 1010.14
18.325 1009.6
17.825 1009.36
17.853 1008.8
17.34 1008.6
17.311 1008.59
17.283 1008.04
16.748 1007.9
16.666 1007.35
16.126 1007.26
16.096 1007.25
15.96 1006.72
15.408 1006.69
15.22 1006.16
14.669 1006.17
14.638 1006.18
14.402 1005.67
13.857 1005.76
13.568 1005.27
13.031 1005.39
13.002 1005.4
12.673 1004.96
12.153 1005.14
11.777 1004.73
11.273 1004.95
11.245 1004.97
10.836 1004.59
10.362 1004.88
9.911 1004.54
9.461 1004.86
9.437 1004.88
8.962 1004.59
8.554 1004.97
8.046 1004.73
7.665 1005.12
7.646 1005.14
7.125 1004.96
6.797 1005.4
6.253 1005.27
5.957 1005.73
5.942 1005.75
5.396 1005.67
5.161 1006.17
4.6 1006.15
4.4 1006.66
4.391 1006.69
3.838 1006.72
3.703 1007.25
3.15 1007.33
3.054 1007.87
3.051 1007.9
2.515 1008.04
2.488 1008.59
1.96 1008.78
1.971 1009.33
1.974 1009.36
1.473 1009.6
1.554 1010.14
1.073 1010.43
1.192 1010.97
1.202 1011
0.757 1011.33
0.943 1011.85
0.529 1012.22
0.749 1012.73
0.764 1012.75
0.391 1013.16
0.675 1013.64
0.342 1014.09
0.655 1014.54
0.674 1014.56
0.391 1015.04
0.763 1015.45
0.524 1015.95
0.919 1016.34
0.942 1016.35
0.757 1016.88
1.201 1017.2
1.064 1017.75
1.527 1018.04
1.553 1018.06
1.473 1018.6
1.973 1018.84
1.945 1019.4
2.487 1019.61
2.515 1020.16
3.05 1020.3
3.132 1020.85
3.672 1020.95
3.702 1020.95
3.838 1021.49
4.39 1021.51
4.578 1022.04
5.129 1022.03
5.16 1022.03
5.396 1022.53
5.941 1022.45
6.23 1022.93
6.767 1022.81
6.796 1022.8
7.125 1023.24
7.645 1023.06
8.021 1023.47
8.525 1023.25
8.553 1023.24
8.962 1023.61
9.436 1023.33
9.885 1023.66
