0.3
0.7
160
11.333 1023.23
11.754 1023.42
12.066 1023.08
12.583 1023.27
12.694 1023.31
13.087 1022.77
13.536 1022.88
13.775 1022.49
14.32 1022.57
14.437 1022.59
14.716 1021.98
15.179 1022
15.336 1021.57
15.887 1021.54
16.006 1021.54
16.161 1020.89
16.621 1020.82
16.689 1020.36
17.224 1020.23
17.34 1020.21
17.364 1019.54
17.802 1019.38
17.779 1018.92
18.279 1018.68
18.389 1018.64
18.283 1017.98
18.681 1017.74
18.567 1017.29
19.013 1016.96
19.111 1016.9
18.878 1016.27
19.221 1015.96
19.023 1015.53
19.396 1015.13
19.48 1015.04
19.128 1014.47
19.404 1014.1
19.128 1013.73
19.414 1013.26
19.48 1013.16
19.023 1012.67
19.221 1012.25
18.878 1011.93
19.066 1011.42
19.111 1011.31
18.567 1010.91
18.681 1010.46
18.283 1010.23
18.365 1009.68
18.389 1009.56
17.779 1009.28
17.802 1008.82
17.364 1008.66
17.341 1008.11
17.34 1007.99
16.689 1007.84
16.621 1007.38
16.161 1007.31
16.03 1006.78
16.006 1006.66
15.336 1006.64
15.179 1006.2
14.716 1006.22
14.483 1005.72
14.437 1005.61
13.775 1005.72
13.536 1005.32
13.087 1005.43
12.761 1004.99
12.694 1004.89
12.066 1005.12
11.754 1004.78
11.333 1004.98
10.927 1004.6
10.843 1004.52
10.271 1004.87
9.898 1004.6
9.526 1004.87
9.054 1004.59
8.955 1004.52
8.465 1004.98
8.044 1004.78
7.732 1005.12
7.215 1004.93
7.104 1004.89
6.711 1005.43
6.262 1005.32
6.023 1005.72
5.478 1005.63
5.361 1005.61
5.082 1006.22
4.619 1006.2
4.462 1006.64
3.911 1006.66
3.792 1006.66
3.637 1007.31
3.177 1007.38
3.109 1007.84
2.574 1007.97
2.458 1007.99
2.434 1008.66
1.996 1008.82
2.019 1009.28
1.519 1009.52
1.409 1009.56
1.515 1010.23
1.117 1010.46
1.231 1010.91
0.785 1011.24
0.687 1011.31
0.92 1011.93
0.577 1012.25
0.775 1012.67
0.402 1013.07
0.318 1013.16
0.67 1013.73
0.394 1014.1
0.67 1014.47
0.384 1014.95
0.318 1015.04
0.775 1015.53
0.577 1015.96
0.92 1016.27
0.732 1016.78
0.687 1016.9
1.231 1017.29
1.117 1017.74
1.515 1017.98
1.433 1018.52
1.41 1018.64
2.019 1018.92
1.996 1019.38
2.434 1019.54
2.457 1020.09
2.458 1020.21
3.109 1020.36
3.177 1020.82
3.637 1020.89
3.768 1021.43
3.792 1021.54
4.462 1021.57
4.619 1022
5.082 1021.98
5.315 1022.48
5.361 1022.59
6.023 1022.49
6.262 1022.88
6.711 1022.77
7.037 1023.22
7.104 1023.31
7.732 1023.08
8.044 1023.42
8.465 1023.23
8.871 1023.6
8.955 1023.68
9.526 1023.33
9.898 1023.61
10.271 1023.33
10.744 1023.62
10.843 1023.68
