0.3
0.7
35
10.719 1017.76
11.358 1017.55
11.952 1017.24
12.489 1016.81
12.923 1016.32
13.278 1015.73
13.508 1015.11
13.631 1014.45
13.633 1013.78
13.516 1013.12
13.278 1012.47
12.94 1011.91
12.489 1011.39
11.976 1010.98
11.385 1010.66
10.747 1010.45
10.068 1010.36
9.41 1010.38
8.741 1010.54
8.122 1010.8
7.561 1011.17
7.084 1011.62
6.68 1012.18
6.393 1012.77
6.21 1013.43
6.149 1014.1
6.21 1014.77
6.388 1015.42
6.673 1016.01
7.075 1016.57
7.55 1017.02
8.122 1017.4
8.741 1017.67
9.395 1017.82
10.068 1017.85
