0.3
0.7
62
10.665 1020
11.252 1019.92
11.824 1019.77
12.358 1019.53
12.86 1019.23
13.33 1018.89
13.763 1018.51
14.15 1018.08
14.495 1017.63
14.789 1017.14
15.035 1016.63
15.227 1016.11
15.367 1015.57
15.452 1015.02
15.482 1014.47
15.459 1013.92
15.381 1013.38
15.253 1012.85
15.072 1012.35
14.846 1011.86
14.575 1011.4
14.26 1010.98
13.909 1010.58
13.521 1010.23
13.106 1009.92
12.662 1009.66
12.199 1009.44
11.719 1009.26
11.228 1009.14
10.731 1009.07
10.23 1009.04
9.586 1009.08
9.085 1009.17
7.992 1009.5
7.525 1009.68
7.081 1009.91
6.656 1010.19
6.262 1010.51
5.897 1010.86
5.568 1011.26
5.279 1011.69
5.031 1012.14
4.829 1012.63
4.676 1013.13
4.573 1013.65
4.522 1014.18
4.522 1014.72
4.578 1015.25
4.686 1015.79
4.849 1016.31
5.062 1016.81
5.328 1017.3
5.641 1017.76
6.002 1018.18
6.404 1018.58
6.846 1018.93
7.325 1019.24
7.833 1019.5
8.368 1019.71
8.925 1019.86
9.494 1019.96
10.078 1020.01
