0.3
0.7
63
9.9 1020.06
10.481 1020
11.049 1019.88
11.599 1019.71
12.13 1019.49
12.631 1019.21
13.1 1018.89
13.534 1018.53
13.927 1018.13
14.278 1017.7
14.58 1017.23
14.836 1016.74
15.04 1016.23
15.193 1015.71
15.292 1015.17
15.339 1014.64
15.332 1014.1
15.273 1013.57
15.165 1013.05
15.004 1012.55
14.798 1012.07
14.546 1011.62
14.253 1011.19
13.922 1010.8
13.555 1010.45
13.16 1010.13
12.734 1009.86
12.29 1009.63
11.685 1009.4
11.192 1009.27
10.548 1009.19
9.9 1009.11
9.394 1009.1
8.894 1009.15
8.397 1009.24
7.909 1009.38
7.435 1009.57
6.98 1009.81
6.546 1010.1
6.144 1010.43
5.771 1010.79
5.436 1011.2
5.142 1011.64
4.89 1012.12
4.687 1012.61
4.532 1013.13
4.43 1013.66
4.38 1014.21
4.384 1014.76
4.444 1015.31
4.559 1015.85
4.728 1016.39
4.95 1016.9
5.225 1017.4
5.549 1017.87
5.921 1018.3
6.335 1018.7
6.789 1019.06
7.282 1019.37
7.803 1019.64
8.352 1019.85
8.923 1020
9.311 1020.07
