0.3
0.7
160
10.511 1023.31
10.824 1023.5
11.096 1023.26
11.562 1023.49
11.791 1023.61
12.297 1023.02
12.641 1023.14
12.86 1022.85
13.362 1022.98
13.608 1023.06
13.991 1022.38
14.352 1022.43
14.509 1022.1
15.028 1022.14
15.284 1022.16
15.527 1021.42
15.892 1021.4
15.981 1021.05
16.497 1020.98
16.753 1020.96
16.848 1020.18
17.201 1020.09
17.219 1019.73
17.711 1019.56
17.958 1019.49
17.901 1018.71
18.231 1018.55
18.177 1018.19
18.626 1017.93
18.854 1017.81
18.647 1017.06
18.939 1016.84
18.816 1016.5
19.205 1016.16
19.404 1015.99
19.056 1015.3
19.301 1015.03
19.112 1014.71
19.428 1014.3
19.59 1014.1
19.112 1013.49
19.301 1013.18
19.056 1012.9
19.284 1012.44
19.404 1012.21
18.816 1011.7
18.939 1011.36
18.647 1011.14
18.779 1010.64
18.854 1010.39
18.177 1010.01
18.231 1009.65
17.901 1009.49
17.934 1008.97
17.958 1008.72
17.219 1008.47
17.201 1008.11
16.848 1008.02
16.778 1007.5
16.753 1007.25
15.981 1007.15
15.892 1006.8
15.527 1006.78
15.359 1006.29
15.284 1006.04
14.509 1006.1
14.352 1005.77
13.991 1005.82
13.729 1005.37
13.608 1005.15
12.86 1005.35
12.641 1005.06
12.297 1005.18
11.954 1004.79
11.791 1004.6
11.096 1004.94
10.824 1004.7
10.511 1004.89
10.098 1004.57
9.898 1004.41
9.287 1004.89
8.974 1004.7
8.702 1004.94
8.236 1004.72
8.007 1004.6
7.501 1005.18
7.157 1005.06
6.938 1005.35
6.436 1005.22
6.19 1005.15
5.807 1005.82
5.446 1005.77
5.289 1006.1
4.77 1006.07
4.514 1006.04
4.271 1006.78
3.906 1006.8
3.817 1007.15
3.301 1007.22
3.045 1007.25
2.95 1008.02
2.597 1008.11
2.579 1008.47
2.087 1008.64
1.84 1008.72
1.897 1009.49
1.567 1009.65
1.621 1010.01
1.172 1010.27
0.944 1010.39
1.151 1011.14
0.859 1011.36
0.982 1011.7
0.593 1012.05
0.394 1012.21
0.742 1012.9
0.497 1013.18
0.686 1013.49
0.37 1013.9
0.208 1014.1
0.686 1014.71
0.497 1015.03
0.742 1015.3
0.514 1015.76
0.394 1015.99
0.982 1016.5
0.859 1016.84
1.151 1017.06
1.019 1017.56
0.944 1017.81
1.621 1018.19
1.567 1018.55
1.897 1018.71
1.864 1019.23
1.84 1019.49
2.579 1019.73
2.597 1020.09
2.95 1020.18
3.02 1020.7
3.045 1020.96
3.817 1021.05
3.906 1021.4
4.271 1021.42
4.439 1021.91
4.514 1022.16
5.289 1022.1
5.446 1022.43
5.807 1022.38
6.069 1022.83
6.19 1023.06
6.938 1022.85
7.157 1023.14
7.501 1023.02
7.844 1023.41
8.007 1023.61
8.702 1023.26
8.974 1023.5
9.287 1023.31
9.7 1023.63
9.898 1023.79
