0.3
0.7
63
10.763 1019.14
11.267 1019.07
11.764 1018.93
12.25 1018.76
12.717 1018.53
13.164 1018.25
13.581 1017.93
13.969 1017.57
14.319 1017.17
14.63 1016.73
14.899 1016.26
15.119 1015.77
15.293 1015.25
15.412 1014.72
15.478 1014.17
15.491 1013.61
15.447 1013.05
15.348 1012.5
15.193 1011.96
14.985 1011.43
14.723 1010.92
14.411 1010.43
14.049 1009.98
13.643 1009.57
13.194 1009.19
12.709 1008.86
12.19 1008.58
11.828 1008.42
11.254 1008.29
10.673 1008.22
10.093 1008.21
9.515 1008.25
8.949 1008.35
8.397 1008.5
7.867 1008.7
7.363 1008.96
6.887 1009.26
6.447 1009.6
6.046 1009.99
5.686 1010.41
5.37 1010.86
5.101 1011.33
4.884 1011.83
4.716 1012.34
4.601 1012.87
4.538 1013.39
4.528 1013.92
4.569 1014.45
4.662 1014.97
4.803 1015.47
4.991 1015.95
5.226 1016.4
5.502 1016.84
5.817 1017.23
6.168 1017.6
6.551 1017.92
7.088 1018.28
7.541 1018.51
8.151 1018.74
8.768 1018.96
9.255 1019.08
9.753 1019.15
10.255 1019.17
