0.3
0.7
63
10.241 1019.33
10.747 1019.23
11.237 1019.1
11.709 1018.91
12.157 1018.68
12.694 1018.32
13.08 1018
13.431 1017.63
13.829 1017.12
14.221 1016.6
14.481 1016.16
14.693 1015.71
14.862 1015.23
14.981 1014.74
15.053 1014.23
15.073 1013.72
15.043 1013.2
14.96 1012.69
14.825 1012.18
14.64 1011.68
14.405 1011.21
14.123 1010.76
13.795 1010.33
13.423 1009.94
13.012 1009.58
12.566 1009.27
12.088 1009
11.58 1008.77
11.052 1008.6
10.508 1008.48
9.949 1008.42
9.382 1008.4
8.814 1008.45
8.252 1008.55
7.698 1008.72
7.16 1008.93
6.645 1009.2
6.153 1009.52
5.695 1009.89
5.273 1010.3
5.027 1010.61
4.737 1011.12
4.502 1011.65
4.319 1012.21
4.192 1012.77
4.121 1013.34
4.108 1013.91
4.15 1014.48
4.248 1015.03
4.397 1015.58
4.598 1016.1
4.85 1016.59
5.145 1017.06
5.484 1017.49
5.861 1017.88
6.273 1018.24
6.715 1018.54
7.182 1018.81
7.67 1019.02
8.173 1019.18
8.688 1019.3
9.206 1019.36
9.727 1019.37
