0.3
0.7
63
9.9 1019.64
10.439 1019.58
10.967 1019.47
11.478 1019.31
11.969 1019.1
12.432 1018.84
12.866 1018.54
13.267 1018.21
13.629 1017.83
13.953 1017.43
14.231 1017
14.465 1016.54
14.652 1016.07
14.791 1015.59
14.88 1015.09
14.924 1014.45
14.899 1013.94
14.792 1013.29
14.669 1012.65
14.529 1012.17
14.344 1011.7
14.111 1011.26
13.835 1010.83
13.512 1010.43
13.153 1010.07
12.754 1009.74
12.322 1009.45
11.862 1009.2
11.375 1009
10.868 1008.84
10.347 1008.74
9.813 1008.69
9.273 1008.69
8.733 1008.75
8.198 1008.86
7.673 1009.02
7.166 1009.24
6.678 1009.5
6.216 1009.82
5.788 1010.18
5.393 1010.59
5.04 1011.03
4.731 1011.52
4.469 1012.03
4.259 1012.57
4.103 1013.13
4 1013.7
3.957 1014.29
3.97 1014.88
4.014 1015.27
4.191 1015.83
4.418 1016.37
4.697 1016.88
5.021 1017.36
5.389 1017.8
5.797 1018.2
6.239 1018.56
6.713 1018.87
7.21 1019.13
7.728 1019.34
8.263 1019.5
8.806 1019.6
9.352 1019.64
