0.3
0.7
160
11.235 1023.42
11.479 1023.2
11.733 1023.32
11.923 1023.11
12.717 1023.42
13.029 1022.98
13.223 1022.72
13.496 1022.79
13.642 1022.54
14.483 1022.7
14.701 1022.2
14.84 1021.9
15.122 1021.92
15.218 1021.65
16.072 1021.64
16.189 1021.11
16.268 1020.79
16.546 1020.75
16.589 1020.47
17.434 1020.28
17.435 1019.75
17.45 1019.42
17.715 1019.32
17.702 1019.04
18.486 1018.7
18.391 1018.17
18.343 1017.84
18.584 1017.7
18.517 1017.42
19.218 1016.94
19.024 1016.43
18.912 1016.12
19.119 1015.93
19 1015.68
19.593 1015.06
19.302 1014.61
19.134 1014.33
19.299 1014.1
19.134 1013.87
19.601 1013.15
19.222 1012.76
19 1012.52
19.119 1012.27
18.912 1012.08
19.223 1011.28
18.782 1010.97
18.517 1010.78
18.584 1010.5
18.343 1010.36
18.494 1009.52
18 1009.3
17.702 1009.16
17.715 1008.88
17.45 1008.78
17.435 1007.93
16.905 1007.81
16.589 1007.73
16.546 1007.45
16.268 1007.41
16.083 1006.57
15.546 1006.57
15.218 1006.55
15.122 1006.28
14.84 1006.3
14.498 1005.51
13.967 1005.61
13.642 1005.66
13.496 1005.42
13.223 1005.48
12.734 1004.78
12.232 1004.98
11.923 1005.09
11.733 1004.88
11.479 1005
10.862 1004.41
10.404 1004.7
10.126 1004.87
9.898 1004.7
9.671 1004.87
8.944 1004.4
8.563 1004.78
8.319 1005
8.065 1004.88
7.875 1005.09
7.081 1004.78
6.77 1005.22
6.575 1005.48
6.302 1005.42
6.156 1005.66
5.315 1005.51
5.097 1006
4.958 1006.3
4.676 1006.28
4.58 1006.55
3.726 1006.57
3.609 1007.1
3.53 1007.41
3.252 1007.45
3.209 1007.73
2.364 1007.92
2.363 1008.45
2.348 1008.78
2.083 1008.88
2.096 1009.16
1.312 1009.5
1.407 1010.03
1.455 1010.36
1.214 1010.5
1.281 1010.78
0.58 1011.27
0.774 1011.77
0.886 1012.08
0.679 1012.27
0.798 1012.52
0.205 1013.14
0.494 1013.59
0.664 1013.87
0.499 1014.1
0.664 1014.33
0.203 1015.05
0.576 1015.44
0.798 1015.68
0.679 1015.93
0.886 1016.12
0.575 1016.92
1.019 1017.23
1.281 1017.42
1.214 1017.7
1.455 1017.84
1.304 1018.68
1.798 1018.9
2.096 1019.04
2.083 1019.32
2.348 1019.42
2.363 1020.27
2.89 1020.39
3.209 1020.47
3.252 1020.75
3.53 1020.79
3.715 1021.64
4.252 1021.64
4.58 1021.65
4.676 1021.92
4.958 1021.9
5.3 1022.69
5.831 1022.59
6.156 1022.54
6.302 1022.79
6.575 1022.72
7.071 1023.43
7.566 1023.23
7.875 1023.11
8.065 1023.32
8.319 1023.2
8.936 1023.79
9.393 1023.5
9.671 1023.34
9.898 1023.5
10.126 1023.34
10.854 1023.8
