0.3
0.7
35
10.8 1017.31
11.334 1017.11
11.849 1016.81
12.321 1016.4
12.692 1015.93
12.962 1015.43
13.151 1014.86
13.233 1014.26
13.209 1013.67
13.078 1013.08
12.845 1012.53
12.501 1012.01
12.106 1011.6
11.623 1011.24
11.085 1010.98
10.482 1010.82
9.914 1010.76
9.317 1010.81
8.714 1010.98
8.176 1011.24
7.693 1011.6
7.298 1012.01
6.954 1012.53
6.721 1013.08
6.59 1013.67
6.566 1014.26
6.648 1014.86
6.837 1015.42
7.105 1015.93
7.476 1016.4
7.948 1016.81
8.463 1017.11
8.997 1017.32
9.612 1017.43
10.185 1017.43
