0.3
0.7
33
42.559 923.798
43.09 923.827
43.688 923.686
44.04 923.127
44.399 922.652
44.484 922.475
44.531 922.161
44.452 921.45
44.374 920.818
44.264 920.377
43.874 919.928
43.413 919.561
43.241 919.274
42.82 919.094
42.305 918.993
42.116 919.008
41.672 919.14
41.039 919.018
40.91 919.039
40.535 919.273
40.181 919.835
40.061 920.032
39.874 920.498
39.697 920.759
39.731 921.261
39.672 921.493
39.649 922.044
39.723 922.297
40 922.695
40.356 922.909
40.927 923.463
41.417 923.815
41.894 923.904
34
151.21 1000.19
168.275 1000.19
168.275 945.419
180.976 945.419
180.976 932.719
168.275 932.719
168.275 920.812
166.807 920.812
166.556 920.801
166.556 920.284
165.777 920.284
165.762 920.802
110.256 920.812
55.563 920.812
55.563 928.75
39.688 928.75
39.688 929.941
39.423 929.941
39.423 930.718
39.688 930.734
39.688 975.846
37.042 975.846
37.042 985.371
39.688 985.371
39.688 992.25
55.563 992.25
55.563 1000.19
57.282 1000.19
57.282 1000.71
58.06 1000.72
58.076 1000.19
135.335 1000.19
135.335 1006.54
151.21 1006.54
40
35.543 933.507
35.928 933.055
36.01 933.005
36.534 932.923
36.804 932.482
36.81 932.232
36.874 932.129
36.623 931.697
36.974 931.28
36.742 930.995
36.729 930.71
36.477 930.385
36.327 930.033
35.869 929.789
35.791 929.539
35.631 929.442
35.047 929.483
34.616 929.193
34.154 929.173
33.486 929.305
33.282 929.42
33.123 929.601
32.894 929.747
32.522 929.833
32.346 929.994
32.158 930.254
32.008 930.683
32.213 931.147
32.243 931.185
32.183 931.46
32.245 931.891
32.384 932.08
32.504 932.424
32.901 932.734
33.384 933.019
33.48 933.114
33.564 933.272
34.163 933.481
35.006 933.48
35.299 933.529
40
36.602 945.809
36.987 945.357
37.069 945.307
37.593 945.224
37.864 944.783
37.869 944.533
37.933 944.431
37.682 943.999
38.033 943.581
37.801 943.297
37.788 943.011
37.537 942.686
37.386 942.334
36.928 942.09
36.85 941.84
36.691 941.743
36.106 941.784
35.675 941.495
35.214 941.474
34.545 941.606
34.342 941.721
34.183 941.903
33.954 942.049
33.581 942.134
33.406 942.296
33.218 942.556
33.068 942.984
33.272 943.448
33.302 943.486
33.242 943.761
33.304 944.192
33.444 944.381
33.563 944.725
33.961 945.035
34.443 945.32
34.539 945.415
34.624 945.574
35.223 945.782
36.066 945.781
36.358 945.831
40
35.496 959.217
35.882 958.765
35.964 958.715
36.487 958.632
36.758 958.191
36.764 957.941
36.828 957.839
36.577 957.407
36.928 956.99
36.696 956.705
36.683 956.419
36.431 956.094
36.281 955.742
35.822 955.498
35.744 955.248
35.585 955.151
35.001 955.193
34.57 954.903
34.108 954.882
33.44 955.014
33.236 955.129
33.077 955.311
32.848 955.457
32.476 955.542
32.3 955.704
32.112 955.964
31.962 956.393
32.166 956.856
32.196 956.894
32.136 957.169
32.198 957.6
32.338 957.789
32.457 958.133
32.855 958.443
33.338 958.728
33.434 958.824
33.518 958.982
34.117 959.19
34.96 959.19
35.252 959.239
40
36.712 971.959
37.097 971.507
37.179 971.457
37.703 971.374
37.973 970.934
37.979 970.683
38.043 970.581
37.792 970.149
38.143 969.732
37.911 969.447
37.898 969.161
37.646 968.837
37.496 968.485
37.038 968.241
36.96 967.991
36.8 967.894
36.216 967.935
35.785 967.645
35.323 967.625
34.655 967.757
34.451 967.872
34.292 968.053
34.063 968.199
33.691 968.284
33.515 968.446
33.327 968.706
33.177 969.135
33.382 969.599
33.412 969.637
33.352 969.912
33.414 970.342
33.553 970.531
33.672 970.876
34.07 971.185
34.553 971.47
34.649 971.566
34.733 971.724
35.332 971.932
36.175 971.932
36.468 971.981
40
36.713 993.513
37.098 993.061
37.18 993.011
37.704 992.928
37.974 992.487
37.98 992.237
38.044 992.135
37.793 991.703
38.144 991.285
37.912 991.001
37.899 990.715
37.647 990.39
37.497 990.038
37.039 989.794
36.961 989.544
36.801 989.447
36.217 989.488
35.786 989.199
35.324 989.178
34.656 989.31
34.452 989.425
34.293 989.607
34.064 989.753
33.692 989.838
33.517 990
33.329 990.26
33.178 990.688
33.383 991.152
33.413 991.19
33.353 991.465
33.415 991.896
33.554 992.085
33.674 992.429
34.071 992.739
34.554 993.024
34.65 993.119
34.734 993.278
35.333 993.486
36.176 993.485
36.469 993.535
33
42.559 1001.85
43.09 1001.88
43.688 1001.74
44.04 1001.18
44.399 1000.71
44.484 1000.53
44.531 1000.21
44.452 999.503
44.374 998.871
44.264 998.43
43.874 997.981
43.413 997.614
43.241 997.327
42.82 997.147
42.305 997.046
42.116 997.061
41.672 997.193
41.039 997.071
40.91 997.092
40.535 997.326
40.181 997.888
40.061 998.085
39.874 998.551
39.697 998.812
39.731 999.314
39.672 999.546
39.649 1000.1
39.723 1000.35
40 1000.75
40.356 1000.96
40.927 1001.52
41.417 1001.87
41.894 1001.96
