0.3
0.7
42
3.043 1023.48
3.657 1023.47
111.419 1023.47
111.787 1023.47
111.787 1023.74
113.478 1023.74
113.507 1023.71
113.507 1022.04
113.504 1022.02
113.242 1022.02
113.242 945.916
113.246 945.551
113.507 945.551
113.507 943.86
113.479 943.831
111.816 943.831
111.787 943.834
111.784 944.096
111.523 944.088
111.523 943.577
110.742 943.568
110.729 944.087
108.29 944.096
2.406 944.096
1.985 944.092
1.985 943.831
0.294 943.831
0.265 943.859
0.265 945.522
0.268 945.551
0.53 945.551
0.53 1021.85
0.526 1022.02
0.265 1022.02
0.265 1023.71
0.293 1023.74
1.956 1023.74
1.985 1023.73
1.988 1023.47
2.249 1023.48
2.249 1023.99
3.03 1024
7
75.605 979.418
75.142 979.4
75.142 945.286
111.459 945.286
111.46 945.878
112.052 945.878
112.052 979.418
17
1.72 972.406
1.72 946.202
2.312 946.201
2.312 945.815
17.595 945.815
17.595 952.148
18.762 952.165
18.786 950.608
18.786 945.815
28.311 945.815
28.311 961.69
17.878 961.69
17.595 961.713
17.595 962.857
29.265 962.881
29.502 962.881
29.502 972.406
5
29.502 961.69
29.502 945.815
55.695 945.815
55.695 961.374
55.677 961.69
5
56.886 961.69
56.886 945.815
73.952 945.815
73.952 961.606
73.934 961.69
6
31.221 972.406
31.221 962.881
38.044 962.881
38.101 962.899
38.101 972.232
38.082 972.406
9
50.536 998.203
50.536 972.406
39.309 972.406
39.291 962.899
40.237 962.881
73.934 962.881
73.952 963.847
73.952 998.185
72.613 998.203
8
2.313 1022.28
2.312 1021.69
1.72 1021.69
1.72 973.597
49.327 973.597
49.345 974.368
49.345 1022.26
48.813 1022.28
5
75.142 986.958
75.142 980.608
92.984 980.608
93.002 986.657
93.002 986.958
4
94.21 986.958
94.192 980.608
112.052 980.608
112.052 986.958
7
75.142 1022.28
75.142 988.167
77.945 988.149
112.052 988.149
112.052 1021.69
111.46 1021.69
111.46 1022.28
5
50.796 1022.28
50.536 1022.26
50.536 999.394
73.952 999.394
73.952 1022.28
