0.3
0.7
39
119.856 999.439
119.856 996.2
119.611 996.199
117.825 996.194
116.284 996.183
116.284 981.468
116.549 981.453
116.549 981.27
116.377 981.27
116.377 978.095
116.527 978.095
116.549 977.91
116.284 977.896
116.284 963.18
116.53 963.181
119.856 963.18
119.856 960.466
119.844 959.926
110.945 959.927
54.192 959.927
1.449 959.926
0 959.925
0 963.18
0.182 963.181
3.307 963.18
3.307 966.674
3.571 966.674
3.571 992.69
3.307 992.69
3.307 996.184
3.125 996.183
0 996.183
0 999.44
0.259 999.439
7.39 999.437
60.305 999.438
116.077 999.438
117.955 999.437
119.279 999.44
