0.3
0.7
78
118.137 941.185
119.46 941.185
119.46 936.952
119.857 936.952
119.857 936.687
119.658 936.687
119.658 931.925
119.857 931.915
119.857 931.66
119.46 931.66
119.46 925.178
127.397 925.178
127.397 922.003
135.599 922.003
135.599 925.178
149.887 925.178
149.887 929.279
159.544 929.279
159.544 929.147
160.338 929.147
160.338 929.411
161.264 929.411
161.264 927.57
160.735 927.57
160.735 922.003
167.085 922.003
167.085 927.956
166.953 927.956
166.93 927.57
166.027 927.57
166.027 928.816
165.365 928.816
165.365 933.579
166.027 933.579
166.027 929.411
166.953 929.411
166.953 929.147
167.085 929.147
167.085 933.38
166.82 933.38
166.82 934.306
167.085 934.306
167.085 935.365
168.011 935.365
168.011 934.306
168.54 934.306
168.54 934.042
168.275 934.042
168.275 922.268
168.54 922.268
168.54 920.548
166.82 920.548
166.82 920.812
166.556 920.812
166.556 920.284
165.762 920.284
165.762 920.812
115.359 920.812
115.359 920.548
115.094 920.548
115.094 920.812
114.499 920.812
114.499 922.268
115.094 922.268
115.094 922.797
116.02 922.797
116.02 922.532
118.269 922.532
118.269 939.995
118.137 939.995
118.114 939.73
117.211 939.73
117.211 932.388
116.549 932.388
116.549 940.325
117.211 940.325
117.211 941.45
118.137 941.45
48
109.273 939.73
108.347 939.73
108.347 939.995
105.569 939.995
105.569 937.217
106.098 937.217
106.098 936.687
105.834 936.687
105.834 932.189
106.098 932.189
106.098 931.66
105.569 931.66
105.569 922.532
107.818 922.532
107.818 922.797
108.744 922.797
108.744 922.268
109.339 922.268
109.339 920.812
108.744 920.812
108.744 920.548
108.479 920.548
108.479 920.812
57.018 920.812
57.018 920.548
55.298 920.548
55.298 922.268
55.563 922.268
55.563 932.851
55.298 932.851
55.298 934.306
55.563 934.306
55.563 934.901
56.489 934.901
56.489 934.306
57.018 934.306
57.018 933.38
56.753 933.38
56.753 922.003
71.702 922.003
71.702 922.268
89.429 922.268
89.429 922.003
104.378 922.003
104.378 941.185
108.347 941.185
108.347 941.45
109.273 941.45
4
64.579 922.532
60.089 922.532
57.282 925.339
57.282 929.829
8
43.921 929.279
40.217 929.279
40.217 929.941
39.423 929.941
39.423 930.734
40.217 930.734
40.217 932.983
43.921 932.983
20
56.489 956.531
57.018 956.531
57.018 955.605
56.753 955.605
56.753 943.17
57.018 943.17
57.018 942.178
56.489 942.178
56.489 941.648
55.563 941.648
55.563 942.244
55.298 942.244
55.298 943.699
55.563 943.699
55.563 955.076
55.298 955.076
55.298 956.531
55.563 956.531
55.563 957.127
56.489 957.127
24
168.275 962.088
168.54 962.088
168.54 961.823
168.275 961.823
168.275 948.272
168.805 948.272
168.805 946.269
168.275 946.269
168.275 944.096
168.54 944.096
168.54 943.831
168.011 943.831
168.011 942.773
167.085 942.773
167.085 943.831
166.82 943.831
166.82 944.757
167.085 944.757
167.085 961.161
166.82 961.161
166.82 962.088
167.349 962.088
167.349 962.683
168.275 962.683
4
43.921 948.858
40.217 948.858
40.217 952.562
43.921 952.562
28
119.46 978.108
119.46 951.372
115.491 951.372
115.491 951.107
114.565 951.107
114.565 951.703
106.627 951.703
106.627 951.107
105.701 951.107
105.701 951.372
104.378 951.372
104.378 962.484
103.849 962.484
103.849 963.278
104.114 963.278
104.114 974.391
103.849 974.391
103.849 975.184
104.378 975.184
104.378 978.107
105.569 978.108
105.569 967.159
105.834 967.158
105.834 963.283
118.004 963.278
118.004 967.158
118.269 967.158
118.269 978.107
25
101.203 956.664
103.32 956.664
103.32 956.928
103.849 956.928
103.849 952.166
103.32 952.166
103.32 952.43
101.203 952.43
101.203 952.166
100.41 952.166
100.41 952.695
100.674 952.695
100.674 953.732
100.666 953.852
100.621 953.853
100.621 954.29
100.807 954.29
100.807 954.831
100.621 954.854
100.641 955.228
100.674 955.227
100.674 956.399
100.41 956.399
100.41 956.928
101.203 956.928
4
123.164 956.399
119.989 956.399
119.989 972.274
123.164 972.274
24
56.423 977.963
57.018 977.963
57.018 977.037
56.753 977.037
56.753 965.395
57.018 965.395
57.018 964.469
56.489 964.469
56.489 963.873
55.563 963.873
55.563 964.469
55.298 964.469
55.298 965.924
55.563 965.924
55.563 973.786
55.033 973.786
55.033 975.789
55.563 975.789
55.563 976.507
55.298 976.507
55.298 977.963
55.827 977.963
55.827 979.021
56.423 979.021
4
43.921 968.438
40.217 968.438
40.217 972.142
43.921 972.142
4
168.275 968.768
167.349 968.768
167.349 970.951
168.275 970.951
4
168.275 977.037
167.349 977.037
167.349 979.219
168.275 979.219
4
56.423 981.027
56.092 981.027
56.092 981.821
56.423 981.821
4
56.423 983.629
56.092 983.629
56.092 984.423
56.423 984.423
49
143.787 1005.68
144.267 1005.48
144.673 1005.17
144.797 1005.01
152.797 1005.01
152.797 1000.88
151.247 1000.88
151.21 1000.88
151.21 1000.19
166.82 1000.19
166.82 1000.45
168.54 1000.45
168.54 998.732
168.275 998.732
168.275 986.165
168.54 986.165
168.54 985.9
168.275 985.9
168.275 985.305
167.349 985.305
167.349 985.9
166.82 985.9
166.82 986.826
167.085 986.826
167.085 998.997
149.622 998.997
149.622 998.336
136.922 998.336
136.922 998.997
116.814 998.997
116.814 998.732
115.888 998.732
115.888 999.262
115.293 999.262
115.293 1000.19
115.888 1000.19
115.888 1000.45
116.152 1000.45
116.152 1000.19
135.335 1000.19
135.335 1000.88
133.747 1000.88
133.747 1005.01
141.516 1005.01
141.747 1005.01
141.87 1005.17
142.277 1005.48
142.757 1005.68
143.272 1005.75
56
58.076 1000.19
107.686 1000.19
107.686 1000.45
107.95 1000.45
107.95 1000.19
108.546 1000.19
108.546 999.262
107.95 999.262
107.95 998.732
107.024 998.732
107.024 998.997
89.429 998.997
89.429 998.732
71.702 998.732
71.702 998.997
64.294 998.997
64.294 998.865
64.558 998.865
64.558 997.939
70.313 997.939
70.313 997.277
63.963 997.277
63.963 997.939
62.839 997.939
62.839 998.865
63.103 998.888
63.103 998.997
56.753 998.997
56.753 989.737
63.103 989.737
63.103 990.663
62.839 990.663
62.839 991.589
64.558 991.589
64.558 990.663
64.294 990.663
64.294 988.546
56.753 988.546
56.753 988.414
57.018 988.414
57.018 987.488
56.423 987.488
56.423 986.429
55.827 986.429
55.827 987.488
55.298 987.488
55.298 988.943
55.563 988.943
55.563 998.732
55.298 998.732
55.298 1000.45
57.018 1000.45
57.018 1000.19
57.282 1000.19
57.282 1000.72
58.076 1000.72
4
43.921 988.017
40.217 988.017
40.217 991.721
43.921 991.721
