0.3
0.7
61
44.433 925.672
44.592 925.431
44.849 925.293
45.424 925.076
45.572 924.964
45.537 924.612
45.413 924.151
45.445 923.986
46.188 923.465
46.48 923.215
46.531 923.131
46.485 922.733
46.637 922.118
46.577 921.614
46.405 921.283
46.702 920.764
46.773 920.481
46.702 920.324
46.2 919.81
46.014 919.591
45.935 919.107
45.877 918.974
45.017 918.75
44.799 918.6
44.119 917.82
43.451 917.399
43.285 917.317
42.546 917.101
41.444 917.206
41.27 917.282
40.544 917.145
40.266 917.171
40.169 917.218
39.773 917.583
38.694 918.038
38.587 918.124
38.58 918.666
38.551 918.783
38.156 919.339
37.887 920.045
37.748 920.283
37.409 920.526
37.42 920.88
37.665 921.427
37.611 921.976
37.608 922.113
38.035 922.472
38.124 923.443
38.161 923.595
39.033 924.168
39.235 924.264
39.892 924.745
40.037 924.9
40.849 925.161
41.1 925.301
41.876 925.581
42.053 925.63
42.752 925.454
42.965 925.399
43.917 925.648
44.357 925.704
4
129.448 920.283
129.183 920.283
129.183 920.548
129.448 920.548
4
132.358 920.283
132.094 920.283
132.094 920.548
132.358 920.548
55
136.79 1006.54
149.755 1006.54
149.755 1006.8
151.474 1006.8
151.474 1005.08
151.21 1005.08
151.21 1000.19
166.82 1000.19
166.82 1000.44
166.891 1000.45
168.54 1000.45
168.54 998.732
168.275 998.732
168.275 944.36
171.186 944.36
171.186 933.777
168.275 933.777
168.275 922.268
168.529 922.268
168.54 922.196
168.54 920.548
166.82 920.548
166.82 920.8
166.556 920.812
166.556 920.284
165.762 920.284
165.762 920.812
57.018 920.812
57.018 920.548
55.298 920.548
55.298 922.268
55.551 922.268
55.563 922.546
55.563 928.75
39.688 928.75
39.688 929.941
39.423 929.941
39.423 930.734
39.688 930.734
39.688 992.25
55.563 992.25
55.563 998.732
55.298 998.732
55.298 1000.45
57.018 1000.45
57.018 1000.2
57.282 1000.19
57.282 1000.72
58.076 1000.72
58.076 1000.19
135.335 1000.19
135.335 1005.08
135.07 1005.08
135.07 1006.8
136.79 1006.8
43
35.888 934.254
36.2 933.842
36.355 933.658
36.9 933.442
37.096 933.36
37.337 933.167
37.643 932.766
37.698 932.519
37.605 931.864
37.605 931.28
37.245 930.872
37.288 930.551
37.151 929.266
36.897 929.045
36.746 928.965
36.366 928.867
36.078 928.689
35.218 928.563
34.627 928.32
33.932 928.304
33.317 928.517
33.135 928.598
32.947 928.794
32.232 929.305
31.878 929.522
31.414 929.912
31.343 930.178
31.211 930.421
31.275 930.76
31.419 931.168
31.418 931.757
31.456 931.997
31.799 932.529
32.035 932.661
32.307 932.895
32.384 933.424
32.754 933.705
33.216 934.16
33.719 934.205
34.03 934.227
34.245 934.335
34.807 934.454
35.146 934.497
43
36.947 946.555
37.26 946.143
37.415 945.959
37.96 945.743
38.156 945.661
38.397 945.468
38.703 945.067
38.757 944.82
38.664 944.165
38.665 943.581
38.305 943.174
38.347 942.852
38.21 941.567
37.957 941.346
37.806 941.266
37.426 941.168
37.137 940.99
36.278 940.864
35.686 940.621
34.991 940.605
34.376 940.818
34.194 940.899
34.006 941.095
33.291 941.607
32.937 941.824
32.473 942.213
32.403 942.479
32.271 942.722
32.334 943.061
32.478 943.469
32.477 944.058
32.515 944.298
32.859 944.83
33.095 944.962
33.367 945.196
33.444 945.725
33.814 946.006
34.275 946.461
34.778 946.506
35.089 946.528
35.305 946.636
35.867 946.756
36.205 946.798
43
35.842 959.963
36.154 959.551
36.309 959.367
36.854 959.152
37.05 959.069
37.291 958.876
37.597 958.476
37.651 958.229
37.559 957.573
37.559 956.99
37.199 956.582
37.241 956.261
37.104 954.975
36.851 954.754
36.7 954.674
36.32 954.576
36.031 954.398
35.172 954.272
34.58 954.029
33.886 954.014
33.271 954.226
33.089 954.308
32.9 954.504
32.185 955.015
31.832 955.232
31.367 955.621
31.297 955.887
31.165 956.13
31.228 956.469
31.372 956.877
31.371 957.466
31.409 957.707
31.753 958.238
31.989 958.37
32.261 958.604
32.338 959.133
32.708 959.415
33.17 959.869
33.673 959.914
33.984 959.936
34.199 960.044
34.761 960.164
35.1 960.207
43
37.057 972.705
37.369 972.293
37.524 972.11
38.069 971.894
38.265 971.811
38.506 971.618
38.812 971.218
38.867 970.971
38.774 970.316
38.774 969.732
38.414 969.324
38.457 969.003
38.32 967.717
38.066 967.497
37.915 967.417
37.535 967.318
37.246 967.14
36.387 967.014
35.796 966.772
35.101 966.756
34.486 966.969
34.304 967.05
34.116 967.246
33.401 967.757
33.047 967.974
32.583 968.364
32.512 968.629
32.38 968.872
32.444 969.212
32.588 969.62
32.586 970.208
32.625 970.449
32.968 970.98
33.204 971.113
33.476 971.346
33.553 971.875
33.923 972.157
34.385 972.611
34.888 972.656
35.199 972.678
35.414 972.787
35.976 972.906
36.315 972.949
43
37.058 994.259
37.37 993.847
37.525 993.663
38.07 993.448
38.266 993.365
38.507 993.172
38.813 992.771
38.868 992.524
38.775 991.869
38.775 991.285
38.415 990.878
38.458 990.556
38.321 989.271
38.067 989.05
37.916 988.97
37.536 988.872
37.248 988.694
36.388 988.568
35.797 988.325
35.102 988.309
34.487 988.522
34.305 988.603
34.117 988.799
33.402 989.311
33.048 989.528
32.584 989.917
32.513 990.183
32.381 990.426
32.445 990.765
32.589 991.173
32.588 991.762
32.626 992.002
32.969 992.534
33.205 992.666
33.477 992.9
33.554 993.429
33.924 993.71
34.386 994.165
34.889 994.21
35.2 994.232
35.415 994.34
35.977 994.46
36.316 994.502
61
44.433 1003.73
44.592 1003.48
44.849 1003.35
45.424 1003.13
45.572 1003.02
45.537 1002.66
45.413 1002.2
45.445 1002.04
46.188 1001.52
46.48 1001.27
46.531 1001.18
46.485 1000.79
46.637 1000.17
46.577 999.667
46.405 999.336
46.702 998.817
46.773 998.534
46.702 998.377
46.2 997.863
46.014 997.644
45.935 997.16
45.877 997.027
45.017 996.804
44.799 996.653
44.119 995.873
43.451 995.452
43.285 995.37
42.546 995.154
41.444 995.259
41.27 995.335
40.544 995.198
40.266 995.224
40.169 995.271
39.773 995.636
38.694 996.091
38.587 996.177
38.58 996.719
38.551 996.836
38.156 997.393
37.887 998.098
37.748 998.336
37.409 998.58
37.42 998.934
37.665 999.48
37.611 1000.03
37.608 1000.17
38.035 1000.52
38.124 1001.5
38.161 1001.65
39.033 1002.22
39.235 1002.32
39.892 1002.8
40.037 1002.95
40.849 1003.21
41.1 1003.35
41.876 1003.63
42.053 1003.68
42.752 1003.51
42.965 1003.45
43.917 1003.7
44.357 1003.76
