0.3
0.7
8
103.585 946.345
110.464 946.345
110.464 953.753
111.523 953.753
111.523 945.815
98.823 945.815
98.823 953.753
103.585 953.753
7
33.826 947.464
33.98 946.258
34.042 945.822
33.036 945.822
33.244 947.371
33.252 947.464
33.765 947.465
5
44.612 946.327
39.114 946.312
39.114 947.889
41.02 947.904
44.612 947.904
4
65.287 946.345
57.349 946.345
57.349 954.282
65.287 954.282
8
72.563 954.679
72.563 954.282
73.489 954.282
73.489 946.345
65.551 946.345
65.551 954.282
66.742 954.282
66.742 954.679
4
88.901 946.609
83.344 946.609
83.344 950.313
88.901 950.313
4
82.286 946.609
76.73 946.609
76.73 950.313
82.286 950.313
28
42.912 955.275
43.605 954.694
43.798 954.532
44.273 953.64
44.405 953.392
44.565 952.373
44.61 952.09
44.45 951.072
44.405 950.789
43.93 949.896
43.798 949.648
43.105 949.067
42.855 948.89
42.651 948.834
41.04 948.834
40.76 948.905
39.874 949.648
39.399 950.541
39.267 950.789
39.107 951.807
39.061 952.09
39.221 953.109
39.267 953.392
39.742 954.284
39.874 954.532
40.843 955.345
41.62 955.5
41.836 955.544
4
109.671 956.822
104.908 956.822
104.908 958.41
109.671 958.41
7
66.177 966.012
62.496 962.33
62.249 962.083
61.876 962.455
61.782 962.551
65.594 966.364
65.709 966.479
24
24.213 970.25
24.496 970.204
25.389 969.729
25.637 969.597
26.218 968.904
26.38 968.711
26.45 968.45
26.45 967.19
26.435 966.78
26.38 966.559
25.799 965.866
25.637 965.673
24.496 965.067
23.194 964.861
21.893 965.067
20.752 965.673
19.94 966.641
19.74 967.635
20.009 968.711
20.752 969.597
21.645 970.072
21.893 970.204
22.911 970.364
23.194 970.41
5
28.972 968.739
28.972 964.914
27.381 964.914
27.381 970.412
28.957 970.412
9
111.523 967.114
103.856 965.06
103.518 966.321
103.444 966.594
109.578 968.237
107.935 974.371
101.801 972.727
101.39 974.261
109.057 976.315
8
20.241 974.655
27.12 974.655
27.12 982.063
31.883 982.063
31.883 974.126
19.183 974.126
19.183 982.063
20.241 982.063
8
88.768 979.219
82.418 979.219
82.418 979.881
84.626 980.064
84.794 980.078
84.816 980.08
85.593 980.145
88.768 980.145
10
48.816 991.059
46.351 981.859
41.207 983.237
38.684 983.913
39.02 985.174
39.094 985.447
45.228 983.803
46.871 989.937
40.738 991.581
41.149 993.114
4
25.797 985.133
21.035 985.133
21.035 986.72
25.797 986.72
6
101.601 987.421
98.426 987.421
98.426 988.347
104.776 988.347
104.776 987.554
101.601 987.554
9
111.523 1000.45
109.057 991.252
101.39 993.306
101.727 994.567
101.801 994.84
107.935 993.196
109.578 999.33
103.444 1000.97
103.856 1002.51
4
48.816 993.308
44.054 993.308
44.054 1009.18
48.816 1009.18
4
109.671 1009.16
104.908 1009.16
104.908 1010.74
109.671 1010.74
8
111.523 1013.81
110.464 1013.81
110.464 1021.22
103.585 1021.22
103.585 1013.81
98.823 1013.81
98.823 1021.75
111.523 1021.75
4
88.901 1017.19
83.344 1017.19
83.344 1020.96
88.901 1020.96
4
24.739 1017.25
18.654 1017.25
18.654 1020.96
24.739 1020.96
4
32.412 1017.25
26.327 1017.25
26.327 1020.96
32.412 1020.96
4
82.286 1017.25
76.73 1017.25
76.73 1020.96
82.286 1020.96
32
3.043 1023.47
111.787 1023.47
111.787 1023.74
113.507 1023.74
113.507 1022.02
113.242 1022.02
113.242 945.551
113.507 945.551
113.507 943.831
111.787 943.831
111.787 944.096
111.523 944.096
111.523 943.568
110.729 943.568
110.729 944.096
1.985 944.096
1.985 943.831
0.265 943.831
0.265 945.551
0.53 945.551
0.53 966.468
0.926 966.469
0.926 1001.1
0.53 1001.1
0.53 1022.02
0.265 1022.02
0.265 1023.74
1.985 1023.74
1.985 1023.47
2.249 1023.47
2.249 1024
3.043 1024
263
5.16 951.636
5.424 951.636
5.424 951.372
13.891 951.372
13.891 951.636
14.156 951.636
14.156 951.372
14.685 951.372
14.685 951.636
14.949 951.636
14.949 951.372
17.595 951.372
17.595 952.165
18.786 952.165
18.786 945.815
28.311 945.815
28.311 961.69
17.595 961.69
17.595 962.881
29.502 962.881
29.502 972.406
17.463 972.406
17.463 972.142
16.537 972.142
16.537 964.799
15.875 964.799
15.875 972.737
16.537 972.734
16.537 973.861
17.463 973.861
17.463 973.597
39.423 973.597
39.423 973.861
40.349 973.861
40.349 972.142
39.423 972.142
39.4 972.406
39.291 972.406
39.291 971.216
39.556 971.216
39.556 970.289
37.836 970.289
37.836 971.216
38.101 971.216
38.101 972.406
31.221 972.406
31.221 962.881
38.101 962.881
38.101 963.013
37.836 963.013
37.836 963.939
38.96 963.939
38.96 964.601
45.31 964.601
45.31 963.939
39.556 963.939
39.556 963.013
39.291 963.013
39.291 962.881
45.773 962.881
45.773 963.146
46.7 963.146
46.7 961.426
45.773 961.426
45.773 961.69
29.492 961.69
29.492 946.056
29.502 945.815
46.17 945.815
46.17 951.372
50.404 951.372
50.404 951.636
50.668 951.636
50.668 951.372
51.197 951.372
51.197 951.636
51.462 951.636
51.462 951.372
55.695 951.372
55.695 961.69
55.563 961.69
55.563 961.426
54.637 961.426
54.637 954.084
53.976 954.084
53.976 962.021
54.637 962.021
54.637 963.146
55.563 963.146
55.563 962.881
60.855 962.881
60.855 963.146
61.781 963.146
61.781 961.426
60.855 961.426
60.855 961.69
56.886 961.69
56.886 945.815
73.952 945.815
73.952 961.69
73.819 961.69
73.819 961.426
72.893 961.426
72.893 962.55
72.232 962.55
72.232 968.107
72.893 968.107
72.893 963.146
73.819 963.146
73.819 962.881
73.952 962.881
73.952 969.496
73.687 969.496
73.687 970.422
75.407 970.422
75.407 969.496
75.142 969.496
75.142 945.286
112.052 945.286
112.052 979.418
92.869 979.418
92.869 979.153
91.943 979.153
91.943 980.873
92.869 980.873
92.892 980.608
93.002 980.608
93.002 986.958
75.142 986.958
75.142 980.608
78.317 980.608
78.317 980.873
79.243 980.873
79.243 980.807
85.593 980.807
85.593 980.148
84.816 980.08
84.793 980.078
84.626 980.064
82.429 979.883
79.243 979.881
79.243 979.153
78.317 979.153
78.317 979.418
75.142 979.418
75.142 979.285
75.407 979.285
75.407 978.359
82.749 978.359
82.749 977.698
74.812 977.698
74.812 978.359
73.687 978.359
73.687 979.285
73.952 979.285
73.952 988.281
73.687 988.281
73.687 989.207
74.812 989.207
74.812 989.869
82.749 989.869
82.749 989.207
75.407 989.207
75.407 988.281
75.142 988.281
75.142 988.149
94.325 988.149
94.325 988.413
95.251 988.413
95.251 986.694
94.325 986.694
94.302 986.958
94.192 986.958
94.192 980.608
112.052 980.608
112.052 986.958
108.877 986.958
108.877 986.694
107.951 986.694
107.951 986.76
101.601 986.76
101.601 987.421
104.247 987.531
104.776 987.554
107.951 987.554
107.951 988.413
108.877 988.413
108.877 988.149
112.052 988.149
112.052 1022.28
75.142 1022.28
75.142 998.071
75.407 998.071
75.407 997.145
73.687 997.145
73.687 998.071
73.952 998.094
73.952 998.203
64.427 998.203
64.427 975.184
63.236 975.184
63.236 980.533
62.707 980.533
62.707 981.396
63.236 981.397
63.236 998.203
50.536 998.203
50.536 981.397
51.065 981.396
51.065 980.532
50.536 980.532
50.536 972.406
49.213 972.406
49.213 972.142
48.287 972.142
48.287 973.711
48.285 973.859
47.793 973.417
47.626 973.266
47.626 981.204
48.287 981.204
48.287 973.861
49.213 973.861
49.236 973.597
49.345 973.597
49.345 1012.36
49.081 1012.36
49.081 1013.28
50.801 1013.28
50.801 1012.36
50.536 1012.36
50.536 1008.79
64.427 1008.79
64.427 999.394
73.952 999.394
73.952 1022.28
50.536 1022.28
50.536 1022.15
50.801 1022.15
50.801 1021.22
58.143 1021.22
58.143 1020.56
50.205 1020.56
50.205 1021.22
49.081 1021.22
49.081 1022.15
49.345 1022.15
49.345 1022.28
1.72 1022.28
1.72 973.597
7.673 973.597
7.673 973.861
8.599 973.861
8.599 972.142
7.673 972.142
7.673 972.406
1.72 972.406
1.72 951.372
4.366 951.372
4.366 951.636
4.631 951.636
4.631 951.372
5.16 951.372
