0.3
0.7
30
3.043 1023.47
57.737 1023.47
111.787 1023.47
111.791 1023.74
113.502 1023.74
113.507 1022.02
113.242 1022.02
113.242 945.551
113.507 945.547
113.507 943.836
111.792 943.831
111.787 944.096
111.523 944.095
111.523 943.57
110.731 943.568
110.729 944.094
108.824 944.096
1.985 944.096
1.981 943.831
0.27 943.831
0.265 945.546
0.53 945.57
0.53 1022.02
0.265 1022.02
0.265 1023.73
1.98 1023.74
1.985 1023.47
2.249 1023.47
2.249 1024
3.041 1024
8
75.596 979.418
75.142 979.416
75.142 945.518
75.158 945.286
110.692 945.286
110.693 946.645
112.052 946.645
112.052 979.418
20
1.72 972.406
1.72 946.703
3.079 946.702
3.079 945.815
17.595 945.815
17.595 952.162
18.782 952.165
18.786 950.583
18.786 945.82
28.279 945.815
28.311 945.819
28.311 961.677
26.697 961.69
17.645 961.69
17.595 961.693
17.595 962.877
29.46 962.881
29.502 962.881
29.502 972.377
29.466 972.406
4
29.502 961.69
29.502 945.815
55.687 945.815
55.693 961.69
5
56.886 961.69
56.886 945.815
73.952 945.815
73.952 961.559
73.95 961.69
5
31.221 972.406
31.221 962.881
38.091 962.881
38.101 972.376
38.092 972.406
10
50.771 998.203
50.536 998.187
50.536 972.406
39.545 972.406
39.291 972.403
39.291 962.881
73.95 962.881
73.952 963.531
73.952 998.201
62.244 998.203
8
3.08 1022.28
3.079 1021.6
3.079 1020.92
1.72 1020.92
1.72 973.597
49.345 973.597
49.345 1022.28
4.722 1022.28
6
75.142 986.958
75.142 980.626
83.925 980.608
92.626 980.608
93.002 980.625
93.002 986.958
5
94.192 986.958
94.192 980.608
112.052 980.608
112.052 986.94
103.269 986.958
7
75.142 1022.28
75.142 988.149
111.598 988.149
112.052 988.173
112.052 1020.92
110.693 1020.92
110.693 1022.28
5
50.742 1022.28
50.536 1022.28
50.536 999.394
73.952 999.394
73.952 1022.28
