0.3
0.7
84
168.275 962.088
168.54 962.077
168.54 961.823
168.275 961.823
168.275 922.268
168.54 922.268
168.54 920.548
166.82 920.548
166.82 920.812
166.556 920.812
166.556 920.284
165.762 920.284
165.762 920.812
115.359 920.812
115.359 920.548
115.094 920.548
115.094 920.812
114.499 920.812
114.499 922.268
115.094 922.268
115.094 922.781
116.02 922.797
116.02 922.532
118.269 922.532
118.269 939.995
118.137 939.995
118.135 939.73
108.347 939.73
108.322 939.995
105.569 939.995
105.569 922.532
107.818 922.532
107.818 922.797
108.744 922.797
108.744 922.268
109.338 922.268
109.339 921.077
109.339 920.812
108.823 920.812
108.744 920.796
108.744 920.548
108.479 920.57
108.462 920.812
88.768 920.812
88.768 920.548
88.503 920.548
88.503 920.812
87.908 920.812
87.908 921.738
88.503 921.738
88.503 922.268
89.429 922.268
89.429 922.003
104.378 922.003
104.378 941.185
108.347 941.185
108.347 941.45
117.669 941.45
118.137 941.445
118.137 941.185
119.46 941.185
119.46 925.178
127.397 925.178
127.397 925.692
135.599 925.693
135.599 925.178
159.544 925.178
159.544 929.147
160.338 929.147
160.338 929.411
166.953 929.411
166.953 929.147
167.085 929.147
167.085 933.38
166.82 933.399
166.82 944.288
166.825 944.757
167.085 944.775
167.085 961.161
166.82 961.161
166.82 962.088
167.349 962.088
167.349 962.683
168.275 962.683
7
166.953 927.956
166.953 927.578
166.485 927.57
160.735 927.57
160.735 922.003
167.085 922.003
167.085 927.956
27
56.489 934.9
56.489 934.306
57.018 934.306
57.018 933.38
56.753 933.38
56.753 922.003
71.702 922.003
71.702 922.268
72.628 922.268
72.628 921.738
73.224 921.737
73.224 920.812
72.628 920.812
72.628 920.548
72.364 920.548
72.364 920.812
57.018 920.812
57.018 920.548
55.298 920.548
55.298 922.268
55.563 922.268
55.563 932.829
55.298 932.851
55.298 934.306
55.563 934.306
55.563 934.901
55.828 934.901
4
81.293 920.812
79.838 920.812
79.838 921.738
81.293 921.738
9
43.921 929.279
40.323 929.279
40.217 929.297
40.217 929.941
39.423 929.941
39.423 930.734
40.217 930.734
40.217 932.983
43.921 932.983
22
56.489 957.126
56.489 956.531
57.018 956.531
57.018 955.605
56.753 955.605
56.753 943.17
57.018 943.17
57.018 943.08
57.009 942.178
56.489 942.178
56.489 941.648
55.563 941.648
55.563 942.244
55.298 942.244
55.298 943.699
55.563 943.721
55.563 955.054
55.298 955.076
55.298 956.531
55.563 956.531
55.563 957.127
55.828 957.127
4
43.921 948.858
40.217 948.858
40.217 952.562
43.921 952.562
30
105.569 973.954
106.098 973.953
106.098 973.09
105.569 973.089
105.569 963.028
105.834 963.028
105.834 960.632
118.004 960.632
118.004 963.028
118.269 963.028
118.269 973.089
117.74 973.09
117.74 973.953
118.269 973.954
118.269 977.301
119.46 977.301
119.46 951.372
115.491 951.372
115.491 951.107
106.169 951.107
105.701 951.112
105.701 951.372
104.378 951.372
104.378 962.484
103.874 962.484
103.849 963.084
103.849 975.184
104.353 975.184
104.378 977.301
105.569 977.301
18
101.203 956.664
103.279 956.664
103.32 956.668
103.32 956.928
103.849 956.928
103.849 952.166
103.32 952.166
103.32 952.43
101.244 952.43
101.203 952.426
101.203 952.166
100.41 952.166
100.41 952.695
100.674 952.709
100.674 956.399
100.41 956.407
100.41 956.928
101.203 956.928
47
72.628 1000.45
72.628 1000.19
73.224 1000.19
73.224 998.997
72.628 998.997
72.628 998.732
71.702 998.732
71.702 998.997
64.294 998.997
64.294 998.868
64.552 998.865
64.558 998.396
64.558 990.663
64.294 990.663
64.294 988.546
56.753 988.546
56.753 988.414
57.013 988.414
57.018 987.945
57.018 977.056
56.753 977.018
56.753 965.395
57.018 965.395
57.018 965.311
57.009 964.469
56.489 964.469
56.489 963.873
55.563 963.873
55.563 964.469
55.298 964.469
55.298 965.924
55.563 965.946
55.563 976.496
55.298 976.507
55.298 988.943
55.563 988.955
55.563 998.732
55.298 998.732
55.298 1000.45
57.018 1000.45
57.018 1000.19
57.282 1000.19
57.282 1000.72
58.076 1000.72
58.076 1000.19
72.364 1000.19
72.364 1000.45
8
56.753 998.997
56.753 989.737
63.103 989.737
63.103 990.663
62.839 990.663
62.839 998.865
63.098 998.865
63.103 998.997
4
43.921 968.438
40.217 968.438
40.217 972.142
43.921 972.142
5
168.275 968.768
168.011 968.768
167.349 968.769
167.35 970.951
168.275 970.951
5
168.275 977.037
168.011 977.037
167.349 977.038
167.35 979.219
168.275 979.219
29
168.54 998.732
168.275 998.732
168.275 986.165
168.54 986.149
168.518 985.9
168.275 985.9
168.275 985.305
167.349 985.305
167.349 985.9
166.844 985.9
166.82 986.726
166.82 986.826
167.085 986.826
167.085 998.997
116.814 998.997
116.814 998.732
115.923 998.732
115.888 998.763
115.888 999.262
115.294 999.262
115.293 999.923
115.293 1000.19
115.888 1000.19
115.888 1000.45
116.152 1000.44
116.152 1000.19
166.82 1000.19
166.82 1000.45
168.54 1000.45
4
43.921 988.017
40.217 988.017
40.217 991.721
43.921 991.721
21
88.768 1000.19
107.676 1000.19
107.686 1000.45
107.95 1000.45
107.95 1000.19
108.546 1000.19
108.546 999.262
107.95 999.262
107.95 998.741
107.108 998.732
107.024 998.756
107.024 998.997
89.429 998.997
89.429 998.732
88.503 998.732
88.503 998.997
87.908 998.997
87.908 1000.19
88.503 1000.19
88.503 1000.45
88.768 1000.45
4
81.293 998.997
79.838 998.997
79.838 1000.19
81.293 1000.19
24
143.787 1005.68
144.267 1005.48
144.679 1005.17
144.996 1004.75
145.195 1004.27
145.262 1003.76
145.195 1003.24
144.996 1002.76
144.679 1002.35
144.267 1002.04
143.787 1001.84
143.272 1001.77
142.757 1001.84
142.277 1002.04
141.865 1002.35
141.549 1002.76
141.35 1003.24
141.282 1003.76
141.35 1004.27
141.549 1004.75
141.865 1005.17
142.277 1005.48
142.757 1005.68
143.272 1005.75
