0.3
0.7
46
44.946 925.435
45.403 925.123
45.386 924.069
45.379 924.016
46.232 923.321
46.45 922.794
46.595 922.056
46.418 921.587
46.285 921.153
46.427 920.423
46.439 920.371
46.012 919.59
45.763 918.9
45.74 918.841
44.831 918.374
44.75 918.35
44.127 917.568
43.436 917.28
43.384 917.233
42.459 917.04
41.408 917.312
40.337 917.127
39.384 917.536
38.771 917.836
38.785 917.94
38.523 918.798
38.196 919.206
37.933 919.519
37.852 920.142
37.573 920.783
37.774 921.502
37.533 922.373
37.855 922.862
38.23 923.604
38.277 923.766
39.255 924.269
39.552 924.505
40.041 924.979
40.098 925.052
40.719 925.155
41.047 925.274
41.396 925.294
41.852 925.394
42.584 925.286
43.086 925.259
44.075 925.614
4
132.358 920.283
132.094 920.283
132.094 920.548
132.358 920.548
4
129.448 920.283
129.183 920.283
129.183 920.548
129.448 920.548
50
136.79 1006.54
149.755 1006.54
149.755 1006.8
151.474 1006.8
151.474 1005.08
151.21 1005.08
151.21 1000.19
166.82 1000.19
166.82 1000.43
166.974 1000.45
168.54 1000.45
168.54 998.732
168.275 998.732
168.275 944.36
168.54 944.36
168.54 933.777
168.275 933.777
168.275 922.268
168.516 922.268
168.54 922.113
168.54 920.548
166.82 920.548
166.82 920.787
166.556 920.812
166.556 920.284
165.762 920.284
165.762 920.812
57.018 920.812
57.018 920.548
55.298 920.548
55.298 922.268
55.563 922.268
55.563 976.243
52.917 976.243
52.917 989.207
55.563 989.207
55.563 998.732
55.298 998.732
55.298 1000.45
57.018 1000.45
57.018 1000.21
57.282 1000.19
57.282 1000.72
58.076 1000.72
58.076 1000.19
135.335 1000.19
135.335 1005.08
135.07 1005.08
135.07 1006.8
136.79 1006.8
40
35.344 934.105
35.562 934
36.105 933.499
36.48 933.192
36.683 933.075
37.238 932.26
37.198 931.429
37.162 930.892
37.138 930.533
37.184 930.335
36.815 929.997
36.709 929.726
36.217 929.509
35.532 929.317
35.474 929.286
34.895 929.267
34.846 929.274
34.581 928.914
34.369 928.74
33.995 928.63
33.489 928.769
33.122 929.408
32.971 929.659
32.371 929.772
32.275 929.8
31.922 930.086
31.718 930.327
31.677 930.588
31.873 931.01
31.675 931.479
31.911 931.933
32.141 932.403
32.469 932.746
32.611 933.035
32.609 933.209
33.026 933.495
33.541 933.736
34.054 933.887
34.569 934.15
35.088 934.157
9
44.185 929.014
39.952 929.014
39.952 929.604
39.933 929.941
39.423 929.941
39.423 930.734
39.952 930.734
39.952 933.248
44.185 933.248
40
36.403 946.406
36.621 946.302
37.164 945.801
37.54 945.493
37.743 945.376
38.297 944.561
38.257 943.73
38.222 943.194
38.197 942.834
38.244 942.636
37.874 942.299
37.768 942.027
37.276 941.81
36.592 941.618
36.534 941.587
35.954 941.568
35.905 941.575
35.64 941.215
35.428 941.041
35.014 940.922
34.549 941.07
34.181 941.709
34.03 941.96
33.43 942.074
33.334 942.101
32.982 942.387
32.778 942.628
32.736 942.889
32.932 943.312
32.734 943.78
32.971 944.234
33.2 944.704
33.529 945.047
33.671 945.337
33.669 945.51
34.086 945.796
34.6 946.037
35.114 946.188
35.628 946.452
36.147 946.459
4
44.185 948.594
39.952 948.594
39.952 952.827
44.185 952.827
40
35.297 959.814
35.515 959.71
36.058 959.209
36.434 958.901
36.637 958.785
37.191 957.969
37.151 957.138
37.116 956.602
37.092 956.242
37.138 956.045
36.769 955.707
36.663 955.436
36.17 955.219
35.486 955.026
35.428 954.995
34.848 954.977
34.799 954.984
34.534 954.623
34.323 954.449
33.908 954.33
33.443 954.478
33.075 955.118
32.924 955.369
32.325 955.482
32.229 955.509
31.876 955.795
31.672 956.037
31.63 956.297
31.826 956.72
31.628 957.188
31.865 957.642
32.095 958.112
32.423 958.455
32.565 958.745
32.563 958.918
32.98 959.205
33.494 959.446
34.008 959.596
34.523 959.86
35.042 959.867
40
36.513 972.557
36.731 972.452
37.274 971.951
37.649 971.643
37.852 971.527
38.406 970.711
38.367 969.881
38.331 969.344
38.307 968.985
38.353 968.787
37.984 968.449
37.878 968.178
37.386 967.961
36.701 967.768
36.643 967.737
36.064 967.719
36.015 967.726
35.75 967.366
35.538 967.192
35.124 967.073
34.658 967.221
34.291 967.86
34.14 968.111
33.54 968.224
33.444 968.252
33.091 968.538
32.887 968.779
32.845 969.039
33.041 969.462
32.844 969.931
33.08 970.384
33.31 970.854
33.638 971.197
33.78 971.487
33.778 971.661
34.195 971.947
34.71 972.188
35.223 972.339
35.738 972.602
36.257 972.609
4
44.185 968.173
39.952 968.173
39.952 972.406
44.185 972.406
4
44.185 987.752
39.952 987.752
39.952 991.986
44.185 991.986
40
36.514 994.11
36.732 994.006
37.275 993.505
37.65 993.197
37.853 993.08
38.408 992.265
38.368 991.434
38.333 990.898
38.308 990.538
38.354 990.34
37.985 990.003
37.879 989.731
37.387 989.514
36.702 989.322
36.644 989.291
36.065 989.272
36.016 989.279
35.751 988.919
35.539 988.745
35.125 988.626
34.659 988.774
34.292 989.413
34.141 989.664
33.541 989.778
33.445 989.805
33.092 990.091
32.888 990.333
32.847 990.593
33.043 991.016
32.845 991.484
33.081 991.938
33.311 992.408
33.639 992.751
33.781 993.041
33.779 993.214
34.196 993.501
34.711 993.741
35.224 993.892
35.739 994.156
36.258 994.163
46
44.946 1003.49
45.403 1003.18
45.386 1002.12
45.379 1002.07
46.232 1001.38
46.45 1000.85
46.595 1000.11
46.418 999.641
46.285 999.207
46.427 998.476
46.439 998.424
46.012 997.643
45.763 996.953
45.74 996.894
44.831 996.428
44.75 996.404
44.127 995.621
43.436 995.333
43.384 995.286
42.459 995.093
41.408 995.365
40.337 995.18
39.384 995.589
38.771 995.889
38.785 995.993
38.523 996.851
38.196 997.26
37.933 997.573
37.852 998.195
37.573 998.836
37.774 999.555
37.533 1000.43
37.855 1000.91
38.23 1001.66
38.277 1001.82
39.255 1002.32
39.552 1002.56
40.041 1003.03
40.098 1003.11
40.719 1003.21
41.047 1003.33
41.396 1003.35
41.852 1003.45
42.584 1003.34
43.086 1003.31
44.075 1003.67
