0.3
0.7
106
150.813 929.544
150.813 929.279
159.544 929.279
159.544 929.147
160.338 929.147
160.338 929.411
161.264 929.411
161.264 927.57
160.735 927.57
160.735 922.003
167.085 922.003
167.085 927.956
166.953 927.956
166.953 927.57
166.027 927.57
166.027 928.816
165.365 928.816
165.365 933.579
166.027 933.579
166.027 929.411
166.953 929.411
166.953 929.147
167.085 929.147
167.085 933.38
166.82 933.38
166.82 934.306
167.085 934.306
167.085 935.365
168.011 935.365
168.011 934.306
168.54 934.306
168.54 934.042
168.275 934.042
168.275 922.268
168.54 922.268
168.54 920.548
166.82 920.548
166.82 920.812
166.556 920.812
166.556 920.284
165.762 920.284
165.762 920.812
57.018 920.812
57.018 920.548
55.298 920.548
55.298 922.268
55.563 922.268
55.563 932.851
55.298 932.851
55.298 934.306
55.827 934.306
55.827 934.901
56.753 934.901
56.753 934.306
57.018 934.306
57.018 933.38
56.753 933.38
56.753 922.003
104.378 922.003
104.378 941.185
108.347 941.185
108.347 941.45
109.273 941.45
109.273 939.73
108.347 939.73
108.347 939.995
105.569 939.995
105.569 937.217
106.098 937.217
106.098 936.687
105.834 936.687
105.834 932.189
106.098 932.177
106.098 931.66
105.569 931.66
105.569 922.532
107.818 922.532
107.818 922.797
116.02 922.797
116.02 922.532
118.269 922.532
118.269 939.995
118.137 939.995
118.137 939.73
117.211 939.73
117.211 932.388
116.549 932.388
116.549 940.325
117.211 940.325
117.211 941.45
118.137 941.45
118.137 941.185
119.46 941.185
119.46 936.952
119.857 936.952
119.857 936.687
119.658 936.687
119.658 931.925
119.857 931.925
119.857 931.66
119.46 931.66
119.46 922.003
149.887 922.003
149.887 929.279
150.548 929.279
150.548 929.544
4
64.579 922.532
60.089 922.532
57.282 925.339
57.282 929.829
4
103.849 923.657
100.674 923.657
100.674 939.532
103.849 939.532
8
43.921 929.279
40.217 929.279
40.217 929.941
39.423 929.941
39.423 930.734
40.217 930.734
40.217 932.983
43.921 932.983
20
56.753 956.531
57.018 956.531
57.018 955.605
56.753 955.605
56.753 943.17
57.018 943.17
57.018 942.178
56.753 942.178
56.753 941.648
55.827 941.648
55.827 942.244
55.298 942.244
55.298 943.699
55.563 943.699
55.563 955.076
55.298 955.076
55.298 956.531
55.827 956.531
55.827 957.127
56.753 957.127
20
168.011 962.088
168.54 962.088
168.54 961.823
168.275 961.823
168.275 944.096
168.54 944.096
168.54 943.831
168.011 943.831
168.011 942.773
167.085 942.773
167.085 943.831
166.82 943.831
166.82 944.757
167.085 944.757
167.085 961.161
166.82 961.161
166.82 962.088
167.085 962.088
167.085 962.683
168.011 962.683
16
145.079 949.747
147.214 949.628
149.342 949.42
151.46 949.125
153.563 948.742
156.196 948.145
156.237 948.135
156.237 945.551
130.308 945.551
130.308 948.135
132.332 948.605
134.431 949.015
136.545 949.338
138.67 949.573
140.803 949.719
142.941 949.777
4
43.921 948.858
40.217 948.858
40.217 952.562
43.921 952.562
97
118.282 978.161
118.269 978.558
118.307 978.558
118.322 978.83
118.322 979.484
119.407 979.484
119.407 979.881
119.46 979.881
119.46 979.484
119.407 979.484
119.407 978.558
118.322 978.558
118.322 978.161
119.407 978.161
119.407 977.301
119.46 977.301
119.46 951.372
115.491 951.372
115.491 951.107
114.565 951.107
114.565 951.703
106.627 951.703
106.627 951.107
105.701 951.107
105.701 951.372
104.378 951.372
104.378 962.484
103.849 962.484
103.849 963.278
104.114 963.278
104.114 974.391
103.849 974.391
103.849 975.184
104.378 975.184
104.378 976.935
104.385 977.301
104.431 977.301
104.431 978.161
104.378 978.161
104.378 978.558
104.431 978.558
104.431 979.484
104.397 979.484
104.378 979.881
104.41 979.881
104.431 980.295
104.431 980.807
104.378 980.807
104.402 981.204
104.431 981.204
104.431 982.13
104.378 982.13
104.378 982.527
104.431 982.527
104.431 983.453
104.378 983.453
104.388 983.85
104.431 983.85
104.431 984.776
104.378 984.776
104.378 985.172
105.472 985.172
105.569 985.156
105.569 984.776
105.516 984.776
105.516 983.85
104.431 983.85
104.431 983.453
105.516 983.453
105.516 982.527
104.431 982.527
104.431 982.13
105.516 982.13
105.516 981.204
104.431 981.204
104.431 980.807
105.516 980.807
105.516 979.881
104.431 979.881
104.431 979.484
105.516 979.484
105.516 978.558
104.431 978.558
104.431 978.161
105.516 978.161
105.516 977.301
105.569 977.301
105.569 975.675
105.834 975.674
105.834 973.861
118.004 973.861
118.004 975.674
118.269 975.674
118.269 977.26
118.277 977.301
118.322 977.301
118.322 978.161
6
151.519 954.369
155.195 953.713
154.916 952.15
151.009 952.847
151.026 952.94
151.288 954.41
5
135.536 952.847
131.629 952.15
131.35 953.713
135.026 954.369
135.257 954.41
18
101.38 956.31
103.32 956.309
103.32 956.574
103.849 956.574
103.849 952.52
103.32 952.518
103.32 952.783
101.381 952.784
101.381 952.519
100.859 952.519
100.587 952.52
100.586 953.048
100.852 953.049
100.851 955.597
100.852 956.045
100.586 956.046
100.587 956.574
101.38 956.575
6
148.357 954.743
148.592 954.729
148.504 953.238
148.498 953.144
144.536 953.377
144.63 954.962
6
142.008 953.377
138.046 953.144
138.04 953.238
137.953 954.729
138.188 954.743
141.915 954.962
4
123.164 956.399
119.989 956.399
119.989 972.274
123.164 972.274
87
58.076 1000.19
107.686 1000.19
107.686 1000.45
107.95 1000.45
107.95 999.923
108.546 999.923
108.546 998.997
107.95 998.997
107.95 998.732
107.024 998.732
107.024 998.997
64.294 998.997
64.294 998.865
64.558 998.865
64.558 997.939
70.313 997.939
70.313 997.277
63.963 997.277
63.963 997.939
62.839 997.939
62.839 998.865
63.103 998.865
63.103 998.997
56.753 998.997
56.753 989.737
63.103 989.737
63.103 990.663
62.839 990.663
62.839 991.589
64.558 991.589
64.558 990.663
64.294 990.663
64.294 988.546
56.753 988.546
56.753 988.414
57.018 988.414
57.018 987.488
56.423 987.488
56.423 986.429
56.687 986.429
56.687 983.254
56.423 983.254
56.423 982.196
56.687 982.196
56.687 979.021
56.423 979.021
56.423 977.963
57.018 977.963
57.018 977.037
56.753 977.037
56.753 965.395
57.018 965.395
57.018 964.469
56.753 964.469
56.753 963.873
55.827 963.873
55.827 964.469
55.298 964.469
55.298 965.924
55.563 965.924
55.563 976.507
55.298 976.507
55.298 977.963
55.827 977.963
55.827 979.021
55.576 979.021
55.563 979.177
55.563 982.196
55.827 982.196
55.827 983.254
55.576 983.254
55.563 983.41
55.563 986.429
55.814 986.429
55.827 986.865
55.827 987.488
55.298 987.488
55.298 988.943
55.563 988.943
55.563 998.732
55.298 998.732
55.298 1000.45
57.018 1000.45
57.018 1000.19
57.282 1000.19
57.282 1000.72
58.076 1000.72
4
43.921 968.438
40.217 968.438
40.217 972.142
43.921 972.142
4
168.011 968.768
167.085 968.768
167.085 970.951
168.011 970.951
4
168.011 977.037
167.085 977.037
167.085 979.219
168.011 979.219
4
105.569 978.161
105.516 978.161
105.516 978.558
105.569 978.558
4
119.448 978.161
119.407 978.161
119.407 978.558
119.46 978.558
4
105.55 979.484
105.516 979.484
105.516 979.881
105.569 979.881
12
119.46 981.204
119.46 980.807
119.407 980.807
119.407 979.881
118.322 979.881
118.322 979.484
118.269 979.484
118.269 979.881
118.322 979.881
118.322 980.807
119.407 980.807
119.407 981.204
4
105.569 980.807
105.516 980.807
105.516 981.204
105.545 981.204
12
119.46 982.527
119.46 982.13
119.407 982.13
119.407 981.204
118.322 981.204
118.322 980.807
118.269 980.807
118.293 981.204
118.322 981.204
118.322 982.13
119.407 982.13
119.407 982.527
4
105.569 982.13
105.516 982.13
105.516 982.527
105.569 982.527
21
118.269 985.172
119.363 985.172
119.46 985.156
119.46 984.776
119.407 984.776
119.407 983.85
118.322 983.85
118.322 983.453
119.407 983.453
119.407 982.527
118.322 982.527
118.322 982.13
118.269 982.13
118.286 982.527
118.322 982.527
118.322 983.453
118.269 983.453
118.269 983.85
118.322 983.85
118.322 984.776
118.269 984.776
4
105.569 983.453
105.528 983.453
105.516 983.85
105.559 983.85
4
119.45 983.85
119.46 983.453
119.419 983.453
119.407 983.85
38
136.79 1006.54
149.755 1006.54
149.755 1006.8
151.474 1006.8
151.474 1005.08
151.21 1005.08
151.21 1000.19
166.82 1000.19
166.82 1000.45
168.54 1000.45
168.54 998.732
168.275 998.732
168.275 986.165
168.54 986.165
168.54 985.9
168.011 985.9
168.011 985.305
167.085 985.305
167.085 985.9
166.82 985.9
166.82 986.826
167.085 986.826
167.085 998.997
116.814 998.997
116.814 998.732
115.888 998.732
115.888 998.997
115.293 998.997
115.293 999.923
115.888 999.923
115.888 1000.45
116.152 1000.45
116.152 1000.19
135.335 1000.19
135.335 1005.08
135.07 1005.08
135.07 1006.8
136.79 1006.8
6
119.46 985.752
119.439 985.552
118.322 985.553
118.269 985.552
118.269 986.574
119.46 986.575
7
105.569 985.752
105.548 985.552
104.431 985.553
104.378 985.553
104.378 986.574
105.407 986.574
105.569 986.575
4
43.921 988.017
40.217 988.017
40.217 991.721
43.921 991.721
