0.3
0.7
7
167.085 927.947
167.085 923.188
165.9 923.187
165.9 922.003
160.735 922.003
160.735 927.935
166.747 927.956
18
165.9 997.813
167.085 997.812
167.085 929.977
167.079 929.147
159.544 929.136
159.544 925.178
119.46 925.178
119.46 941.167
119.391 941.185
104.378 941.185
104.378 922.003
57.938 922.003
57.938 923.187
56.753 923.188
56.753 988.546
64.294 988.56
64.294 998.997
165.9 998.997
22
104.378 977.301
104.378 951.372
119.46 951.372
119.46 977.301
118.269 977.301
118.269 969.31
117.755 969.309
117.74 968.445
118.255 968.445
118.269 958.645
118.269 958.383
118.004 958.361
118.004 955.341
105.834 955.341
105.834 958.151
105.831 958.384
105.569 958.383
105.569 968.445
106.098 968.445
106.098 969.287
105.569 969.309
105.569 977.301
5
118.269 922.532
105.569 922.532
105.569 939.892
105.577 939.995
118.263 939.995
8
55.563 928.75
39.688 928.75
39.688 929.941
39.423 929.95
39.423 930.734
39.688 930.734
39.688 992.25
55.563 992.25
5
45.667 986.271
45.666 982.344
45.667 934.729
54.769 934.729
54.769 986.271
7
63.103 998.991
63.103 989.737
56.753 989.737
56.753 997.812
57.938 997.813
57.938 998.997
62.958 998.997
24
143.891 1006.07
144.467 1005.83
144.963 1005.45
145.342 1004.96
145.581 1004.38
145.663 1003.76
145.581 1003.14
145.342 1002.56
144.963 1002.07
144.467 1001.69
143.891 1001.45
143.272 1001.37
142.654 1001.45
142.077 1001.69
141.582 1002.07
141.202 1002.56
140.963 1003.14
140.882 1003.76
140.963 1004.38
141.202 1004.96
141.582 1005.45
142.077 1005.83
142.654 1006.07
143.272 1006.15
