0.3
0.7
24
29.019 995.631
29.503 995.445
29.887 995.15
30.183 994.766
30.309 994.461
30.416 993.962
30.377 993.427
30.229 993.022
29.888 992.526
29.504 992.231
29.119 992.072
28.683 991.994
28.128 992.044
27.646 992.229
27.262 992.525
26.967 992.909
26.797 993.333
26.718 993.837
26.783 994.287
26.967 994.766
27.262 995.15
27.646 995.445
28.007 995.595
28.474 995.682
32
67.434 1015.84
119.856 1015.84
119.856 1012.6
119.358 1012.6
116.784 1012.59
116.284 1012.58
116.284 981.468
116.549 981.468
116.549 981.286
116.289 981.27
116.289 978.095
116.549 978.095
116.549 977.896
116.284 977.896
116.284 946.78
119.856 946.78
119.856 943.526
119.635 943.526
109.989 943.525
53.669 943.527
0 943.526
0 946.779
0.373 946.78
3.307 946.779
3.307 950.273
3.571 950.273
3.571 1009.09
3.307 1009.09
3.307 1012.59
0 1012.59
0 1015.84
11.871 1015.84
4
4.762 1001.36
4.762 985.788
52.387 985.789
52.387 1001.36
