0.3
0.7
24
28.985 995.64
29.503 995.445
29.887 995.15
30.183 994.766
30.341 994.382
30.431 993.838
30.377 993.427
30.183 992.911
29.888 992.526
29.504 992.231
29.119 992.072
28.575 991.981
28.164 992.035
27.646 992.229
27.262 992.525
26.967 992.909
26.808 993.292
26.718 993.837
26.772 994.247
26.967 994.766
27.262 995.15
27.646 995.445
28.031 995.604
28.575 995.694
20
119.856 1018.64
119.856 1015.4
116.284 1015.38
116.284 943.979
116.524 943.98
119.856 943.979
119.856 940.726
0 940.726
0 943.979
0.123 943.98
3.307 943.979
3.307 947.473
3.571 947.473
3.571 1011.89
3.332 1011.89
3.307 1012.17
3.307 1015.38
0 1015.38
0 1018.64
119.292 1018.64
7
52.099 1005.56
5.552 1005.56
4.762 1005.55
4.762 981.591
5.047 981.589
52.387 981.589
52.387 1005.56
