0.3
0.7
36
5.451 1003.84
61.627 1003.84
116.943 1003.84
119.856 1003.84
119.856 1000.6
119.689 1000.6
117.904 1000.6
116.284 1000.58
116.284 981.468
116.549 981.468
116.549 981.27
116.346 981.27
116.347 978.095
116.549 978.095
116.549 977.896
116.284 977.896
116.284 958.781
116.449 958.78
119.856 958.78
119.856 955.526
119.709 955.525
113.336 955.526
56.075 955.525
0 955.525
0 958.781
0.211 958.78
3.307 958.781
3.307 962.274
3.571 962.274
3.571 997.09
3.307 997.091
3.307 1000.58
3.096 1000.58
0 1000.58
0 1003.84
0.333 1003.84
