0.3
0.7
157
17.463 973.597
39.423 973.597
39.423 973.861
40.343 973.861
40.349 972.874
40.349 972.142
39.423 972.142
39.423 972.406
39.291 972.406
39.291 971.216
39.556 971.216
39.556 970.289
37.836 970.289
37.836 971.216
38.101 971.216
38.101 972.406
31.221 972.406
31.221 962.881
38.101 962.881
38.101 963.013
37.836 963.013
37.836 963.939
38.96 963.939
38.96 964.601
45.31 964.601
45.31 963.939
39.556 963.939
39.556 963.013
39.291 963.013
39.291 962.881
45.773 962.881
45.773 963.146
46.694 963.146
46.7 961.557
46.695 961.426
45.773 961.426
45.773 961.69
29.496 961.69
29.494 960.16
29.495 946.35
29.502 945.815
46.17 945.815
46.17 946.08
55.431 946.08
55.431 951.636
55.695 951.636
55.695 961.69
55.563 961.69
55.563 961.426
54.637 961.426
54.637 954.084
53.976 954.084
53.976 962.021
54.637 962.021
54.637 963.146
55.563 963.146
55.563 962.881
60.855 962.881
60.855 963.146
61.775 963.146
61.781 962.55
61.781 961.426
60.855 961.426
60.855 961.69
56.886 961.69
56.886 945.815
65.088 945.815
65.088 946.08
65.714 946.08
65.75 946.066
65.75 945.815
73.952 945.815
73.952 961.69
73.819 961.69
73.819 961.426
72.893 961.426
72.893 962.55
72.232 962.55
72.232 968.107
72.893 968.107
72.893 963.146
73.819 963.146
73.819 962.881
73.952 962.881
73.952 969.496
73.687 969.496
73.687 970.416
74.542 970.422
75.407 970.422
75.407 969.496
75.142 969.496
75.142 945.286
78.317 945.286
78.317 945.815
78.846 945.815
78.846 945.551
87.313 945.551
87.313 945.815
87.842 945.815
87.842 945.286
112.052 945.286
112.052 957.457
111.787 957.457
111.787 958.383
112.052 958.383
112.052 958.978
112.978 958.978
112.978 958.383
113.507 958.383
113.507 958.119
113.242 958.119
113.242 945.551
113.507 945.551
113.507 943.831
111.787 943.831
111.787 944.096
111.523 944.096
111.523 943.568
110.729 943.568
110.729 944.096
1.985 944.096
1.985 943.831
0.265 943.831
0.265 945.551
0.53 945.551
0.53 956.134
0.265 956.134
0.265 957.589
0.794 957.589
0.794 958.185
1.72 958.185
1.72 957.589
1.985 957.589
1.985 956.663
1.72 956.663
1.72 951.741
1.734 951.636
1.985 951.636
1.985 946.08
17.331 946.08
17.331 951.636
17.595 951.638
17.595 952.165
18.786 952.165
18.786 945.815
28.311 945.815
28.311 961.69
17.595 961.69
17.595 962.881
29.502 962.881
29.502 972.406
17.463 972.406
17.463 972.142
16.543 972.142
16.537 972.737
16.537 973.861
17.463 973.861
5
73.489 946.603
73.489 946.345
65.551 946.345
65.551 946.602
73.054 946.624
5
65.287 946.603
65.287 946.345
57.349 946.345
57.349 946.602
64.852 946.624
6
66.177 966.012
62.548 962.383
62.249 962.083
61.781 962.55
65.387 966.157
65.709 966.479
4
16.537 964.799
15.875 964.799
15.875 972.737
16.537 972.737
29
1.72 979.815
1.985 979.815
1.985 978.888
1.72 978.888
1.72 973.597
7.673 973.597
7.673 973.861
8.593 973.861
8.599 973.006
8.599 972.142
7.673 972.142
7.673 972.406
1.72 972.406
1.72 966.453
1.985 966.453
1.985 965.527
1.72 965.527
1.72 964.932
0.794 964.932
0.794 965.527
0.265 965.527
0.265 966.982
0.53 966.982
0.53 978.359
0.265 978.359
0.265 979.815
0.794 979.815
0.794 980.41
1.72 980.41
92
112.978 1001.25
113.507 1001.25
113.507 1000.98
113.242 1000.98
113.242 966.585
113.507 966.585
113.507 966.321
112.978 966.321
112.978 965.725
112.052 965.725
112.052 966.321
111.787 966.321
111.787 967.247
112.052 967.247
112.052 979.418
92.869 979.418
92.869 979.153
91.949 979.153
91.943 980.008
91.943 980.873
92.869 980.873
92.869 980.608
93.002 980.608
93.002 986.958
75.142 986.958
75.142 980.608
78.317 980.608
78.317 980.873
79.237 980.873
79.243 980.807
85.593 980.807
85.593 980.145
82.418 979.881
79.243 979.881
79.243 979.153
78.317 979.153
78.317 979.418
75.142 979.418
75.142 979.285
75.407 979.285
75.407 978.359
82.749 978.359
82.749 977.698
74.812 977.698
74.812 978.359
73.687 978.359
73.687 979.285
73.952 979.285
73.952 988.281
73.687 988.281
73.687 989.201
74.246 989.207
74.812 989.207
74.812 989.869
82.749 989.869
82.749 989.207
75.407 989.207
75.407 988.281
75.142 988.281
75.142 988.149
94.325 988.149
94.325 988.413
95.245 988.413
95.251 987.559
95.251 986.694
94.325 986.694
94.325 986.958
94.192 986.958
94.192 980.608
112.052 980.608
112.052 986.958
108.877 986.958
108.877 986.694
107.957 986.694
107.951 986.76
101.601 986.76
101.601 987.421
101.605 987.421
104.247 987.531
104.705 987.551
104.776 987.554
107.951 987.554
107.951 988.413
108.877 988.413
108.877 988.149
112.052 988.149
112.052 1000.32
111.787 1000.32
111.787 1001.25
112.052 1001.25
112.052 1001.84
112.978 1001.84
95
3.043 1023.47
111.787 1023.47
111.787 1023.74
113.507 1023.74
113.507 1022.02
113.242 1022.02
113.242 1009.45
113.507 1009.45
113.507 1009.18
112.978 1009.18
112.978 1008.59
112.052 1008.59
112.052 1009.18
111.787 1009.18
111.787 1010.11
112.052 1010.11
112.052 1022.28
87.842 1022.28
87.842 1021.75
87.313 1021.75
87.313 1022.02
78.846 1022.02
78.846 1021.75
78.317 1021.75
78.317 1022.28
75.142 1022.28
75.142 998.071
75.407 998.071
75.407 997.145
73.818 997.145
73.687 997.149
73.687 998.071
73.952 998.071
73.952 998.203
50.536 998.203
50.536 972.406
49.213 972.406
49.213 972.142
48.287 972.142
48.287 973.861
47.626 973.266
47.626 981.204
48.287 981.204
48.287 973.861
49.213 973.861
49.213 973.597
49.345 973.597
49.345 1012.36
49.081 1012.36
49.081 1013.28
50.801 1013.28
50.801 1012.36
50.536 1012.36
50.536 999.394
73.952 999.394
73.952 1022.28
50.536 1022.28
50.536 1022.15
50.801 1022.15
50.801 1021.22
58.143 1021.22
58.143 1020.56
50.205 1020.56
50.205 1021.22
49.081 1021.22
49.081 1022.15
49.345 1022.15
49.345 1022.28
31.883 1022.28
31.883 1021.75
31.354 1021.75
31.354 1022.02
19.712 1022.02
19.712 1021.75
19.183 1021.75
19.183 1022.28
1.72 1022.28
1.72 1010.9
1.985 1010.9
1.985 1009.98
1.72 1009.98
1.72 1009.38
0.794 1009.38
0.794 1009.98
0.265 1009.98
0.265 1011.43
0.53 1011.43
0.53 1022.02
0.265 1022.02
0.265 1023.74
1.985 1023.74
1.985 1023.47
2.249 1023.47
2.249 1024
3.043 1024
6
88.768 979.219
82.418 979.219
82.418 979.881
83.997 980.012
85.593 980.145
88.768 980.145
20
1.72 1002.04
1.985 1002.04
1.985 1001.11
1.72 1001.11
1.72 988.678
1.985 988.678
1.985 987.752
1.72 987.752
1.72 987.157
0.794 987.157
0.794 987.752
0.265 987.752
0.265 989.207
0.53 989.207
0.53 1000.58
0.265 1000.58
0.265 1002.04
0.794 1002.04
0.794 1002.63
1.72 1002.63
10
104.773 987.554
104.705 987.551
101.601 987.421
103.717 987.51
103.179 987.554
101.601 987.554
101.601 987.421
98.426 987.421
98.426 988.347
104.776 988.347
12
43.789 1000.85
44.054 1000.85
44.054 1001.64
43.789 1001.64
43.789 1001.91
44.054 1001.91
44.054 1009.18
48.816 1009.18
48.816 993.308
44.054 993.308
44.054 1000.58
43.789 1000.58
