0.3
0.7
31
73.573 963.852
73.688 963.742
73.751 963.536
73.875 962.943
74.011 962.785
74.336 962.647
74.984 962.501
75.377 962.525
75.799 962.691
76.235 963.05
76.509 963.136
76.838 963.098
77.106 962.979
77.262 962.763
77.311 962.479
77.207 962.158
77.045 962.003
76.632 961.865
76.036 961.893
75.53 961.976
75.108 961.976
74.612 961.869
74.142 961.949
73.624 962.129
73.146 962.23
72.855 962.455
72.796 962.603
72.803 962.776
73.097 963.265
73.371 963.744
73.498 963.857
20
79.351 964.729
79.415 964.06
79.468 963.816
79.737 963.449
80.037 963.137
80.13 962.925
80.102 962.588
79.992 962.386
79.718 962.241
79.5 962.196
79.101 962.253
78.893 962.395
78.755 962.579
78.593 963.063
78.502 963.606
78.547 963.85
78.778 964.314
79.052 964.813
79.119 964.952
79.257 964.978
15
82.267 965.622
82.435 965.482
82.618 965.095
82.659 964.545
82.59 964.057
82.446 963.744
82.194 963.589
81.807 963.523
81.376 963.589
81.189 963.707
81.102 963.855
81.076 964.167
81.187 964.517
81.828 965.474
82.114 965.63
12
61.732 964.689
61.742 964.424
61.565 964.1
61.166 963.796
61.052 963.715
60.871 963.726
60.727 963.866
60.737 964.158
60.856 964.402
61.069 964.664
61.337 964.826
61.563 964.831
27
80.873 970.175
81.038 970.112
81.325 969.643
81.553 969.161
81.828 968.695
82.036 968.488
82.439 968.365
82.726 968.323
82.837 968.263
82.912 968.017
82.838 967.719
82.84 967.404
82.915 967.197
83.322 966.752
83.61 966.355
83.385 966.309
82.842 966.597
82.362 966.944
82.038 967.238
81.599 967.737
80.951 968.657
80.726 969.176
80.63 969.472
80.618 969.748
80.647 969.95
80.78 970.175
80.87 970.394
45
65.427 990.005
65.74 989.876
66.179 989.574
66.829 989.215
67.332 988.958
67.854 988.556
68.246 988.23
68.673 987.949
69.173 987.718
69.635 987.474
70.079 987.117
70.544 986.667
70.862 986.251
71.154 985.838
72.033 984.979
72.296 984.684
72.862 984.287
73.299 983.972
73.592 983.667
73.866 983.227
73.957 982.672
73.904 982.379
73.798 982.313
73.552 982.321
73.399 982.372
72.971 982.712
72.64 983.186
72.387 983.573
71.968 983.995
71.32 984.533
70.69 985.068
70.206 985.624
69.826 986.138
69.426 986.567
68.978 986.903
68.485 987.125
68.053 987.35
67.698 987.708
67.21 988.226
66.701 988.557
65.719 988.995
65.067 989.357
64.702 989.694
64.717 989.882
64.963 990.008
51
66.163 994.996
66.334 994.935
66.63 994.527
67.145 993.889
67.72 993.25
68.159 992.697
68.638 992.076
69.022 991.653
69.62 991.15
70.209 990.737
70.804 990.258
71.192 989.91
71.775 989.42
72.393 988.992
72.896 988.733
73.332 988.418
73.655 988.013
73.781 987.596
73.794 987.041
73.804 986.4
73.878 985.898
73.911 985.524
73.87 985.325
73.724 985.221
73.495 985.211
73.344 985.259
73.05 985.683
72.915 986.017
72.898 986.466
72.964 987.052
72.906 987.257
72.561 987.747
72.348 988.01
71.91 988.343
71.422 988.627
70.971 988.927
70.577 989.271
70.131 989.721
69.136 990.534
68.743 990.877
68.381 991.251
67.549 992.375
67.102 992.97
66.405 993.78
66.16 994.069
66.024 994.456
66.032 994.702
66.099 994.745
66.137 994.984
66.107 995.037
66.133 995.065
8
65.198 994.158
65.209 993.788
65.032 993.544
64.922 993.615
64.814 993.979
64.845 994.161
64.91 994.301
65.06 994.328
320
59.502 1022.85
60.077 1022.76
60.791 1022.57
61.347 1022.45
62.081 1022.21
62.72 1022.05
63.488 1021.73
64.154 1021.42
64.605 1021.19
66.127 1020.49
66.639 1020.23
67.287 1019.91
67.82 1019.6
68.348 1019.3
69.284 1018.78
69.785 1018.47
70.447 1018.11
70.885 1017.83
71.536 1017.41
71.98 1017.14
72.553 1016.73
73.048 1016.4
73.504 1016.05
74.338 1015.38
74.778 1015
75.214 1014.54
75.583 1014.13
75.903 1013.67
76.33 1012.93
76.568 1012.42
76.772 1011.83
76.872 1011.07
76.915 1010.43
76.835 1009.85
76.688 1009.15
76.535 1008.54
76.389 1008.05
76.164 1007.44
75.922 1006.94
75.616 1006.44
75.372 1005.88
75.067 1005.3
74.703 1004.83
74.357 1004.36
73.804 1003.83
73.269 1003.28
72.879 1002.95
71.899 1002.43
71.466 1002.32
70.89 1002.3
70.507 1002.25
70.001 1002.12
69.355 1002.03
68.906 1001.87
68.469 1001.6
67.948 1001.16
67.763 1000.83
67.608 1000.27
67.575 999.652
67.644 999.098
67.811 998.441
67.978 997.981
68.39 997.115
68.648 996.589
69.394 995.444
69.693 995.021
70.055 994.551
70.373 994.152
70.725 993.719
70.964 993.421
71.378 993.045
71.779 992.581
72.118 992.208
73.148 991.342
73.597 990.976
74.129 990.649
75.319 990.026
75.809 989.818
77.644 989.4
78.365 989.298
79.277 989.194
79.947 989.085
80.467 988.987
81.128 988.857
81.672 988.723
82.149 988.526
82.756 988.339
83.252 988.118
83.801 987.699
84.293 987.348
84.691 987.006
85.109 986.547
85.555 986.012
85.899 985.513
86.262 984.883
86.501 984.443
86.788 983.863
87.07 983.223
87.283 982.752
87.588 982.038
87.744 981.555
87.944 981.073
88.119 980.578
88.293 979.936
88.8 978.138
89.094 976.856
89.186 976.155
89.332 975.468
89.411 974.845
89.546 973.634
89.598 972.995
89.602 972.495
89.629 971.44
89.626 970.851
89.605 970.236
89.384 967.871
89.199 966.957
89.1 966.394
88.84 965.312
88.706 964.802
88.486 964.12
88.295 963.58
88.113 963.11
87.794 962.355
87.311 961.448
86.986 960.925
86.443 960.222
86.043 959.802
85.526 959.383
85.007 958.97
83.962 958.365
83.482 958.118
83.008 957.922
82.252 957.636
80.351 957.043
79.641 956.901
78.914 956.718
78.407 956.64
77.29 956.42
75.843 956.251
75.047 956.202
74.484 956.134
73.896 956.092
72.793 956.137
72.134 956.176
71.41 956.237
70.816 956.318
70.096 956.447
69.581 956.559
69.069 956.711
67.802 957.094
67.198 957.293
66.26 957.708
65.043 958.285
64.583 958.529
62.89 959.503
62.194 959.978
61.758 960.296
61.224 960.695
60.797 961.048
60.336 961.517
59.809 962.088
59.428 962.602
59.04 963.308
58.8 963.758
58.598 964.217
58.36 964.873
58.087 965.477
57.838 966.014
57.654 966.481
57.419 967.125
57.148 967.654
56.688 968.478
56.309 969.107
55.913 969.702
55.561 970.25
54.849 971.162
54.432 971.591
53.918 972.037
53.443 972.441
52.508 973.052
52.08 973.315
51.434 973.699
50.868 974.009
50.29 974.336
49.648 974.638
49.028 974.952
48.225 975.344
47.702 975.59
47.022 975.93
45.305 976.735
44.665 976.991
44.081 977.244
42.951 977.663
41.39 978.27
40.847 978.473
40.325 978.646
39.844 978.79
39.105 979.075
38.502 979.29
37.386 979.599
36.595 979.787
35.974 979.904
35.322 980.064
34.718 980.17
34.189 980.218
33.184 980.357
32.467 980.428
31.718 980.467
31.077 980.48
30.563 980.531
29.965 980.625
29.415 980.652
27.844 980.574
27.255 980.599
26.732 980.609
26.015 980.517
25.374 980.455
24.842 980.398
24.16 980.246
22.38 980.179
21.817 980.165
20.852 980.167
20.338 980.24
19.291 980.494
18.62 980.618
17.971 980.73
17.368 980.948
16.787 981.181
16.204 981.548
15.712 981.784
15.14 982.08
14.585 982.385
14.026 982.71
13.573 982.926
12.341 983.552
11.632 983.918
10.648 984.389
10.187 984.631
9.597 984.926
8.916 985.229
7.344 985.917
6.863 986.144
5.711 986.66
4.761 987.027
4.207 987.296
3.54 987.554
2.695 987.84
2.144 988.019
1.528 988.198
1.163 988.352
1.039 988.511
0.916 988.915
0.885 989.643
0.868 990.268
0.619 996.58
0.538 998.656
0.071 1010.38
0.02 1011.05
0.06 1011.5
0.185 1011.67
0.472 1011.79
1.253 1011.94
2.055 1012.06
3.12 1012.2
3.773 1012.23
6.768 1012.35
7.551 1012.39
8.149 1012.41
11.295 1012.54
16.621 1012.74
17.83 1012.8
19.229 1012.93
20.052 1013.02
21.399 1013.2
22.42 1013.37
22.938 1013.46
23.544 1013.56
24.128 1013.67
25.119 1013.88
25.88 1014.03
26.476 1014.15
27.171 1014.33
28.213 1014.55
28.776 1014.66
29.415 1014.8
29.979 1014.94
30.526 1015.05
31.243 1015.21
32.345 1015.47
34.65 1016.09
35.949 1016.47
36.656 1016.67
38.458 1017.23
38.936 1017.38
39.445 1017.56
40.329 1017.85
40.833 1018.03
41.372 1018.24
42.071 1018.5
42.717 1018.76
43.505 1019.1
44.048 1019.31
44.695 1019.59
45.295 1019.86
46.634 1020.36
47.205 1020.58
47.849 1020.82
48.514 1021.04
49.004 1021.19
50.467 1021.54
51.33 1021.79
53.294 1022.25
54.006 1022.4
54.706 1022.53
55.483 1022.68
55.985 1022.75
56.74 1022.85
57.731 1022.89
58.237 1022.92
1399
72.148 1011.78
71.175 1011.26
70.711 1011.16
69.973 1011.14
69.363 1011.12
68.601 1011.05
68.083 1010.93
67.461 1010.68
66.822 1010.44
66.331 1010.17
65.473 1009.49
64.758 1008.77
64.271 1008.39
63.608 1008.04
62.845 1007.6
62.548 1007.39
62.208 1007.01
61.837 1006.67
61.314 1006.23
60.835 1005.86
60.436 1005.43
60.045 1005.11
59.574 1004.71
59.13 1004.38
58.618 1003.8
58.46 1003.56
58.36 1003.26
58.279 1002.68
58.094 1002.22
57.749 1001.69
57.462 1001.27
57.129 1000.84
56.784 1000.44
56.407 999.965
56.076 999.459
55.332 998.412
54.757 997.653
53.688 996.171
53.228 995.594
52.756 995.027
52.245 994.454
51.484 993.645
51.096 993.198
50.647 992.656
50.256 992.05
49.856 991.354
49.586 990.922
49.317 990.529
49.143 990.057
49.125 989.911
48.968 989.696
48.852 989.61
48.577 989.636
48.368 989.67
48.009 989.596
47.776 989.437
47.244 988.917
46.811 988.527
46.392 988.178
45.886 987.801
45.591 987.507
45.518 987.34
45.525 987.201
45.673 987.043
46.213 986.831
47.396 986.226
47.786 985.907
47.946 985.796
48.394 985.661
49.11 985.686
49.734 985.678
50.269 985.679
50.847 985.703
51.222 985.791
51.767 986.179
51.934 986.23
52.053 986.134
52.004 985.829
51.815 985.344
51.882 985.113
52.098 984.839
52.531 984.5
53.101 984.194
53.534 984.035
53.69 983.915
53.772 983.718
53.721 983.142
53.777 982.744
53.99 982.449
54.588 982.046
55.107 981.753
55.494 981.652
55.893 981.69
56.132 981.858
56.412 982.247
56.581 982.371
56.836 982.446
57.266 982.453
57.917 982.298
58.421 982.255
58.951 982.273
59.572 982.262
60.472 982.227
61.052 982.217
61.685 982.212
62.443 982.14
62.983 981.929
63.682 981.552
64.166 981.219
64.64 980.885
65.288 980.47
65.71 980.178
66.138 979.913
66.688 979.467
67.148 979.04
67.556 978.703
68.02 978.403
68.408 978.195
68.831 977.859
69.411 977.367
69.853 976.97
70.307 976.604
70.832 976.352
71.312 976.005
71.918 975.495
72.681 974.996
72.988 974.736
73.504 974.007
73.809 973.658
74.088 973.451
74.282 973.382
74.596 973.34
75.134 973.431
75.623 973.601
75.989 973.56
76.28 973.612
76.454 973.849
76.774 974.066
77.015 974.085
77.224 973.96
77.542 973.551
77.838 972.961
78.105 972.541
78.39 972.331
78.467 972.317
78.509 972.12
78.427 971.873
78.296 971.437
78.395 971.16
78.616 970.907
78.813 970.355
78.863 969.77
78.871 969.215
78.805 968.653
78.74 968.157
78.951 967.539
79.114 966.999
79.241 966.71
79.619 966.37
79.927 966.124
80.083 965.917
80.082 965.665
79.969 965.576
79.41 965.454
79.166 965.313
79.117 965.319
78.715 965.758
78.532 966.054
78.392 966.582
78.317 967.23
78.159 967.806
78.118 968.398
77.949 969.058
77.988 969.648
77.994 970.385
77.991 970.985
78.029 971.157
77.983 971.389
77.731 971.787
77.657 971.853
77.334 972.453
77.111 973.101
76.915 973.335
76.754 973.482
76.281 973.565
75.972 973.468
75.743 973.314
75.336 973.214
75.185 973.093
75.076 972.71
75.157 972.269
75.359 971.867
75.813 971.289
76.168 970.76
76.347 970.296
76.363 970.009
76.292 969.669
76.043 969.162
75.982 969.032
75.777 968.896
75.622 969.03
75.53 969.602
75.411 970.076
75.303 970.312
75.139 971.116
74.957 971.621
74.712 971.99
74.328 972.375
73.751 972.788
73.413 973.018
72.925 973.492
72.462 973.915
72.035 974.282
71.617 974.679
71.108 975.114
70.655 975.39
70.113 975.677
69.607 976.091
69.23 976.445
68.863 976.902
68.524 977.205
68.079 977.437
67.665 977.725
67.165 978.12
66.664 978.394
66.307 978.646
65.75 979.133
65.246 979.492
64.728 979.812
63.782 980.456
63.271 980.756
62.75 981.049
61.358 981.487
60.813 981.506
59.78 981.378
59.186 981.284
58.667 981.279
58.084 981.425
57.496 981.482
56.87 981.459
56.649 981.386
56.542 981.228
56.552 980.887
56.762 980.354
57.098 979.987
57.46 979.768
58.238 979.493
58.718 979.26
59.168 978.935
59.788 978.402
60.26 978.013
60.728 977.649
61.46 977.142
62.001 976.758
62.453 976.445
62.928 976.128
63.396 975.786
63.884 975.444
64.475 975.097
64.984 974.733
65.442 974.421
65.783 974.168
66.512 973.225
66.925 972.858
67.546 972.338
68.039 971.899
69.076 970.877
69.565 970.423
69.976 969.936
70.402 969.507
70.816 969.132
71.175 968.604
71.539 968.12
71.902 967.689
72.224 967.268
72.778 966.396
73.11 965.978
73.351 965.726
73.719 965.521
74.445 965.382
75.029 965.224
75.649 965.093
75.82 965.182
75.902 965.525
75.828 966.014
75.642 966.425
75.21 966.941
74.771 967.374
74.45 967.69
74.131 968.171
73.807 968.59
73.189 969.129
72.82 969.464
72.512 969.86
71.918 970.448
71.568 970.872
70.902 971.502
70.572 971.846
70.205 972.283
69.75 972.689
69.426 973.015
68.995 973.536
67.707 974.618
67.115 975.108
66.682 975.446
66.164 975.81
65.743 976.094
65.29 976.427
64.872 976.72
64.403 977
63.985 977.293
63.569 977.632
63.074 978.021
62.623 978.298
61.632 978.868
60.829 979.226
60.328 979.471
59.977 979.773
59.853 979.954
59.781 980.204
59.839 980.394
59.967 980.467
60.273 980.445
60.827 980.238
61.407 979.899
61.869 979.66
62.473 979.383
62.976 979.117
63.469 978.807
64.11 978.313
64.755 977.838
65.526 977.35
66.051 976.931
66.58 976.444
67.036 976.072
67.701 975.695
68.176 975.33
69.069 974.575
69.525 974.197
69.929 973.828
70.303 973.359
70.686 972.981
71.196 972.383
71.636 971.977
71.981 971.609
72.562 970.978
73.049 970.41
73.476 969.975
73.822 969.558
74.294 968.976
74.732 968.498
75.184 968.116
75.876 967.223
76.034 966.893
76.135 966.459
76.356 966.021
76.784 965.469
76.866 965.276
76.9 965.01
76.779 964.666
76.589 964.477
76.328 964.352
76.042 964.38
75.744 964.458
75.605 964.539
74.947 964.65
74.473 964.831
74.319 964.852
73.782 964.714
73.523 964.717
73.14 964.896
72.636 965.37
72.31 965.756
71.867 966.3
71.54 966.78
71.069 967.445
70.555 968.062
70.114 968.582
69.64 969.198
69.205 969.619
68.696 970.059
68.262 970.471
67.831 970.926
67.114 971.577
66.16 972.419
65.702 972.914
65.321 973.283
64.852 973.693
63.879 974.382
63.063 974.936
62.553 975.255
62.092 975.527
61.5 975.903
60.894 976.367
60.324 976.849
59.572 977.497
59.072 977.896
58.609 978.191
58.169 978.438
57.669 978.7
57.08 978.981
56.627 979.21
56.365 979.558
56.216 980.197
55.892 980.392
55.406 980.606
54.635 980.908
54.171 981.14
53.723 981.501
53.34 981.857
52.996 982.221
52.753 982.571
52.525 983.192
52.121 983.748
51.675 984.237
51.298 984.572
51.022 984.682
50.423 984.738
49.676 984.689
49.135 984.576
48.736 984.412
48.115 984.295
47.666 984.051
47.207 983.694
47.024 983.497
46.945 983.273
47.002 983.012
47.301 982.622
47.788 982.243
48.331 981.968
48.789 981.879
49.259 981.926
49.448 982.049
49.56 982.229
49.677 982.657
49.826 982.837
49.84 982.925
50.014 982.959
50.884 982.503
50.972 982.433
51.041 982.229
50.834 981.981
50.703 981.835
50.591 981.723
50.59 981.645
50.533 981.57
50.641 981.381
50.836 981.235
51.504 980.924
51.994 980.655
52.561 980.329
53.056 980.073
53.535 979.805
54.165 979.473
54.771 979.077
55.236 978.782
55.796 978.505
56.401 978.028
57.208 977.28
57.771 976.804
58.405 976.279
58.867 975.923
60.118 974.928
60.786 974.42
61.275 974.097
61.956 973.63
62.477 973.241
62.885 972.912
63.33 972.568
63.807 972.165
64.447 971.637
64.898 971.253
65.916 970.353
66.316 969.979
66.773 969.489
67.475 968.87
67.881 968.466
68.223 968.054
68.564 967.61
69.014 967.082
69.45 966.528
69.769 966.031
69.932 965.52
70.058 965.015
70.306 964.502
71.153 963.596
71.63 963.17
71.933 962.899
72.039 962.72
72.091 962.518
71.961 962.347
71.72 962.313
71.301 962.494
71.136 962.626
70.53 962.895
70.314 963.035
70.13 963.437
70.022 963.757
69.636 964.347
69.413 964.705
68.955 965.702
68.649 966.163
68.212 966.781
67.836 967.239
67.459 967.64
67.044 968.135
66.546 968.578
66.136 969.002
64.496 970.446
64.079 970.793
63.595 971.151
62.954 971.718
62.284 972.189
61.771 972.582
61.147 973.005
60.62 973.401
60.162 973.696
59.596 974.011
58.325 975.013
57.725 975.527
57.322 975.855
56.361 976.698
55.8 977.165
55.232 977.621
54.744 977.897
54.209 978.148
53.559 978.507
52.425 979.072
51.839 979.358
51.276 979.707
50.112 980.572
49.655 980.904
49.372 980.981
48.998 980.888
48.553 980.543
48.3 980.391
47.878 980.347
47.603 980.528
47.507 980.719
47.448 981.234
47.312 981.448
46.818 981.796
46.449 982.181
46.101 982.6
45.767 982.839
45.218 983.081
44.641 983.191
44.138 983.208
43.599 983.181
42.974 983.137
42.314 983.155
41.618 983.233
40.983 983.219
40.521 983.074
40.047 982.854
39.625 982.66
39.534 982.525
39.542 982.401
39.773 982.157
40.403 981.924
40.898 981.818
41.464 981.732
42.912 981.659
43.718 981.634
44.231 981.551
44.76 981.478
45.371 981.503
45.883 981.448
45.99 981.298
45.907 981.05
45.67 980.872
45.441 980.729
45.362 980.526
45.361 980.447
45.456 980.287
45.85 980.011
46.467 979.792
46.991 979.67
47.545 979.591
48.09 979.44
49.369 978.848
50.401 978.446
50.954 978.16
51.522 977.838
52.066 977.546
52.597 977.288
53.06 976.994
53.585 976.685
54.117 976.432
54.596 976.182
55.051 975.871
55.602 975.403
56.588 974.439
57.535 973.388
57.881 973.022
58.257 972.67
58.689 972.411
59.197 972.148
59.746 971.802
60.224 971.517
60.654 971.185
61.125 970.721
61.503 970.365
61.897 970.033
62.356 969.717
62.872 969.434
63.407 969.102
64.373 968.468
65.002 967.944
65.355 967.577
65.681 967.156
66.075 966.547
66.386 966.005
66.801 965.305
67.161 964.781
67.493 964.382
67.981 963.877
68.35 963.509
68.59 963.265
68.693 963.106
68.742 962.925
68.577 962.805
68.152 962.894
67.706 963.148
67.212 963.389
66.869 963.754
66.544 964.215
66.272 964.651
66.006 965.099
65.272 966.236
64.856 966.811
64.228 967.476
63.792 967.834
63.382 968.066
62.858 968.319
61.797 968.957
61.032 969.605
60.572 969.901
60.152 970.198
59.665 970.585
59.212 970.856
58.639 971.118
58.147 971.399
57.599 971.771
57.213 972.091
56.377 972.986
56.041 973.365
55.69 973.837
55.271 974.251
54.764 974.632
54.277 974.89
53.551 975.265
52.878 975.641
52.45 975.923
51.451 976.405
50.604 976.83
50.156 977.074
49.628 977.321
48.989 977.634
48.538 977.871
47.827 978.272
47.274 978.537
46.715 978.685
46.319 978.66
46.059 978.461
45.838 978.311
45.557 978.299
45.364 978.394
45.256 978.594
45.288 979.048
45.269 979.304
45.081 979.582
44.705 979.918
44.466 980.096
43.946 980.316
43.388 980.367
42.323 980.31
41.764 980.339
41.277 980.485
40.805 980.717
40.305 981.013
39.847 981.228
39.273 981.452
38.628 981.682
38.104 981.844
37.545 981.919
37.029 981.918
36.477 981.929
35.964 981.957
35.38 982.007
34.283 982.234
33.691 982.3
33.239 982.378
32.483 982.674
32.002 982.828
31.486 982.909
31.076 983.015
30.781 983.116
30.507 983.15
29.889 983.136
29.475 983.168
28.78 983.303
28.185 983.313
27.571 983.27
26.97 983.074
26.554 983.009
26.024 983
25.273 982.967
24.417 982.971
23.868 982.963
23.255 982.845
22.892 982.806
22.609 982.849
22.127 983.124
21.637 983.297
21.049 983.497
20.679 983.614
20.177 983.654
19.813 983.625
19.491 983.509
19.05 983.201
18.809 983.133
18.523 983.162
18.26 983.358
18.081 983.588
18.156 983.802
18.242 983.81
18.493 983.952
19.231 984.166
19.702 984.374
19.786 984.508
20.052 984.605
19.687 984.68
19.108 984.862
18.507 984.891
18.165 984.888
17.568 985.041
17.054 985.13
16.574 985.042
16.528 984.96
16.713 984.769
17.128 984.598
17.449 984.527
17.512 984.402
17.611 984.317
17.577 984.191
17.671 984.086
17.635 983.983
17.714 983.828
17.528 983.736
17.1 983.806
16.514 984.019
15.949 984.286
15.268 984.652
14.773 984.858
13.531 985.253
13.039 985.403
12.48 985.61
11.855 985.819
11.317 986.033
10.818 986.166
10.439 986.283
9.805 986.349
9.563 986.358
9.45 986.267
9.561 986.092
10.051 985.795
10.765 985.445
11.968 984.846
13.191 984.221
13.917 983.878
14.39 983.647
14.855 983.374
16.328 982.606
16.939 982.305
17.577 982.16
18.211 982.094
18.931 982.002
19.481 981.926
20.019 981.898
20.537 981.931
20.737 981.941
20.861 982.087
20.749 982.251
20.798 982.312
20.885 982.706
21.039 982.772
21.09 982.693
21.135 982.475
21.17 982.422
21.154 982.248
21.08 982.09
21.1 981.904
21.53 981.758
22.642 981.705
23.258 981.695
23.937 981.749
24.439 981.769
25.054 981.665
25.594 981.619
26.35 981.733
26.98 981.748
27.51 981.706
28.376 981.731
29.207 981.736
29.782 981.719
30.278 981.646
30.805 981.575
31.557 981.537
32.268 981.48
32.841 981.422
33.409 981.341
34.046 981.244
34.78 981.149
35.587 980.97
36.195 980.858
36.755 980.728
37.368 980.593
37.88 980.462
38.546 980.308
39.046 980.256
39.444 980.081
39.882 979.829
40.617 979.568
41.129 979.402
41.773 979.172
44.389 978.187
44.92 978.021
45.465 977.75
46 977.512
46.895 977.086
50.664 975.254
51.718 974.7
52.22 974.399
52.901 973.979
53.337 973.692
53.921 973.274
54.462 972.825
54.876 972.467
55.254 972.12
55.594 971.751
55.917 971.364
56.37 970.767
56.937 969.937
57.558 968.953
57.951 968.487
58.122 968.243
58.276 967.725
58.437 967.221
59.058 965.735
59.406 964.867
59.678 964.218
59.947 963.697
60.212 963.265
60.525 962.728
60.953 962.198
61.328 961.825
61.767 961.47
62.411 961.006
62.869 960.689
63.701 960.174
64.456 959.738
64.967 959.454
65.427 959.215
66.369 958.767
66.967 958.5
67.443 958.306
67.932 958.115
68.656 957.888
69.217 957.723
69.764 957.583
70.556 957.43
71.288 957.319
71.949 957.243
72.555 957.2
73.297 957.158
74.009 957.153
74.771 957.215
75.669 957.277
76.256 957.337
77.017 957.427
77.604 957.535
78.398 957.674
78.983 957.782
79.477 957.898
80.067 958.017
81.094 958.319
81.606 958.483
82.161 958.671
82.681 958.869
83.279 959.135
83.851 959.436
84.435 959.778
85.015 960.199
85.444 960.553
85.815 960.932
86.139 961.372
86.461 961.907
86.722 962.405
86.955 962.903
87.434 964.171
87.639 964.784
87.799 965.404
87.969 966.13
88.141 967.015
88.257 967.71
88.383 968.923
88.46 969.741
88.493 970.242
88.497 971.139
88.475 972.293
88.454 972.889
88.382 973.601
88.346 974.1
88.235 975.039
87.882 977.074
87.741 977.74
87.597 978.339
87.285 979.478
87.009 980.454
86.777 981.131
86.539 981.768
86.343 982.253
85.776 983.539
85.563 984.001
85.293 984.544
84.899 985.231
84.613 985.663
84.258 986.118
84.13 986.243
83.799 986.36
83.595 986.307
83.304 985.865
83.046 985.423
82.783 985.095
82.342 984.68
81.879 984.263
81.533 983.899
81.452 983.748
81.419 983.551
81.458 983.336
81.622 983.111
82.076 982.835
83.137 982.183
83.376 981.996
83.656 981.657
83.897 981.172
84.137 980.659
84.491 980.057
84.843 979.481
85.092 978.897
85.281 978.288
85.486 977.574
85.622 977.04
85.907 976.023
86.028 975.383
86.15 974.786
86.182 974.124
86.209 973.023
86.196 971.75
86.226 971.045
86.24 970.488
86.122 969.546
85.972 968.558
85.94 968.047
85.943 967.43
85.852 967.03
85.592 966.515
85.476 966.264
85.377 965.759
85.313 965.206
85.309 964.393
85.283 963.826
85.127 963.3
84.85 962.67
84.562 962.245
84.137 961.758
83.776 961.406
83.333 961.07
82.845 960.837
82.307 960.634
81.671 960.467
81.062 960.32
80.486 960.085
80.039 959.834
79.542 959.666
79.04 959.57
78.359 959.499
77.719 959.543
77.253 959.521
76.943 959.378
76.478 959.117
76.181 959.054
75.927 959.079
75.632 959.187
75.169 959.453
74.923 959.472
74.529 959.334
74.229 959.154
73.752 959.035
73.027 959.055
72.353 959.152
71.872 959.296
71.356 959.522
70.898 959.644
70.323 959.707
69.605 959.742
68.987 959.913
68.154 960.229
67.677 960.435
67.12 960.659
66.61 960.836
66.014 961.098
65.505 961.389
65.06 961.734
64.7 962.203
64.395 962.686
64.146 963.146
63.58 964.272
63.272 964.701
62.34 965.595
62.055 965.928
61.125 966.572
60.634 966.893
60.159 967.242
59.726 967.536
59.225 967.772
58.839 968.075
58.586 968.353
58.606 968.559
58.698 968.652
58.944 968.629
59.448 968.449
59.919 968.247
60.475 967.974
60.987 967.673
61.483 967.248
61.918 966.954
62.422 966.573
62.76 966.383
63.233 966.315
63.463 966.191
63.589 965.994
63.717 965.469
64.024 964.989
64.328 964.496
64.626 963.977
64.904 963.377
65.149 962.902
65.392 962.627
65.874 962.199
66.33 961.83
66.788 961.585
67.411 961.357
67.915 961.207
69.114 960.761
69.648 960.581
70.164 960.512
70.493 960.537
70.905 960.627
71.302 960.587
71.596 960.405
71.769 960.193
72.187 959.99
72.751 959.927
73.262 959.933
73.898 959.923
74.242 959.95
74.51 960.037
75.057 960.341
75.289 960.388
75.529 960.332
75.821 960.169
76.117 960.126
76.697 960.162
77.308 960.247
77.99 960.349
78.671 960.414
79.225 960.498
79.8 960.695
80.267 960.909
80.709 961.165
81.008 961.249
81.592 961.292
81.992 961.355
82.482 961.593
82.942 961.866
83.57 962.297
83.897 962.594
84.131 962.991
84.341 963.491
84.49 963.977
84.528 964.522
84.511 965.046
84.448 965.59
84.381 965.882
84.425 966.002
84.824 966.381
85.022 966.719
85.091 967.226
85.078 967.763
85.127 968.36
85.223 968.977
85.203 969.498
85.241 970.052
85.358 970.63
85.391 971.132
85.368 971.777
85.313 972.469
85.281 972.972
85.292 973.829
85.305 974.395
85.274 974.91
85.143 975.472
84.942 976.066
84.798 976.642
84.611 977.36
84.454 977.924
84.292 978.453
84.065 978.922
83.815 979.397
83.586 979.896
83.356 980.425
83.021 980.932
82.668 981.32
82.19 981.82
81.704 982.336
81.298 982.747
80.873 982.896
80.655 982.891
80.405 982.815
79.903 982.436
79.503 982.11
79.362 981.833
79.41 981.619
79.558 981.393
80.121 981.014
80.637 980.622
80.982 980.439
81.484 980.357
81.717 980.283
81.79 980.164
81.776 979.96
81.497 979.498
81.415 979.18
81.45 978.912
81.802 978.354
82.16 977.764
82.415 977.199
82.624 976.494
82.81 975.973
82.901 975.286
82.955 974.716
83.032 974.126
83.098 973.579
83.23 972.961
83.372 972.443
83.421 971.798
83.436 971.052
83.63 970.157
83.672 969.869
83.64 969.633
83.534 969.495
83.306 969.469
83.148 969.587
82.931 970.059
82.607 970.396
82.292 970.6
82.17 970.762
82.212 970.92
82.493 971.217
82.639 971.458
82.731 971.813
82.627 972.335
82.501 972.881
82.393 973.047
82.221 973.194
81.831 973.4
81.695 973.569
81.682 973.726
81.752 973.949
82.085 974.233
82.191 974.387
82.257 974.6
82.24 974.908
82.075 975.46
81.877 976.034
81.745 976.427
81.591 976.727
81.186 977.207
80.974 977.49
80.974 977.693
81.088 978.093
81.054 978.455
80.857 978.96
80.555 979.426
80.252 979.826
79.801 980.332
79.27 980.847
78.828 981.104
78.302 981.303
77.67 981.412
77.152 981.423
76.715 981.352
76.464 981.209
76.411 980.967
76.683 980.433
76.89 979.924
77.178 979.459
77.515 979.142
77.965 978.97
78.503 978.898
78.983 978.818
79.197 978.701
79.344 978.458
79.373 977.887
79.321 977.625
79.055 977.289
78.805 977.243
78.455 977.398
77.734 978.251
77.257 978.594
76.803 978.791
76.169 978.883
75.565 978.961
75.019 979.062
74.634 979.045
74.351 978.913
74.247 978.804
74.139 978.419
74.132 977.962
74.268 977.5
74.535 977.131
75.03 976.793
75.761 976.499
76.123 976.41
76.841 976.372
78.02 976.418
78.548 976.395
78.906 976.307
79.237 976.001
79.588 975.607
79.903 975.078
80.169 974.55
80.33 974.062
80.362 973.49
80.5 972.836
80.603 972.493
80.9 971.984
81.071 971.735
81.299 971.256
81.377 971.028
81.388 970.811
81.234 970.599
80.875 970.427
80.658 970.607
80.503 970.964
80.301 971.764
80.195 972.04
79.983 972.268
79.8 972.364
79.64 972.438
79.471 972.498
79.343 972.661
79.454 972.879
79.576 972.96
79.813 973.315
79.759 973.576
79.598 973.928
79.438 974.342
79.115 974.774
78.656 975.346
78.231 975.648
77.841 975.744
77.388 975.758
76.713 975.683
76.146 975.655
75.51 975.651
75.118 975.756
74.784 975.927
74.365 976.203
73.745 976.744
73.432 977.036
73.253 977.147
72.718 977.223
72.372 977.246
71.888 977.41
71.401 977.742
70.961 978.228
70.469 978.665
69.961 979.093
69.514 979.459
68.885 979.83
68.25 980.167
67.828 980.447
67.231 980.948
66.75 981.378
66.388 981.831
65.932 982.255
65.503 982.575
65.12 982.787
63.848 983.306
63.254 983.576
62.622 983.772
62.029 983.911
61.514 983.944
60.555 983.894
59.991 983.875
59.47 983.931
58.964 984.044
58.316 984.211
58.001 984.25
57.549 984.167
57.108 983.921
56.817 983.688
56.561 983.62
55.996 983.747
55.505 983.967
55.029 984.386
54.712 984.856
54.32 985.451
53.855 986.042
53.419 986.506
53.087 986.707
52.63 986.72
52.296 986.698
51.987 986.948
51.714 987.279
51.297 987.654
50.986 987.776
50.714 987.788
50.441 987.715
49.862 987.375
49.472 987.174
49.036 987.059
48.805 987.058
48.671 987.102
48.52 987.273
48.526 987.472
48.657 987.66
49.091 988.017
49.576 988.264
50.164 988.487
50.446 988.591
50.795 988.841
51.172 989.3
51.464 989.827
51.743 990.399
52.183 991.014
52.553 991.435
52.775 991.745
53.125 992.372
53.521 992.964
53.897 993.387
54.263 993.764
54.614 994.147
54.96 994.603
55.292 995.1
55.622 995.531
56.128 996.148
56.573 996.78
56.84 997.215
57.92 999.015
58.315 999.555
59.026 1000.38
59.704 1001.29
60.171 1002.05
60.529 1002.59
60.951 1003.11
61.448 1003.71
61.863 1004.23
62.209 1004.64
62.613 1004.97
63.035 1005.36
63.374 1005.77
63.809 1006.1
64.259 1006.48
64.741 1006.82
65.215 1007.18
65.558 1007.55
65.88 1007.88
66.387 1008.19
67.882 1009.04
68.371 1009.38
68.772 1009.72
69.15 1009.86
69.672 1009.88
70.2 1009.83
70.949 1009.76
71.495 1009.82
72.11 1010.02
72.595 1010.3
73.04 1010.59
73.323 1010.93
73.437 1011.3
73.433 1011.5
73.207 1011.77
72.911 1011.92
72.602 1011.94
1165
57.869 1021.86
57.128 1021.84
56.487 1021.78
55.483 1021.63
54.825 1021.52
54.188 1021.39
53.626 1021.27
51.633 1020.83
51.109 1020.68
50.826 1020.51
50.732 1020.34
50.722 1020.17
50.636 1019.99
50.571 1019.45
50.524 1019.28
50.571 1018.63
50.554 1018.46
50.458 1018.26
50.133 1018.29
49.89 1018.57
49.871 1018.89
50.082 1019.38
50.21 1019.69
50.287 1019.76
50.305 1019.91
50.273 1020.05
50.027 1020.25
49.737 1020.3
49.225 1020.22
48.727 1020.07
48.097 1019.87
47.411 1019.63
46.23 1019.21
45.715 1019
42.812 1017.77
41.59 1017.3
41.237 1017.12
40.829 1016.83
40.684 1016.75
40.564 1016.8
40.005 1016.73
38.451 1016.22
36.94 1015.75
34.912 1015.16
33.501 1014.78
31.903 1014.38
30.918 1014.15
29.806 1013.91
29.049 1013.72
27.897 1013.48
26.816 1013.24
25.74 1013.01
24.923 1012.83
24.338 1012.7
22.326 1012.33
21.149 1012.15
20.012 1012
18.677 1011.88
18.067 1011.82
17.267 1011.75
15.803 1011.72
14.663 1011.66
13.216 1011.61
10.338 1011.5
5.372 1011.3
4.508 1011.24
3.923 1011.19
3.413 1011.17
2.857 1011.13
2.304 1011.06
1.683 1011
1.306 1010.89
1.12 1010.73
1.053 1010.53
1.094 1010.29
1.244 1010.12
1.483 1010.04
1.961 1010.04
2.656 1010.15
3.165 1010.2
3.86 1010.23
4.379 1010.28
5.027 1010.31
5.992 1010.35
6.762 1010.35
7.524 1010.36
12.162 1010.55
12.802 1010.52
13.79 1010.53
16.603 1010.65
17.84 1010.69
18.356 1010.74
18.967 1010.81
20.093 1010.87
20.608 1010.9
21.295 1011.01
22.696 1011.22
23.338 1011.26
24.005 1011.31
24.522 1011.4
25.092 1011.54
25.479 1011.64
26.632 1011.7
27.1 1011.73
27.488 1011.83
28.039 1012.08
28.71 1012.29
29.356 1012.43
30.082 1012.61
30.648 1012.74
31.488 1012.77
31.989 1012.77
32.559 1012.7
33.05 1012.69
33.528 1012.76
34.033 1012.98
34.379 1013.2
34.702 1013.47
35.2 1013.74
35.653 1013.83
36.161 1013.84
36.807 1013.84
37.412 1013.89
38.051 1014.07
38.4 1014.17
38.64 1014.18
38.924 1014.07
38.981 1014
38.989 1013.77
38.932 1013.58
38.795 1013.37
38.438 1013.1
38.261 1013
37.719 1012.89
37.106 1012.85
36.242 1012.84
35.631 1012.75
35.162 1012.57
34.777 1012.4
34.401 1012.01
34.198 1011.66
34.161 1011.17
34.246 1010.59
34.308 1010.31
34.421 1010.1
34.795 1009.67
34.834 1009.63
34.794 1009.42
34.396 1009.07
34.288 1008.98
34.209 1008.88
34.096 1008.84
34.001 1009.05
33.928 1009.11
33.857 1009.27
33.495 1009.55
32.985 1009.58
31.991 1009.55
31.412 1009.58
30.835 1009.64
30.178 1009.85
29.723 1009.99
29.166 1010.08
28.159 1010.21
27.599 1010.25
27.147 1010.33
26.624 1010.45
25.896 1010.43
25.28 1010.38
24.747 1010.23
24.205 1010.12
23.671 1010.1
23.013 1010
22.476 1009.9
21.896 1009.76
21.315 1009.71
20.216 1009.63
19.477 1009.55
18.945 1009.52
18.216 1009.47
17.674 1009.38
17.135 1009.3
16.619 1009.27
14.645 1009.21
14.068 1009.18
13.293 1009.11
8.08 1008.9
7.009 1008.9
5.701 1008.84
4.497 1008.78
3.864 1008.73
3.249 1008.7
2.71 1008.76
2.079 1008.91
1.517 1009.04
1.347 1009.04
1.192 1008.94
1.123 1008.77
1.107 1008.44
1.146 1008.01
1.228 1007.77
1.419 1007.59
1.526 1007.55
1.836 1007.54
2.336 1007.61
2.854 1007.66
3.945 1007.71
4.428 1007.7
5.078 1007.6
5.593 1007.58
6.337 1007.61
6.98 1007.64
7.644 1007.66
9.506 1007.66
10.819 1007.6
12.192 1007.58
13.6 1007.64
14.058 1007.67
14.667 1007.87
15.144 1007.95
16.096 1007.99
16.829 1008.01
19.347 1008.13
20.432 1008.13
21.008 1008.19
21.651 1008.22
22.109 1008.23
23.3 1008.48
23.836 1008.73
24.337 1008.82
25.256 1008.87
26.178 1008.91
26.652 1008.83
27.107 1008.71
27.735 1008.69
28.155 1008.66
28.727 1008.52
29.27 1008.45
29.895 1008.35
30.523 1008.28
31.095 1008.24
31.582 1008.12
32.641 1007.71
33.031 1007.64
33.5 1007.69
33.705 1007.8
33.876 1007.99
34.097 1008.06
34.384 1007.65
34.606 1007.47
34.98 1007.41
35.155 1007.45
35.356 1007.58
35.515 1007.84
35.646 1008.19
35.733 1008.4
35.77 1008.77
35.672 1009.15
35.45 1009.26
35.378 1009.43
35.428 1009.54
35.866 1009.36
36.378 1009.32
36.986 1009.29
37.227 1009.38
37.464 1009.54
37.691 1010.04
38.074 1010.7
38.216 1010.85
38.761 1011.09
38.985 1011.21
39.486 1011.62
39.864 1011.98
40.134 1012.31
40.327 1012.73
40.406 1013.23
40.488 1013.67
40.651 1014.17
40.677 1014.69
40.627 1015.34
40.626 1015.79
40.729 1016.2
40.844 1016.31
41.038 1016.26
41.23 1016.01
41.392 1015.57
41.453 1014.98
41.444 1014.47
41.419 1014.01
41.499 1013.74
41.71 1013.42
41.739 1013.2
41.691 1012.99
41.39 1012.54
41.038 1012.11
40.718 1011.72
40.329 1011.24
39.976 1010.81
39.697 1010.31
39.568 1010.13
39.235 1009.97
38.691 1009.86
38.327 1009.64
38.077 1009.37
38.011 1009
38.143 1008.44
38.181 1008.37
38.182 1008.13
38.013 1007.95
37.577 1007.84
37.352 1007.89
37.019 1008.22
36.803 1008.35
36.608 1008.3
36.453 1008.2
36.248 1007.9
36.074 1007.52
35.719 1007.04
35.427 1006.82
35.127 1006.7
34.468 1006.63
34.027 1006.53
33.731 1006.31
33.437 1005.85
32.98 1004.76
32.614 1004.26
32.487 1004.04
32.432 1003.78
32.472 1003.58
32.866 1003.21
33.34 1002.83
33.579 1002.71
33.771 1002.73
33.923 1002.84
34.092 1003.12
34.213 1003.63
34.417 1004.11
34.657 1004.63
34.967 1004.97
35.515 1005.37
35.956 1005.65
36.165 1005.6
36.217 1005.37
36.058 1004.86
35.958 1004.48
35.746 1004.16
35.524 1003.96
35.139 1003.4
34.764 1002.8
34.465 1002.29
34.234 1001.78
33.887 1001.59
33.692 1001.51
33.083 1001.01
32.696 1000.69
32.373 1000.26
32.141 999.973
31.665 999.562
31.259 999.175
31.014 998.938
30.888 998.601
31.034 998.187
31.352 997.689
31.556 997.288
31.819 997.041
32.049 996.918
32.234 996.875
32.494 996.893
33.016 997.013
33.504 997.149
34.099 997.434
34.718 997.657
35.177 997.876
35.902 998.284
36.532 998.736
36.997 999.099
38.039 999.831
38.41 1000.07
38.697 1000.12
38.793 1000.04
39.195 1000
39.461 1000.18
39.63 1000.33
39.761 1000.75
39.725 1000.92
39.755 1001.03
39.673 1001.22
39.691 1001.35
39.511 1001.4
39.382 1001.49
38.9 1001.67
38.424 1002.03
38.17 1002.35
37.975 1002.66
37.895 1002.61
37.612 1002.56
37.408 1002.39
37.076 1001.86
36.731 1001.36
36.622 1000.82
36.416 1000.41
36.02 1000.02
35.516 999.686
34.805 999.257
34.047 998.555
33.649 998.222
33.245 998.064
32.963 998.027
32.73 998.087
32.611 998.261
32.554 998.551
32.674 999.116
32.838 999.354
32.896 999.395
33.415 999.437
33.857 999.509
34.374 999.762
34.714 1000.04
34.934 1000.37
35.151 1000.95
35.292 1001.09
35.679 1001.33
36.086 1001.77
36.328 1002.21
36.739 1002.76
37.012 1003.27
37.298 1003.72
37.575 1004.21
37.721 1004.52
37.74 1004.7
37.607 1004.99
36.781 1005.62
36.755 1005.67
36.976 1005.88
37.251 1005.9
37.754 1005.7
37.934 1005.62
38.136 1005.68
38.385 1005.89
38.728 1006.48
38.97 1006.86
39.214 1007.45
39.378 1007.7
39.709 1007.96
40.165 1008.18
40.463 1008.4
40.863 1008.83
41.227 1009.3
41.878 1010.17
42.21 1010.6
43.06 1011.65
43.423 1012.07
43.75 1012.46
44.016 1012.79
44.253 1012.92
44.642 1012.89
45.085 1012.98
45.254 1013.32
45.379 1013.57
45.707 1013.83
46.271 1014.1
46.771 1014.2
47.697 1014.2
48.291 1014.23
49.049 1014.22
49.54 1014.36
50.018 1014.65
50.548 1014.92
51.037 1015.07
51.564 1015.19
52.159 1015.32
52.649 1015.43
53.243 1015.54
53.773 1015.54
54.07 1015.41
54.45 1015.07
54.584 1014.72
54.52 1014.57
54.315 1014.51
53.778 1014.6
53.481 1014.63
53.15 1014.6
52.591 1014.46
51.918 1014.32
51.284 1014.15
50.759 1013.97
50.265 1013.67
49.839 1013.36
49.256 1012.65
48.852 1012.24
48.611 1011.88
48.458 1011.29
48.317 1010.94
47.957 1010.65
47.333 1010.37
46.922 1010.09
46.516 1009.66
46.153 1009.26
45.66 1008.79
45.323 1008.51
44.964 1008.06
44.541 1007.56
44.07 1006.97
43.632 1006.48
43.265 1006.2
42.92 1005.8
42.526 1005.38
41.793 1004.58
41.396 1004.11
41.165 1003.71
40.962 1003.54
40.756 1003.43
40.332 1003.06
39.859 1002.62
39.73 1002.49
39.646 1002.11
39.67 1001.93
39.753 1001.8
39.727 1001.71
39.893 1001.52
40.392 1001.34
40.764 1001.22
41.076 1001.29
41.39 1001.61
41.551 1001.85
41.97 1002.3
42.041 1002.37
42.193 1002.82
42.384 1002.99
42.775 1003.09
43.133 1003.38
43.464 1003.76
43.828 1004.13
44.23 1004.51
44.691 1004.95
45.66 1005.97
46.123 1006.41
46.522 1006.8
46.874 1007.19
47.267 1007.64
47.71 1008.18
48.082 1008.61
48.642 1009.08
49.073 1009.53
49.37 1009.77
50.017 1010.18
50.655 1010.7
51.077 1011.07
51.402 1011.38
51.925 1011.7
52.361 1011.99
52.986 1012.31
53.681 1012.59
54.276 1012.84
54.755 1013.09
55.112 1013.25
55.625 1013.38
56.257 1013.61
56.785 1013.71
57.069 1013.71
57.586 1013.59
58.305 1013.51
58.96 1013.5
59.276 1013.58
59.753 1013.99
60.094 1014.07
60.695 1014.09
61.089 1014.16
61.496 1014.29
62.36 1014.36
64.139 1014.42
64.697 1014.41
65.416 1014.31
65.996 1014.29
66.715 1014.31
67.296 1014.35
67.942 1014.44
68.363 1014.53
68.536 1014.61
68.657 1014.77
68.664 1014.96
68.485 1015.22
67.951 1015.54
67.466 1015.79
66.653 1016.01
66 1016.22
65.587 1016.28
65.011 1016.24
64.455 1016.18
63.645 1016.17
63.015 1016.15
62.476 1016.12
61.942 1016.09
61.298 1016.07
60.83 1015.99
60.47 1015.79
60.206 1015.63
59.912 1015.66
59.499 1015.87
58.986 1015.97
58.36 1015.96
57.347 1015.92
56.712 1015.92
56.162 1016.03
55.522 1016.2
54.982 1016.39
54.703 1016.56
54.087 1016.78
53.602 1017.01
53.105 1017.14
52.576 1017.27
51.947 1017.3
51.402 1017.23
50.668 1017.15
50.129 1016.96
49.499 1016.7
49.023 1016.49
48.496 1016.37
47.842 1016.29
47.216 1016.18
46.611 1016.13
46.177 1016.05
45.615 1015.82
45.075 1015.7
44.624 1015.56
44.276 1015.24
44.212 1014.97
44.261 1014.73
44.371 1014.52
44.429 1014.31
44.398 1014.08
44.157 1013.75
44.104 1013.71
43.898 1013.75
43.72 1013.87
43.667 1014.07
43.481 1014.26
43.196 1014.2
42.976 1014.11
42.791 1014.09
42.608 1014.15
42.47 1014.38
42.48 1014.55
42.593 1014.69
43.206 1015.02
43.254 1015.05
43.568 1015.65
43.794 1015.95
44.227 1016.27
44.615 1016.49
44.805 1016.56
45.797 1016.74
46.443 1016.89
46.965 1017.05
47.303 1017.17
47.827 1017.23
48.352 1017.25
48.856 1017.28
49.354 1017.41
49.92 1017.66
50.265 1017.87
50.364 1017.98
50.647 1018.02
51.246 1017.94
51.799 1017.93
52.317 1017.94
52.855 1017.99
53.262 1018.05
53.418 1017.91
53.511 1017.7
53.645 1017.6
53.747 1017.44
54.119 1017.29
54.87 1017.21
55.323 1017.05
55.822 1016.99
56.315 1016.91
57.394 1016.91
57.969 1016.82
58.494 1016.75
59.125 1016.76
59.701 1016.8
61.207 1016.83
63.26 1016.92
63.976 1016.92
64.513 1016.97
64.689 1017.04
64.801 1017.2
64.804 1017.31
64.728 1017.47
64.427 1017.73
63.929 1017.99
63.314 1018.26
63.033 1018.35
62.498 1018.45
62.009 1018.6
61.27 1018.78
60.85 1018.82
60.386 1018.61
60.135 1018.52
59.834 1018.58
59.696 1018.65
59.341 1019.01
58.996 1019.16
58.489 1019.23
57.811 1019.32
57.449 1019.28
57.011 1018.98
56.732 1018.9
56.424 1018.96
55.941 1019.11
55.437 1019.11
54.643 1018.98
54.15 1018.83
53.653 1018.51
53.445 1018.46
53.296 1018.83
53.336 1019.21
53.378 1019.31
53.583 1019.48
54.962 1019.76
55.536 1019.84
56.138 1019.9
56.738 1019.94
57.336 1020
58.055 1020.02
58.574 1019.97
59.23 1019.84
59.918 1019.79
60.415 1019.67
61.046 1019.55
61.643 1019.47
62.371 1019.34
62.611 1019.29
63.147 1019.07
63.663 1018.79
64.116 1018.52
64.587 1018.21
65.022 1017.88
65.455 1017.53
65.819 1017.32
66.417 1017.13
67.063 1016.98
67.543 1016.74
68.25 1016.19
68.673 1015.88
69.074 1015.55
69.543 1015.26
70.108 1015.09
70.606 1014.96
71.144 1014.72
71.592 1014.39
72.071 1014
72.459 1013.64
72.868 1013.24
73.38 1012.83
73.995 1012.46
74.328 1012.18
74.571 1011.83
74.669 1011.34
74.604 1010.95
74.389 1010.43
74.285 1010.02
74.24 1009.61
74.169 1009.37
73.989 1009.22
73.662 1009.2
73.275 1009.25
73.027 1009.2
72.824 1009.06
72.533 1008.57
72.396 1008.18
72.377 1007.68
72.364 1007.18
72.204 1006.77
71.877 1006.44
71.591 1006.28
70.977 1006.17
70.432 1006.04
69.94 1005.72
69.051 1005.05
68.681 1004.7
68.273 1004.4
67.581 1003.99
67.28 1003.79
66.923 1003.31
66.766 1003.17
66.225 1002.95
65.853 1002.65
65.542 1002.25
65.042 1001.69
64.674 1001.26
64.263 1000.67
63.902 1000.22
63.765 999.909
63.768 999.658
63.846 999.44
64.16 998.948
64.392 998.451
64.5 997.749
64.559 997.306
64.709 996.95
64.973 996.668
65.456 996.282
65.853 995.914
66.04 995.53
65.945 995.297
65.491 995.523
65.225 995.851
64.733 996.186
64.221 996.483
63.809 996.557
63.593 996.479
63.314 996.197
63.136 995.851
62.897 995.047
62.695 994.58
62.362 993.888
62.084 993.421
61.727 992.939
61.441 992.457
61.068 992.003
60.663 991.583
60.293 991.172
59.96 990.731
59.547 990.147
59.105 989.595
58.741 989.23
58.54 989.117
58.319 989.106
58.134 989.218
58.049 989.414
58.091 989.623
58.242 989.924
58.457 990.185
58.974 990.598
59.346 990.936
59.794 991.628
60.503 992.491
60.723 992.792
61.179 993.262
61.461 993.59
61.726 994.045
61.9 994.527
62.033 995.111
62.22 995.588
62.602 996.137
63.013 996.555
63.292 996.802
63.513 997.142
63.676 997.617
63.694 998.066
63.562 998.537
63.327 999.018
63.128 999.255
62.906 999.396
62.639 999.412
62.441 999.354
62.046 998.946
61.718 998.552
61.517 998.171
61.289 997.521
61.054 997.048
60.264 995.537
59.97 995.114
59.656 994.548
59.314 994.045
58.956 993.635
58.624 993.235
58.2 992.617
57.778 992.1
57.435 991.698
57.064 991.141
56.686 990.645
56.248 990.186
55.841 989.657
55.505 989.049
55.26 988.517
55.164 988.324
54.951 988.11
54.546 987.825
54.268 987.563
54.071 987.267
54.016 986.996
54.028 986.835
54.208 986.621
54.478 986.507
54.902 986.397
55.104 986.256
55.211 986.05
55.281 985.363
55.382 985.086
55.665 984.861
56.06 984.751
56.459 984.769
56.967 984.92
57.489 985.01
58.296 985.029
58.906 984.969
59.458 984.923
60.17 984.897
60.974 984.841
61.489 984.788
61.992 984.752
62.628 984.712
63.093 984.591
63.686 984.333
64.45 984.042
64.957 983.807
65.649 983.405
66.732 982.833
67.143 982.524
67.371 982.248
67.6 981.736
67.794 981.401
67.88 981.285
68.348 981.026
68.877 980.837
69.355 980.637
69.801 980.335
70.404 979.82
71.528 978.884
72.424 977.984
72.792 977.785
72.981 977.733
73.265 977.768
73.446 977.871
73.586 978.133
73.669 978.627
73.636 979.06
73.427 979.462
73.077 979.905
72.661 980.402
72.253 980.879
71.901 981.121
70.727 981.542
70.132 981.997
69.581 982.48
68.379 983.492
68.018 983.847
67.632 984.353
67.223 984.757
66.812 985.119
66.408 985.439
65.876 985.682
65.328 985.852
64.78 985.985
64.282 986.073
63.609 986.327
63.049 986.518
62.39 986.734
61.928 986.867
61.425 986.897
60.659 986.861
60.07 986.841
59.453 986.831
58.915 986.759
58.43 986.59
57.935 986.494
57.693 986.543
57.238 986.872
56.89 986.983
56.388 987.06
56.117 987.17
55.993 987.354
55.99 987.489
56.137 987.648
56.371 987.823
56.889 987.996
57.384 988.108
57.55 987.933
57.572 987.65
57.787 987.442
58.303 987.387
58.952 987.424
59.579 987.567
60.179 987.617
60.72 987.627
61.509 987.657
62.048 987.636
62.872 987.447
64.37 986.948
65.469 986.624
65.958 986.469
66.475 986.273
66.962 986.079
67.491 985.828
67.694 985.666
68.018 985.19
68.304 984.71
68.715 984.306
69.133 983.965
69.852 983.364
70.426 982.873
71.014 982.355
71.423 982.069
72.015 981.89
72.526 981.751
72.881 981.597
73.239 981.195
73.653 980.549
73.955 980.149
74.181 979.938
74.594 979.723
75.584 979.535
75.922 979.554
76.054 979.67
76.148 979.901
76.134 980.404
76.097 980.749
76.124 981.042
76.051 981.357
75.871 981.901
75.687 982.604
75.52 983.081
75.345 983.55
75.075 984.019
74.695 984.566
74.608 984.791
74.696 985.086
74.876 985.286
75.119 985.337
75.365 985.291
75.693 984.875
76.058 984.267
76.181 983.846
76.294 983.322
76.511 982.846
76.756 982.336
77.061 982.063
77.391 981.978
77.658 982.051
78.158 982.254
78.786 982.428
79.341 982.637
79.783 982.893
79.953 983.095
79.92 983.367
79.792 983.567
79.437 983.888
78.909 984.169
78.305 984.417
77.977 984.646
77.366 985.172
76.875 985.547
76.346 985.861
75.834 986.196
75.32 986.54
74.97 986.961
74.822 987.356
74.875 987.575
75.077 987.644
75.442 987.602
75.854 987.317
76.262 986.981
76.708 986.628
77.242 986.184
77.771 985.872
78.461 985.507
79.012 985.122
79.569 984.645
79.994 984.274
80.364 983.989
80.571 983.92
80.812 983.941
81.047 984.106
81.32 984.497
81.579 984.971
81.858 985.39
82.217 985.794
82.703 986.131
83.06 986.393
83.317 986.509
83.374 986.699
83.324 986.849
83.023 987.152
82.632 987.356
81.909 987.611
81.313 987.812
80.527 987.983
79.802 988.117
79.234 988.209
78.059 988.351
77.414 988.456
76.864 988.572
76.137 988.744
75.602 988.893
75.059 989.104
74.427 989.433
73.966 989.682
73.46 989.999
72.759 990.572
71.323 991.78
70.948 992.12
70.562 992.582
70.066 993.066
69.708 993.459
69.108 994.188
68.669 994.73
68.16 995.447
67.854 995.913
67.479 996.549
67.21 997.072
66.976 997.579
66.766 998.137
66.592 998.862
66.498 999.389
66.51 1000.05
66.631 1000.56
66.82 1001.04
67.12 1001.55
67.605 1002.03
68.111 1002.45
68.601 1002.76
69.134 1003
69.609 1003.16
70.259 1003.36
70.9 1003.45
71.25 1003.49
71.815 1003.68
72.27 1003.89
72.78 1004.15
73.218 1004.45
73.557 1004.83
74.016 1005.42
74.29 1005.86
74.541 1006.35
74.76 1006.8
75.036 1007.34
75.268 1007.86
75.464 1008.38
75.615 1008.86
75.801 1009.62
75.893 1010.24
75.886 1010.93
75.826 1011.45
75.681 1012.02
75.467 1012.51
75.184 1013
74.87 1013.5
74.524 1013.95
73.948 1014.51
73.543 1014.87
73.152 1015.18
72.354 1015.76
71.788 1016.15
71.169 1016.55
70.193 1017.16
69.3 1017.68
68.834 1017.96
67.14 1018.91
66.513 1019.24
65.978 1019.51
65.487 1019.75
64.876 1020.03
64.285 1020.31
63.627 1020.62
63.009 1020.89
62.413 1021.1
61.915 1021.25
61.256 1021.44
60.463 1021.63
59.919 1021.75
59.333 1021.82
58.601 1021.87
66
24.166 986.644
24 986.652
23.863 986.592
24.024 986.048
24.102 985.587
24.234 985.37
24.484 985.262
25.158 985.236
25.933 985.142
26.439 985.033
26.822 984.881
27.347 984.825
27.884 984.831
28.467 984.82
28.957 984.699
29.366 984.622
29.941 984.633
30.36 984.583
30.913 984.445
31.467 984.416
31.867 984.353
32.136 984.243
32.574 983.958
33.041 983.705
33.58 983.512
34.087 983.387
34.618 983.283
35.165 983.264
35.677 983.277
36.36 983.205
37.197 983.177
37.711 983.182
38.514 983.204
39.074 983.287
39.356 983.417
39.825 983.822
39.996 984.045
40.07 984.26
40.013 984.563
39.74 984.984
39.409 985.223
39.139 985.313
38.72 985.303
38.227 985.139
37.776 984.898
37.225 984.703
35.666 984.568
35.084 984.546
34.428 984.544
33.931 984.603
33.332 984.775
32.807 984.931
32.501 985.118
32.175 985.578
31.896 985.85
31.24 986.238
30.843 986.386
30.211 986.42
29.506 986.385
27.809 986.313
27.11 986.31
26.475 986.318
25.944 986.444
25.371 986.6
24.67 986.666
24.223 986.676
26
20.677 984.6
20.787 984.431
21.47 984.344
21.74 984.208
22.219 983.827
22.425 983.71
22.748 983.66
23.351 983.704
23.871 983.786
24.854 983.73
25.555 983.749
26.229 983.816
26.527 983.944
26.504 984.082
25.848 984.339
25.475 984.41
24.948 984.416
24.382 984.44
24.162 984.519
23.176 984.522
22.613 984.537
22.36 984.54
22.102 984.606
21.742 984.592
21.65 984.562
21.191 984.608
34
44.139 986.108
43.632 986.01
43.129 985.947
42.535 985.898
41.729 985.875
41.398 985.833
41.001 985.664
40.621 985.404
40.495 985.173
40.493 984.934
40.554 984.708
40.799 984.439
41.15 984.311
41.66 984.27
42.274 984.339
42.829 984.396
43.409 984.431
43.951 984.455
44.449 984.399
45.083 984.117
45.677 984
46.21 984.015
46.546 984.106
46.893 984.338
47.127 984.547
47.229 984.761
47.235 985.01
47.147 985.235
46.83 985.604
46.658 985.764
46.249 985.967
45.748 986.056
45.178 986.131
44.663 986.17
18
21.915 986.925
21.732 986.787
21.714 986.618
21.757 986.533
21.679 986.154
21.546 985.827
21.542 985.619
21.666 985.465
22.002 985.329
22.515 985.294
22.882 985.386
23.04 985.612
23.044 985.869
23.112 986.18
23.355 986.49
23.406 986.694
23.052 986.852
22.342 986.96
80
2.231 989.884
2.081 989.827
1.969 989.648
1.996 989.433
2.133 989.233
2.712 989.01
3.322 988.805
4.304 988.447
5.451 987.992
6.073 987.684
6.636 987.485
7.187 987.323
7.852 987.142
8.379 987.011
8.654 987.005
9.155 987.091
9.667 987.165
10.333 987.183
11.031 987.118
11.693 987.005
12.191 986.939
12.947 986.912
13.742 986.715
14.446 986.505
14.837 986.382
16.061 986.223
16.704 986.133
17.227 986.025
17.802 985.961
18.439 986.058
18.647 986.082
19.102 985.807
19.63 985.674
20.316 985.574
20.656 985.573
20.931 985.661
20.988 985.85
20.849 986.28
20.854 986.826
20.835 986.964
20.688 987.111
20.344 987.17
19.683 987.192
19.463 987.134
19.262 986.918
19.218 986.716
18.933 986.367
18.738 986.285
18.657 986.167
18.558 986.318
18.438 986.372
18.255 986.935
18.212 987.166
18.09 987.331
17.774 987.412
17.187 987.368
16.329 987.434
15.672 987.495
15.17 987.617
14.568 987.689
13.81 987.815
13.269 987.88
12.561 987.953
12.008 987.942
11.282 987.956
10.693 988.063
10.179 988.129
9.062 988.115
8.493 988.122
7.974 988.221
7.384 988.275
6.904 988.335
6.416 988.463
5.924 988.567
5.306 988.798
4.354 989.189
3.773 989.399
3.315 989.631
3.024 989.806
2.537 989.919
344
63.471 1010.89
62.975 1010.78
62.018 1010.42
61.54 1010.19
60.949 1009.84
60.484 1009.55
60.145 1009.19
59.81 1008.8
59.357 1008.46
58.83 1008.08
58.282 1007.74
57.812 1007.29
57.284 1006.89
56.937 1006.46
56.642 1006.22
56.201 1005.95
55.758 1005.62
55.373 1005.16
55.132 1004.98
54.562 1004.77
54.304 1004.63
53.904 1004.29
53.478 1004.01
52.691 1003.47
52.096 1002.99
51.61 1002.61
51.228 1002.28
50.093 1001.03
49.713 1000.65
49.208 1000.19
48.212 999.253
47.789 998.782
47.404 998.361
47.034 998.002
46.63 997.692
45.758 996.944
45.426 996.505
45.249 996.387
44.641 996.296
44.08 996.091
43.507 995.908
43.019 995.65
42.519 995.258
41.89 994.816
40.783 994.221
40.196 993.891
39.536 993.531
38.958 993.157
38.533 992.851
38.044 992.507
37.286 992.016
36.791 991.718
36.195 991.415
35.639 991.168
35.068 990.958
34.465 990.727
33.856 990.421
33.288 990.261
32.24 989.904
31.637 989.534
31.24 989.304
30.847 989.217
30.304 989.183
29.755 989.155
26.208 989.011
25.683 989.003
24.899 989.011
24.345 988.987
24.122 988.928
23.714 988.636
23.562 988.606
23.419 988.63
22.997 989.001
22.821 989.091
22.256 989.129
21.664 989.133
21.165 989.19
20.668 989.253
19.877 989.303
19.072 989.347
18.304 989.339
17.547 989.29
17.042 989.239
16.706 989.225
16.577 989.165
16.395 989.221
16.311 989.065
16.396 988.933
16.379 988.859
16.812 988.524
17.611 988.43
18.289 988.43
18.769 988.395
19.3 988.268
19.827 988.197
20.321 988.118
20.851 988.063
21.38 988.064
21.916 988.023
22.51 987.877
23.129 987.773
23.653 987.699
24.266 987.675
25.856 987.749
26.349 987.706
26.853 987.584
27.438 987.554
28.114 987.577
29.784 987.66
30.386 987.629
31.023 987.492
31.569 987.559
32.09 987.823
33.065 988.253
33.673 988.474
34.235 988.626
35.076 988.732
35.621 988.87
36.165 989.124
36.693 989.443
37.6 990.206
38.041 990.544
38.44 990.902
38.991 991.239
39.466 991.493
40.018 991.815
40.49 992.1
41.128 992.506
41.823 992.923
42.413 993.26
42.953 993.592
44.083 994.449
44.586 994.845
44.822 994.948
45.095 994.95
45.315 994.827
45.549 994.435
45.273 994.088
44.346 993.386
43.859 993.024
43.348 992.669
42.778 992.305
42.283 992.014
41.743 991.661
41.241 991.346
40.645 990.981
40.189 990.728
39.618 990.42
39.141 990.17
38.542 989.909
38.112 989.618
37.666 989.255
37.286 989.02
37.037 988.714
37.047 988.515
37.097 988.425
37.453 988.369
38.421 988.466
39.088 988.546
39.634 988.701
40.12 988.91
40.746 989.248
41.425 989.629
42.008 989.947
42.67 990.33
43.761 990.934
44.211 991.213
44.648 991.505
45.033 991.839
45.487 992.319
45.896 992.676
46.457 993.117
46.826 993.461
47.145 993.711
47.329 993.984
47.331 994.075
46.954 994.395
46.566 994.545
46.487 994.666
46.545 994.746
46.477 994.925
46.573 995.249
46.933 995.315
47.306 995.381
47.618 995.586
48.471 996.496
48.78 996.856
49.158 997.196
49.706 997.771
50.069 998.198
50.469 998.711
50.835 999.147
51.305 999.686
51.903 1000.36
52.802 1001.38
53.35 1001.98
53.729 1002.35
54.13 1002.7
54.526 1003.05
54.986 1003.33
55.382 1003.49
55.807 1003.51
56.027 1003.46
56.114 1003.48
56.22 1003.3
55.978 1003.05
55.576 1002.82
55.089 1002.4
54.443 1001.77
53.912 1001.24
53.45 1000.74
53.138 1000.34
52.801 999.932
52.424 999.51
52.065 999.013
51.663 998.488
50.743 997.427
50.224 996.819
49.86 996.431
49.392 995.975
49.038 995.578
48.664 995.131
48.306 994.737
48.121 994.531
47.888 994.065
47.769 993.487
47.605 993.042
47.367 992.711
46.93 992.294
46.494 991.868
46.106 991.438
45.506 990.898
45.053 990.57
43.972 989.82
43.461 989.505
42.428 988.927
41.843 988.589
41.383 988.353
40.718 988.049
40.138 987.824
39.586 987.558
39.255 987.395
39.161 987.313
38.902 987.372
38.612 987.583
38.157 987.711
37.469 987.749
37.184 987.792
36.982 987.864
36.359 987.898
35.673 987.754
35.122 987.506
34.638 987.357
34.105 987.29
33.149 987.232
32.585 987.102
32.195 986.934
32.114 986.749
32.182 986.593
32.402 986.39
32.9 986.088
33.273 985.878
33.808 985.755
34.553 985.686
35.264 985.713
35.996 985.825
36.699 985.923
37.244 986.093
37.878 986.267
38.389 986.461
38.638 986.576
38.685 986.641
38.944 986.716
39.119 986.337
39.336 986.182
39.573 986.122
39.879 986.138
40.418 986.299
40.918 986.534
41.339 986.839
41.753 987.074
42.274 987.182
42.808 987.223
43.317 987.233
43.859 987.18
44.279 987.248
44.696 987.422
44.999 987.731
45.253 988.175
45.677 988.873
46.061 989.338
46.406 989.669
46.822 989.923
47.309 990.132
47.666 990.311
48.087 990.697
48.582 991.25
49 991.826
49.291 992.35
49.52 992.804
49.801 993.242
50.196 993.754
50.625 994.286
51.079 994.781
51.638 995.368
52.002 995.764
52.339 996.14
52.814 996.705
53.234 997.278
53.524 997.71
53.895 998.161
54.2 998.606
55.306 1000.09
55.646 1000.52
56.294 1001.25
56.649 1001.69
56.999 1002.26
57.201 1002.71
57.221 1003.07
57.107 1003.61
57.119 1003.81
57.512 1004.17
57.741 1004.41
58.035 1004.83
58.561 1005.25
58.965 1005.69
59.448 1006.05
59.84 1006.47
60.187 1006.75
60.569 1007.06
60.895 1007.44
61.325 1007.75
61.67 1008.12
61.965 1008.41
62.821 1008.84
63.298 1009.1
64.006 1009.46
64.523 1009.71
64.801 1009.88
65.171 1010.3
65.33 1010.61
65.33 1010.78
65.165 1010.9
64.744 1010.95
110
70.331 1008.8
69.847 1008.66
69.474 1008.5
68.848 1008.11
67.255 1007.17
66.805 1006.83
66.234 1006.57
65.685 1006.2
65.332 1005.82
64.921 1005.52
64.467 1005.08
64.002 1004.75
63.536 1004.39
63.137 1004.01
61.531 1002.04
61.123 1001.58
60.979 1001.32
60.977 1000.92
61.104 1000.57
61.348 1000.1
61.247 999.875
60.774 1000.16
60.399 1000.4
60.183 1000.39
60.014 1000.31
59.54 999.727
59.231 999.295
58.841 998.665
58.349 997.821
58.022 997.234
57.725 996.731
57.401 996.248
57.002 995.704
56.574 995.101
56.121 994.494
55.728 994.058
55.348 993.584
54.981 993.028
54.641 992.605
54.235 992.186
53.884 991.803
53.577 991.384
53.269 990.818
52.982 990.325
52.638 989.899
51.8 989.001
51.605 988.668
51.614 988.363
51.699 988.137
52.071 987.75
52.501 987.433
52.682 987.352
52.942 987.349
53.211 987.448
53.499 987.692
53.998 988.241
54.313 988.656
54.555 989.164
54.83 989.763
55.22 990.355
55.552 990.729
55.943 991.15
56.264 991.556
56.576 992.061
56.93 992.498
57.343 992.939
57.666 993.432
57.96 993.868
58.313 994.247
58.651 994.654
58.942 995.132
59.269 995.64
59.559 996.109
59.866 996.726
60.102 997.168
60.384 997.76
60.674 998.357
61.037 998.874
61.274 999.372
61.284 999.506
61.34 999.609
61.28 999.813
61.399 999.994
61.512 999.855
62.015 999.759
62.44 999.923
62.701 1000.2
62.959 1000.63
63.201 1001.1
63.496 1001.51
63.865 1001.95
64.63 1002.89
64.915 1003.21
65.365 1003.54
66.251 1004.53
66.807 1004.89
67.292 1005.17
67.844 1005.52
68.731 1006.29
69.383 1006.72
69.835 1006.99
70.533 1007.17
70.923 1007.32
71.318 1007.62
71.434 1007.77
71.535 1008.02
71.58 1008.34
71.466 1008.63
71.244 1008.78
70.866 1008.84
52
5.956 990.973
5.384 990.954
4.728 990.943
4.327 990.872
4.19 990.762
4.191 990.637
4.295 990.536
4.57 990.412
5.245 990.248
5.825 990.219
6.238 990.218
6.81 990.066
7.347 990.022
7.959 989.986
8.516 989.845
9.057 989.839
9.494 989.838
10.06 989.715
10.688 989.657
11.239 989.663
11.805 989.602
12.331 989.533
12.992 989.47
13.645 989.423
14.216 989.393
14.723 989.323
15.408 989.264
16.105 989.258
16.189 989.292
16.371 989.283
16.39 989.437
16.534 989.53
16.595 989.715
16.749 989.839
16.847 990.182
16.702 990.461
16.464 990.522
15.887 990.474
15.364 990.527
14.691 990.644
14.14 990.664
13.338 990.817
12.643 990.858
12.07 990.84
11.519 990.848
10.97 990.907
10.232 990.903
9.723 990.873
9.112 990.867
8.592 990.928
8.083 991.014
7.565 991.047
489
69.29 1013.88
68.726 1013.83
68.145 1013.77
67.795 1013.68
67.219 1013.39
66.85 1013.23
66.268 1013.18
65.646 1013.23
65.132 1013.39
64.833 1013.38
64.67 1013.32
64.277 1012.94
64.132 1012.91
63.809 1013.29
63.574 1013.44
63.244 1013.47
62.683 1013.44
61.483 1013.32
61.132 1013.25
60.688 1013.01
60.471 1012.83
60.098 1012.74
59.596 1012.71
59.246 1012.63
58.856 1012.41
58.451 1012.04
58.154 1011.87
57.933 1012.01
57.79 1012.65
57.786 1012.74
57.595 1012.94
57.338 1012.99
56.65 1012.78
56.019 1012.61
55.443 1012.33
55.019 1012.05
54.41 1011.79
53.17 1011.29
52.625 1011.02
52.191 1010.72
51.769 1010.41
51.498 1010.15
51.211 1009.81
50.901 1009.58
50.226 1009.12
49.671 1008.67
49.223 1008.24
48.662 1007.84
48.282 1007.4
47.926 1006.95
47.496 1006.47
47.142 1006.08
46.527 1005.49
46.027 1005
45.624 1004.59
44.841 1003.81
44.434 1003.49
43.885 1002.98
43.404 1002.48
43.025 1002.14
42.831 1002.01
42.565 1001.84
41.951 1001.23
41.614 1000.86
41.502 1000.61
41.458 1000.38
41.284 1000.21
41.049 1000.2
40.519 1000.31
40.194 1000.29
39.923 1000.22
39.404 999.863
39.29 999.858
39.284 999.785
38.84 999.427
38.441 999.029
38.102 998.463
37.92 998.331
37.313 998.227
36.867 998.041
36.349 997.746
35.751 997.413
35.486 997.197
35.365 997.035
35.199 996.487
34.993 996.347
34.813 996.347
34.243 996.62
33.853 996.645
33.549 996.585
33.186 996.431
32.75 996.293
32.464 995.976
32.287 995.566
32.104 995.485
31.905 995.538
31.533 995.796
31.248 996.088
31.144 996.489
31.101 996.783
31.009 997.028
30.842 997.229
30.535 997.276
30.245 997.242
29.13 996.565
28.658 996.331
27.297 995.858
26.521 995.595
25.945 995.475
25.439 995.307
24.964 995.123
24.466 995.007
23.915 994.956
22.61 994.92
22.013 994.895
21.284 994.762
20.728 994.64
20.214 994.582
19.593 994.527
19.049 994.438
18.107 994.31
17.445 994.249
16.252 994.191
14.595 994.122
13.987 994.112
13.371 993.978
12.868 993.82
12.422 993.76
11.758 993.738
11.03 993.695
7.954 993.575
6.947 993.529
5.814 993.489
5.306 993.412
4.819 993.294
4.271 993.194
3.76 993.148
3.184 993.141
2.535 993.127
2.069 993.051
1.907 992.921
1.792 992.626
1.77 992.238
1.873 991.808
2.016 991.599
2.113 991.54
2.319 991.531
2.63 991.633
3.139 991.895
3.713 992.064
4.444 992.236
5.013 992.381
5.606 992.466
6.119 992.498
7.296 992.542
7.831 992.571
8.344 992.572
9.03 992.466
9.593 992.388
10.19 992.404
10.792 992.44
11.709 992.464
12.399 992.493
14.552 992.688
15.219 992.79
15.871 992.832
17.281 992.893
18.626 992.931
19.277 992.964
19.795 992.919
20.38 992.86
21.541 992.903
22.653 992.813
23.237 992.834
23.56 992.938
24.229 993.395
24.688 993.614
25.327 993.823
25.825 994.001
26.52 994.213
27.028 994.39
28.108 994.499
28.66 994.642
29.441 994.762
29.997 994.767
30.538 994.627
30.965 994.532
31.604 994.486
32.144 994.436
32.645 994.523
33.143 994.637
33.654 994.784
34.29 994.989
35.171 995.294
35.657 995.506
36.339 995.904
36.874 996.249
37.368 996.561
37.893 996.839
38.365 997.073
38.895 997.301
39.366 997.549
39.79 997.93
40.164 998.249
40.626 998.509
41.046 998.668
41.413 998.645
41.633 998.702
41.907 998.914
42.038 999.321
42.015 999.396
42.108 999.644
42.425 999.722
43.038 999.706
43.128 999.716
43.305 999.848
43.674 1000.25
44.04 1000.62
44.202 1000.91
44.241 1001.07
44.51 1001.29
44.827 1001.38
45.122 1001.58
45.533 1002.03
46.188 1002.72
46.76 1003.22
47.258 1003.6
47.692 1003.98
48.342 1004.62
48.768 1004.97
49.285 1005.39
49.759 1005.8
50.153 1006.13
50.566 1006.5
51.005 1006.93
51.402 1007.36
51.959 1007.82
52.381 1008.22
53.024 1008.71
53.605 1009.11
54.282 1009.6
54.955 1010.01
55.374 1010.3
55.922 1010.65
56.354 1010.96
56.715 1011.21
57.418 1011.53
57.693 1011.63
57.926 1011.64
58.074 1011.53
58.02 1011.31
58.106 1011.17
58.054 1010.99
57.831 1010.8
57.317 1010.54
56.868 1010.23
56.465 1009.88
55.927 1009.48
55.506 1009.12
54.909 1008.69
54.344 1008.35
53.764 1007.93
53.293 1007.59
52.89 1007.15
52.421 1006.83
51.875 1006.44
51.447 1005.97
50.804 1005.37
50.201 1004.87
49.646 1004.46
49.146 1004.01
48.626 1003.58
48.254 1003.24
47.655 1002.66
47.272 1002.3
46.853 1001.95
46.474 1001.62
45.892 1001.1
45.515 1000.74
45.168 1000.36
44.452 999.744
44.048 999.365
43.702 999
43.445 998.695
43.108 998.501
42.537 998.41
41.899 998.108
41.431 997.875
40.895 997.536
40.348 997.086
39.859 996.765
39.369 996.507
38.9 996.267
38.441 996.042
37.94 995.79
37.45 995.495
37.02 995.207
36.388 994.837
35.886 994.565
35.423 994.32
34.937 994.112
34.443 994.007
33.829 993.848
32.766 993.507
32.137 993.221
31.8 993.036
31.559 992.998
31.441 993.012
31.285 993.299
31.223 993.36
31.174 993.519
31.01 993.664
30.615 993.776
29.907 993.838
29.209 993.804
28.618 993.63
27.883 993.539
27.464 993.461
26.953 993.323
26.4 993.266
25.806 993.215
25.292 993.12
24.699 992.944
24.373 992.802
24.156 992.57
24.296 992.385
24.535 992.283
25.003 992.239
25.811 992.284
26.531 992.26
27.059 992.373
27.549 992.398
28.063 992.324
28.674 992.359
28.958 992.393
29.249 992.587
29.516 992.882
29.741 992.968
29.915 992.918
30.172 992.727
30.29 992.54
30.653 992.18
30.815 991.895
30.832 991.51
30.708 991.257
30.578 991.181
30.336 991.159
30.042 991.289
29.685 991.627
29.338 991.67
28.873 991.587
28.481 991.458
28.031 991.351
27.449 991.059
27.184 991.019
27.035 991.045
26.652 991.371
26.458 991.508
25.936 991.522
24.459 991.449
23.843 991.472
23.341 991.556
22.778 991.623
21.936 991.591
21.314 991.607
20.652 991.657
18.443 991.549
17.803 991.568
17.204 991.688
16.534 991.74
15.887 991.7
15.86 991.606
15.786 991.539
15.953 991.372
16.101 991.135
16.481 990.811
16.604 990.768
16.735 990.635
16.825 990.692
17.422 990.523
18.034 990.419
18.84 990.45
19.754 990.492
20.292 990.507
21.362 990.406
22.158 990.297
22.757 990.223
24.028 990.177
24.904 990.212
25.507 990.245
26.013 990.242
26.75 990.126
27.297 990.098
28.104 990.121
30.013 990.19
30.512 990.252
31.167 990.506
31.638 990.766
32.209 991.021
32.422 991.133
32.906 991.622
33.131 991.691
33.4 991.676
33.589 991.614
33.943 991.61
34.396 991.749
35.087 992.107
35.535 992.396
35.931 992.686
36.451 992.844
36.959 993.05
37.481 993.33
37.897 993.608
38.042 993.882
38.01 994.211
38.044 994.404
38.313 994.425
38.498 994.308
38.906 994.299
39.236 994.42
40.159 994.98
40.754 995.302
41.29 995.639
41.825 996.002
42.387 996.372
43.034 996.705
43.645 996.938
43.996 997.037
44.274 997.399
44.488 997.573
44.96 997.738
45.227 997.788
45.55 998.069
46.152 998.619
46.509 998.993
46.895 999.33
47.317 999.755
47.837 1000.2
48.217 1000.58
48.741 1001.13
49.182 1001.57
50.1 1002.36
50.579 1002.86
50.962 1003.29
51.439 1003.68
51.916 1004.02
52.497 1004.44
53.007 1004.85
53.436 1005.19
53.941 1005.55
54.325 1005.88
55.095 1006.48
55.567 1006.81
56.035 1007.15
56.317 1007.43
56.853 1007.84
57.201 1008.24
57.632 1008.53
58.197 1008.97
58.766 1009.35
59.098 1009.68
59.453 1010.12
60.091 1010.66
60.507 1010.96
61.111 1011.25
61.642 1011.49
62.673 1011.72
63.164 1011.84
63.573 1011.88
64.085 1011.8
64.68 1011.58
65.197 1011.47
65.854 1011.46
66.401 1011.54
66.889 1011.71
67.47 1012
67.908 1012.22
68.521 1012.34
69.129 1012.38
70.757 1012.43
71.259 1012.43
71.666 1012.5
71.859 1012.61
71.941 1012.77
71.907 1012.96
71.682 1013.25
71.171 1013.58
70.54 1013.81
70 1013.91
90
28.143 999.642
27.699 999.385
27.281 999.105
26.72 998.649
26.432 998.453
25.829 998.251
25.406 998.196
24.175 998.184
23.555 998.08
22.87 997.851
22.142 997.697
21.47 997.609
20.868 997.584
19.573 997.525
19.097 997.467
18.614 997.284
18.116 997.144
17.084 997.028
16.278 996.956
14.984 996.883
14.297 996.861
13.74 996.833
13.226 996.838
12.625 996.823
12.051 996.779
11.487 996.753
10.778 996.71
10.342 996.618
9.842 996.46
9.313 996.367
8.552 996.181
8.005 996.103
7.417 995.983
6.792 995.889
5.658 995.777
5.121 995.753
4.554 995.763
3.398 995.944
2.76 995.999
2.119 996.019
1.927 995.979
1.795 995.838
1.709 995.66
1.649 995.151
1.678 994.597
1.758 994.253
1.869 994.096
2.065 994.05
2.548 994.282
2.99 994.547
3.521 994.655
4.492 994.685
5.909 994.748
7.238 994.828
7.86 994.894
9.232 995.077
9.823 995.15
11.858 995.245
12.418 995.261
12.986 995.295
13.744 995.335
14.31 995.35
16.892 995.458
17.4 995.488
18.735 995.649
19.376 995.711
20.973 995.978
21.486 996.021
22.117 996.037
23.535 996.083
24.169 996.115
24.767 996.26
25.281 996.402
25.812 996.498
26.381 996.631
27.009 996.863
27.684 997.202
28.006 997.345
28.55 997.434
29.059 997.49
29.356 997.592
29.741 997.814
29.952 998.061
29.959 998.416
29.889 998.661
29.673 998.931
29.248 999.254
28.88 999.543
28.663 999.653
28.395 999.698
59
14.23 1003.76
14.074 1003.71
13.943 1003.58
13.703 1003
13.437 1002.47
13.034 1001.83
12.619 1001.34
12.242 1000.99
11.74 1000.64
11.173 1000.26
10.733 1000
10.349 999.68
9.862 999.349
9.516 999.222
9.017 999.136
8.544 999.009
7.944 998.702
7.438 998.456
6.623 998.195
5.871 998.116
5.445 998.043
4.831 997.792
4.376 997.553
3.991 997.342
3.811 997.113
3.776 996.952
3.835 996.818
4.268 996.704
4.914 996.71
5.481 996.786
6.061 996.928
6.629 997.047
7.653 997.238
8.177 997.343
9.001 997.568
9.473 997.651
10.001 997.69
10.374 997.789
10.873 998.089
11.422 998.444
11.821 998.793
12.403 999.227
13.271 999.936
13.687 1000.16
14.204 1000.4
14.776 1000.62
14.936 1000.63
15.341 1000.82
15.785 1001.19
16.243 1001.53
16.642 1001.88
16.869 1002.12
16.998 1002.37
16.918 1002.57
16.716 1002.74
15.962 1003.05
15.465 1003.28
14.991 1003.55
14.509 1003.77
64
1.461 1004.41
1.359 1004.28
1.31 1004.03
1.344 1003.32
1.517 999.022
1.554 997.73
1.584 997.23
1.697 996.838
1.874 996.704
2.044 996.706
2.5 996.991
3.011 997.539
3.47 998.07
3.939 998.442
4.647 998.781
5.281 999.031
5.802 999.194
6.613 999.37
7.142 999.474
7.635 999.701
8.018 999.973
8.215 1000.27
8.355 1000.59
8.625 1000.82
8.808 1000.87
8.936 1000.75
8.92 1000.51
8.947 1000.43
8.916 1000.29
8.975 1000.1
9.128 999.991
9.289 999.975
9.587 1000.06
10.012 1000.49
10.399 1000.9
10.66 1001.14
11.125 1001.5
11.474 1001.86
11.652 1001.97
12.24 1002.11
12.522 1002.32
12.883 1002.77
13.175 1003.21
13.362 1003.57
13.335 1003.72
13.187 1003.83
12.653 1003.92
11.247 1003.81
10.596 1003.71
10.231 1003.73
9.93 1003.89
9.517 1003.97
8.707 1003.94
7.373 1003.88
6.464 1003.82
6.03 1003.85
5.48 1004
4.92 1004.04
4.266 1004.02
3.978 1004.06
3.484 1004.17
2.875 1004.21
2.158 1004.42
1.658 1004.48
39
17.459 1001.93
17.287 1001.81
16.898 1001.35
16.567 1000.87
16.268 1000.39
15.9 999.97
15.631 999.736
15.151 999.518
14.573 999.403
13.973 999.199
13.189 998.816
12.702 998.552
12.105 998.177
11.837 997.819
11.981 997.705
12.464 997.652
13.199 997.713
13.772 997.751
14.282 997.82
14.899 997.968
15.616 998.065
16.33 998.096
16.949 998.15
18.146 998.311
18.701 998.392
19.377 998.411
19.747 998.447
19.927 998.495
20.085 998.639
20.17 998.834
20.203 999.047
20.168 999.309
19.972 999.706
19.613 1000.11
19.246 1000.54
18.414 1001.39
18.06 1001.78
17.9 1001.9
17.702 1001.97
22
21.275 1001.61
21.104 1001.49
20.807 1001.05
20.624 1000.82
20.526 1000.49
20.541 999.883
20.648 999.49
20.907 998.968
21.177 998.672
21.487 998.551
21.873 998.594
22.466 998.733
23.008 998.82
23.268 998.919
23.392 999.062
23.47 999.409
23.379 999.736
23.12 1000.19
22.716 1000.63
22.34 1001.02
21.894 1001.44
21.561 1001.62
70
19.567 1004.53
19.207 1004.28
18.946 1003.65
18.881 1003.5
18.489 1003.06
18.4 1002.85
18.37 1002.71
18.414 1002.5
18.588 1002.23
19.001 1001.86
19.429 1001.44
19.76 1001.2
19.883 1001.15
20.149 1001.19
20.36 1001.37
20.435 1001.58
20.447 1002.16
20.495 1002.57
20.834 1002.72
21.247 1002.71
21.465 1002.68
21.77 1002.48
22.163 1002.01
22.749 1001.5
22.938 1001.36
23.171 1001.28
23.452 1001.27
23.953 1001.42
24.02 1001.47
24.015 1001.4
24.174 1001.34
24.227 1001
24.074 1000.39
24.023 999.905
24.1 999.47
24.327 999.12
24.514 998.975
24.672 998.907
24.868 998.9
25.171 998.966
25.445 999.113
26.027 999.492
27.316 1000.11
27.548 1000.25
27.642 1000.41
27.663 1000.52
27.593 1000.7
27.357 1000.95
26.778 1001.36
26.298 1001.72
25.874 1002.12
25.516 1002.35
25.242 1002.38
24.992 1002.31
24.575 1001.95
24.344 1001.7
24.141 1001.66
24.182 1001.98
24.382 1002.62
24.312 1002.89
24.097 1003.14
23.499 1003.44
22.949 1003.6
22.515 1003.68
22.259 1003.86
22.049 1004.06
21.541 1004.29
20.662 1004.53
20.169 1004.63
19.902 1004.64
193
24.74 1007.85
24.47 1007.74
24.075 1007.42
23.447 1007.25
22.758 1007.02
21.625 1006.97
21.121 1006.97
20.527 1007.1
19.985 1007.14
19.305 1007.09
18.782 1007.03
18.265 1007
17.614 1006.96
16.912 1006.94
16.387 1006.89
15.803 1006.7
15.205 1006.63
14.905 1006.59
14.426 1006.44
13.802 1006.39
13.255 1006.37
12.128 1006.31
11.256 1006.3
10.742 1006.34
10.061 1006.39
9.557 1006.39
8.283 1006.4
7.726 1006.4
7.225 1006.39
5.884 1006.34
5.362 1006.31
4.845 1006.3
4.295 1006.34
3.537 1006.43
2.948 1006.45
2.374 1006.59
1.84 1006.84
1.46 1006.85
1.293 1006.73
1.216 1006.53
1.214 1006.03
1.253 1005.52
1.322 1005.32
1.497 1005.17
1.762 1005.12
2.419 1005.15
3.438 1005.19
4.093 1005.14
4.649 1005.04
5.25 1005.01
5.809 1004.9
6.311 1004.85
6.936 1004.86
8.383 1004.94
9.07 1004.94
9.599 1004.93
10.344 1004.95
11.109 1004.89
11.88 1004.82
12.655 1004.83
13.172 1004.8
13.868 1004.74
14.509 1004.75
14.953 1004.63
15.458 1004.4
15.948 1004.2
16.95 1003.51
17.428 1003.2
17.679 1003.12
17.895 1003.15
18.061 1003.29
18.423 1003.79
18.819 1004.23
18.935 1004.42
18.906 1004.63
18.809 1004.79
18.42 1005.05
17.926 1005.16
17.345 1005.4
16.881 1005.66
16.754 1005.85
16.753 1005.91
16.889 1006.02
17.247 1006.01
17.875 1005.94
18.488 1005.79
19.04 1005.81
19.335 1005.87
19.726 1005.84
20.247 1005.63
20.626 1005.5
21.23 1005.38
21.719 1005.22
22.219 1005.03
22.657 1004.96
22.901 1005.02
23.255 1005.32
23.457 1005.37
23.625 1005.31
23.707 1005.14
23.59 1004.66
23.617 1004.42
23.747 1004.23
24.03 1004.05
24.54 1003.87
25.077 1003.7
25.556 1003.48
26.561 1002.62
26.83 1002.36
27.133 1001.86
27.435 1001.54
28.005 1001.1
28.325 1000.92
28.72 1000.8
28.905 1000.64
29.109 1000.25
29.543 999.836
29.999 999.328
30.187 999.227
30.39 999.209
30.583 999.314
30.903 999.721
31.136 1000.07
31.2 1000.22
31.195 1000.44
31.137 1000.59
30.717 1001
30.278 1001.34
29.827 1001.58
29.595 1001.7
29.241 1002.22
28.756 1002.51
28.232 1002.68
27.724 1002.73
27.496 1002.8
27.319 1003
27.279 1003.18
27.411 1003.52
27.693 1003.87
28.013 1004.11
28.282 1004.24
28.496 1004.47
28.524 1004.6
28.466 1004.75
28.187 1004.92
27.657 1005.1
26.929 1005.14
26.346 1005.21
25.858 1005.37
25.391 1005.53
24.862 1005.85
24.353 1006.15
24.29 1006.2
24.224 1006.42
24.281 1006.63
24.531 1006.69
25.068 1006.52
25.573 1006.44
26.211 1006.31
26.72 1006.2
27.295 1006.07
27.807 1005.87
28.433 1005.65
28.965 1005.49
29.618 1005.26
30.144 1005.03
30.911 1004.65
31.376 1004.51
31.746 1004.47
31.918 1004.56
32.135 1004.85
32.419 1005.33
32.784 1005.8
32.918 1006.01
33.064 1006.16
33.177 1006.39
33.202 1006.49
33.097 1006.75
32.857 1006.96
32.584 1007.03
31.977 1007.03
31.476 1007.06
30.938 1007.12
30.194 1007.19
29.634 1007.27
29.099 1007.37
28.486 1007.45
27.964 1007.47
27.286 1007.61
26.734 1007.67
26.205 1007.75
25.776 1007.88
25.19 1007.89
30
29.231 1004.35
28.982 1004.03
28.79 1003.64
28.645 1003.4
28.589 1003.25
28.817 1002.99
29.256 1002.7
29.667 1002.52
30.19 1002.5
30.365 1002.47
30.524 1002.35
30.785 1001.74
30.959 1001.51
31.409 1001.14
31.724 1001.03
32.01 1001.07
32.353 1001.32
32.619 1001.6
33.037 1001.91
33.106 1002.09
33.084 1002.27
32.909 1002.51
32.51 1002.85
32.118 1003.09
31.571 1003.35
31.041 1003.73
30.43 1004.01
29.987 1004.25
29.747 1004.38
29.464 1004.39
59
47.82 1013.53
47.216 1013.36
46.633 1013.17
46.098 1012.98
45.605 1012.81
45.395 1012.71
45.125 1012.46
44.969 1012.27
44.454 1011.83
43.703 1010.95
42.902 1009.96
42.549 1009.47
42.233 1009.05
41.891 1008.62
41.497 1008.13
41.072 1007.65
40.781 1007.2
40.589 1006.96
40.413 1006.84
39.913 1006.68
39.659 1006.49
39.3 1006.02
39.062 1005.51
38.759 1004.93
38.343 1004.3
38.028 1003.71
37.869 1003.28
37.887 1002.97
38.03 1002.74
38.125 1002.67
38.607 1002.59
38.944 1002.64
39.216 1002.76
39.568 1003.23
39.925 1003.65
40.169 1004.09
40.481 1004.47
40.906 1004.88
41.243 1005.26
41.609 1005.65
41.987 1006.12
42.401 1006.54
42.745 1006.85
43.591 1007.88
44.214 1008.59
44.963 1009.38
45.375 1009.77
45.729 1010.18
46.063 1010.46
46.581 1010.82
47.025 1011.21
47.455 1011.65
47.989 1012.14
48.467 1012.55
48.913 1013.07
48.986 1013.17
49.02 1013.39
48.875 1013.62
48.343 1013.63
25
29.642 1011.74
29.222 1011.69
28.628 1011.54
28.269 1011.42
28.088 1011.29
28.066 1011.13
28.158 1010.97
28.402 1010.84
28.717 1010.78
29.226 1010.79
29.762 1010.74
30.319 1010.62
30.938 1010.58
31.455 1010.48
31.974 1010.29
32.482 1010.17
33.013 1010.17
33.214 1010.19
33.418 1010.28
33.561 1010.4
33.634 1010.71
33.635 1011.38
33.569 1011.55
33.202 1011.77
32.702 1011.85
