0.3
0.7
6
71.02 970.284
70.645 969.816
70.608 969.806
70.484 969.938
70.633 970.15
70.854 970.367
19
73.22 972.656
72.878 972.211
72.481 971.709
72.111 971.32
71.737 970.945
71.517 970.702
71.325 970.647
71.032 970.298
70.896 970.412
71.067 970.611
71.11 970.59
71.095 970.666
71.238 970.891
71.329 971.159
71.677 971.571
72.029 971.967
72.471 972.428
73.027 972.878
73.39 973.104
16
72.005 975.744
71.897 975.217
71.588 974.58
71.346 974.064
71.099 973.792
70.533 973.453
70.23 973.34
70.049 973.399
69.886 973.782
69.848 974.253
69.957 974.621
70.135 974.791
70.597 975.066
71.102 975.469
71.617 975.79
71.865 975.847
71
74.323 980.6
74.925 980.44
75.234 980.275
75.726 979.856
76.117 979.461
76.379 979.027
76.56 978.525
76.889 977.899
77.099 977.359
77.227 976.802
77.422 976.057
77.562 975.456
77.674 974.932
77.744 974.311
77.797 973.548
77.941 972.915
77.944 972.394
77.972 971.817
78.002 971.307
77.976 970.734
77.931 969.96
77.826 969.29
77.648 968.642
77.296 967.631
77.118 967.22
76.781 966.822
76.264 966.221
75.999 965.924
75.639 965.686
74.909 965.279
74.339 965.017
73.536 964.816
72.966 964.705
72.074 964.65
71.422 964.628
70.863 964.707
70.151 964.787
69.438 964.939
68.571 965.257
68.043 965.444
67.488 965.698
66.723 966.054
66.118 966.453
65.657 966.927
65.336 967.397
65.196 967.831
65.05 968.484
64.864 969.071
64.84 969.37
64.962 969.907
65.075 970.313
65.146 970.957
65.268 971.596
65.514 972.128
65.796 972.814
66.104 973.496
66.377 974.033
66.897 974.913
67.849 976.505
68.29 977.126
69.055 978.122
69.394 978.53
69.759 978.883
70.268 979.326
70.719 979.652
71.236 979.982
71.726 980.258
72.214 980.471
72.751 980.632
73.291 980.694
73.77 980.699
54
72.193 978.442
71.65 978.189
71.047 977.801
70.593 977.423
70.049 976.904
69.48 976.198
69.103 975.657
68.726 975.071
68.204 974.086
67.942 973.557
67.719 973.087
67.347 972.178
67.172 971.603
67.062 971.113
67.013 970.715
67.042 970.35
67.16 970.048
67.305 969.829
67.368 969.58
67.338 969.359
67.226 969.138
67.261 968.771
67.578 968.284
67.958 967.915
68.344 967.635
68.996 967.274
69.423 967.099
70.874 966.791
71.568 966.736
71.943 966.738
72.363 966.808
72.832 966.979
73.479 967.317
74.048 967.705
74.468 968.121
74.918 968.691
75.146 969.135
75.428 969.996
75.585 970.602
75.655 971.213
75.68 972.527
75.651 973.055
75.593 973.709
75.516 974.458
75.438 974.966
75.319 975.53
75.133 976.175
74.941 976.722
74.722 977.198
74.311 977.732
73.868 978.07
73.359 978.323
72.875 978.47
72.467 978.505
36
19.972 986.976
20.393 986.856
20.852 986.832
21.337 986.727
21.925 986.657
22.366 986.317
23.363 985.893
23.866 985.707
24.368 985.597
24.944 985.425
25.532 985.385
25.994 985.531
26.199 985.421
26.206 985.323
26.472 984.768
26.387 984.506
26.312 984.383
25.943 984.174
25.656 984.123
25.455 984.127
25.174 984.23
24.686 984.496
24.226 984.613
23.551 984.697
23.038 984.841
22.533 985.101
22.128 985.225
21.497 985.307
21.185 985.411
20.702 985.729
20.247 985.964
19.69 986.353
19.426 986.658
19.394 986.765
19.463 986.944
19.666 986.998
54
20.89 989.439
21.557 989.23
22.159 989.119
22.828 989.061
23.285 988.972
23.781 988.714
24.154 988.598
24.63 988.514
25.202 988.244
25.663 988.004
26.209 987.761
26.905 987.624
27.576 987.59
28.133 987.496
28.395 987.42
28.759 987.181
28.968 986.909
29.025 986.661
28.927 986.489
28.736 986.381
28.21 986.273
27.692 986.327
27.192 986.524
26.915 986.608
26.771 986.573
26.624 986.448
26.392 985.892
26.358 985.826
26.291 985.798
26.206 985.685
26.021 985.827
25.958 986.41
25.962 986.625
25.9 986.803
25.787 986.964
25.571 987.085
25.026 987.204
24.491 987.399
23.887 987.609
23.58 987.705
23.013 987.765
22.523 987.818
21.97 988.031
21.66 988.111
21.116 988.134
20.537 988.232
20.203 988.305
19.746 988.58
19.613 988.686
19.498 988.893
19.491 989.094
19.635 989.395
19.924 989.517
20.363 989.557
45
21.972 991.895
22.621 991.767
23.198 991.678
23.766 991.63
24.085 991.54
24.471 991.195
24.919 990.89
25.522 990.584
26.041 990.489
26.663 990.426
27.027 990.329
27.673 990.053
28.39 989.782
28.775 989.639
29.461 989.599
30.12 989.567
30.854 989.344
31.212 989.222
31.382 989.089
31.447 988.839
31.331 988.653
31.086 988.518
30.548 988.38
30.001 988.338
29.426 988.353
28.917 988.494
28.281 988.743
27.585 989.009
26.974 989.192
26.227 989.269
25.843 989.371
25.405 989.622
24.944 989.865
24.433 990.089
23.727 990.274
22.947 990.415
22.374 990.534
21.731 990.689
21.133 990.903
20.97 991.02
20.818 991.208
20.799 991.439
20.948 991.751
21.199 991.911
21.434 991.97
45
26.839 992.439
27.314 992.352
27.886 992.288
28.606 992.213
29.228 992.156
29.762 992.012
30.292 991.941
30.888 991.928
31.403 991.933
31.805 991.9
32.335 991.782
33.017 991.76
33.747 991.808
34.555 991.722
34.779 991.695
35.099 991.552
35.466 991.472
35.682 991.365
35.779 991.151
35.629 990.94
35.372 990.799
35.06 990.699
34.359 990.589
33.745 990.5
33.211 990.493
32.62 990.529
32.042 990.627
31.49 990.655
30.866 990.656
30.48 990.734
29.852 990.95
29.21 991.069
28.841 991.178
28.335 991.236
27.229 991.49
26.821 991.61
26.172 991.622
25.745 991.643
25.205 991.796
24.921 991.868
24.789 992.01
24.789 992.07
24.943 992.2
25.497 992.405
26.246 992.494
62
26.347 994.77
26.876 994.778
28.135 994.731
28.7 994.719
29.216 994.691
29.879 994.649
30.443 994.57
30.835 994.488
31.383 994.477
31.952 994.45
32.855 994.509
33.332 994.508
33.899 994.349
34.446 994.146
35.108 994.023
35.503 993.953
36.033 993.946
36.718 993.927
37.452 993.899
38.043 993.915
38.654 993.892
38.968 993.865
39.239 993.682
39.289 993.632
39.279 993.468
39.327 993.388
39.138 993.152
38.572 992.79
38.137 992.556
37.758 992.469
37.242 992.496
36.697 992.596
36.134 992.643
35.722 992.704
35.262 992.915
34.635 993.061
34.117 993.175
33.626 993.267
33.113 993.248
32.656 993.248
32.126 993.378
31.625 993.442
30.958 993.407
30.261 993.443
29.752 993.51
29.19 993.52
28.471 993.502
27.931 993.588
27.388 993.618
25.727 993.543
25.229 993.557
24.665 993.724
24.03 993.745
23.745 993.786
23.566 993.9
23.427 994.088
23.419 994.298
23.538 994.52
23.753 994.687
24.069 994.763
24.957 994.771
25.597 994.797
384
63.279 1005.4
63.414 1005.25
63.41 1005.1
63.255 1004.78
63.174 1004.68
62.981 1004.57
62.351 1004.43
61.625 1004.37
60.956 1004.29
60.065 1004.23
59.407 1004.2
58.688 1004.11
57.329 1003.89
56.603 1003.75
55.977 1003.61
55.476 1003.49
54.234 1003.15
53.131 1002.82
52.64 1002.65
51.905 1002.36
50.98 1002.01
50.343 1001.78
49.707 1001.6
49.141 1001.53
47.898 1001.48
47.393 1001.45
46.841 1001.38
46.357 1001.25
46.122 1001.11
46.097 1000.9
46.197 1000.63
46.683 1000.15
47.186 999.602
47.572 999.232
47.828 999.152
48.118 999.18
48.69 999.494
49.195 999.729
49.654 999.864
50.376 999.998
50.672 1000.02
51.322 999.942
51.747 999.949
52.231 1000.08
52.918 1000.36
54.121 1000.9
54.703 1001.13
55.178 1001.32
55.815 1001.55
56.435 1001.75
57.122 1001.94
57.668 1002.07
58.159 1002.16
58.772 1002.25
59.473 1002.36
60.02 1002.42
60.645 1002.47
61.215 1002.47
61.598 1002.42
62.31 1002.23
63.415 1001.92
64.003 1001.8
64.611 1001.76
65.184 1001.7
65.903 1001.58
66.608 1001.47
67.202 1001.38
67.899 1001.18
68.677 1001.02
69.148 1001.04
69.658 1001.23
69.918 1001.38
70.277 1001.79
70.619 1002.2
70.844 1002.61
70.923 1003.16
70.955 1003.37
71.035 1003.55
71.262 1003.82
71.459 1003.89
71.514 1003.89
71.671 1003.73
71.67 1003.41
71.501 1002.85
71.234 1002.31
70.791 1001.75
70.413 1001.3
70.049 1000.9
69.738 1000.63
69.356 1000.52
68.851 1000.54
68.041 1000.71
67.333 1000.81
66.786 1000.87
66.121 1000.88
65.443 1000.98
64.827 1001.06
64.243 1001.08
63.695 1001.16
63.071 1001.26
62.353 1001.44
61.74 1001.6
61.11 1001.73
60.263 1001.73
59.593 1001.68
58.526 1001.51
57.902 1001.37
57.255 1001.2
56.67 1001.01
56.029 1000.79
54.746 1000.28
54.054 999.98
53.253 999.653
52.74 999.492
52.12 999.278
51.468 999.033
50.801 998.919
50.286 998.925
49.594 998.995
48.994 998.893
48.414 998.722
48.201 998.595
48.084 998.409
48.06 998.196
48.309 997.912
48.482 997.746
47.901 997.68
47.757 997.654
47.516 997.495
47.283 997.212
47.089 996.689
46.974 996.59
46.599 996.681
46.268 996.872
45.594 997.096
45.031 997.219
44.789 997.214
44.453 997.024
44.321 996.544
44.363 996.334
44.291 996.098
44.019 995.902
43.353 995.593
42.902 995.446
42.373 995.396
41.809 995.378
41.26 995.34
40.747 995.326
40.581 995.256
40.498 995.097
40.583 994.892
40.847 994.466
40.89 994.306
40.802 994.21
40.719 994.184
40.461 994.222
40.335 994.325
40.057 994.419
39.633 994.769
39.275 995.034
38.817 995.266
38.105 995.536
37.601 995.638
37.1 995.679
36.365 995.769
35.85 995.852
35.308 995.859
34.789 995.839
34.45 995.882
33.895 996.035
33.336 996.035
32.832 996.051
32.312 996.186
31.791 996.229
31.186 996.195
30.559 996.213
30.034 996.347
29.533 996.38
28.985 996.343
28.356 996.311
27.822 996.332
27.318 996.46
26.904 996.525
26.279 996.59
25.991 996.663
25.55 996.947
25.403 997.042
25.364 997.392
25.514 997.62
26.032 997.878
26.621 997.955
26.924 997.938
27.115 997.816
27.613 997.675
28.15 997.457
28.712 997.391
30.049 997.371
30.77 997.385
31.164 997.343
31.661 997.235
32.162 997.189
32.674 997.07
33.817 997.007
34.388 996.87
34.962 996.84
35.674 996.888
36.246 996.886
36.822 996.732
37.259 996.686
37.767 996.689
38.047 996.631
38.33 996.481
38.587 996.317
39.213 996.131
39.725 996.07
40.241 996.084
40.959 996.158
41.502 996.292
42.028 996.428
42.679 996.582
43.195 996.693
43.478 996.794
43.918 997.092
44.128 997.348
44.225 997.454
44.31 997.597
44.225 997.863
44.022 998.129
43.694 998.331
43.196 998.41
42.599 998.389
41.863 998.393
40.532 998.328
39.952 998.411
39.39 998.521
38.854 998.516
37.604 998.452
37.084 998.436
36.528 998.433
35.996 998.462
35.454 998.553
34.896 998.609
34.163 998.573
33.627 998.563
32.959 998.699
32.45 998.741
31.931 998.727
31.348 998.761
30.773 998.897
30.386 998.93
29.758 998.939
29.08 999.108
27.587 999.502
27.074 999.624
26.52 999.824
26.04 1000.01
25.845 1000.14
25.701 1000.38
25.706 1000.68
25.795 1000.88
25.992 1001.05
26.32 1001.13
26.596 1001.13
27.153 1000.93
27.607 1000.77
28.046 1000.63
28.594 1000.42
29.105 1000.19
29.615 999.992
30.211 999.912
30.733 999.794
31.191 999.725
31.795 999.735
32.433 999.7
33.072 999.556
33.818 999.572
34.331 999.525
35.053 999.421
35.737 999.398
36.516 999.417
37.298 999.458
38.487 999.511
39.063 999.511
39.735 999.409
40.282 999.342
40.846 999.352
41.346 999.34
41.898 999.208
42.645 999.161
42.957 999.176
43.204 999.248
43.358 999.366
43.547 999.761
43.77 1000.36
43.813 1000.56
43.772 1000.8
43.5 1001.08
43.087 1001.14
42.255 1001.15
41.717 1001.21
41.088 1001.25
40.544 1001.28
39.913 1001.27
39.36 1001.29
38.841 1001.28
38.239 1001.25
36.731 1001.19
36.223 1001.15
35.571 1001.13
34.857 1001.13
34.3 1001.15
33.776 1001.27
33.273 1001.31
32.701 1001.3
32.151 1001.41
31.734 1001.48
30.956 1001.48
30.351 1001.55
29.819 1001.76
29.319 1001.85
28.78 1001.98
28.094 1002.19
27.513 1002.39
27.167 1002.52
26.955 1002.67
26.846 1002.98
26.968 1003.16
27.142 1003.26
27.675 1003.29
28.223 1003.17
28.715 1003.07
28.889 1003.03
28.98 1002.94
29.512 1002.71
30.037 1002.53
30.375 1002.49
31.083 1002.47
31.727 1002.33
32.28 1002.24
32.841 1002.19
33.349 1002.13
33.931 1002.08
34.601 1002.01
35.145 1002.01
35.738 1001.94
36.24 1001.93
37.653 1001.99
38.514 1002.03
39.75 1002.13
40.33 1002.16
40.908 1002.17
41.543 1002.12
42.189 1002.08
42.656 1002.03
43.253 1001.84
43.815 1001.74
44.407 1001.57
44.84 1001.51
45.351 1001.54
45.772 1001.66
46.286 1001.96
46.558 1002.06
47.243 1002.16
47.851 1002.18
48.428 1002.22
49.016 1002.27
49.611 1002.38
50.119 1002.54
50.683 1002.74
51.393 1003.02
52.756 1003.51
53.609 1003.77
54.206 1003.97
55.148 1004.21
56.113 1004.41
57.019 1004.6
58.552 1004.86
59.266 1004.93
60.312 1004.98
60.823 1005.01
61.376 1005.08
61.993 1005.25
62.491 1005.39
62.909 1005.44
22
44.367 1000.69
44.223 1000.54
43.978 1000.03
43.763 999.549
43.761 999.274
43.834 999.065
44.078 998.808
44.564 998.45
44.975 998.217
45.613 997.999
46.055 997.901
46.608 997.933
46.809 998.008
47.032 998.235
47.114 998.492
47.004 998.919
46.695 999.414
46.427 999.752
46.027 1000.17
45.742 1000.48
45.404 1000.68
44.828 1000.75
13
69.143 1003.98
69.526 1003.84
69.594 1003.72
69.432 1003.57
68.928 1003.46
68.388 1003.35
67.979 1003.31
67.755 1003.37
67.563 1003.56
67.522 1003.7
67.711 1003.86
68.073 1003.98
68.589 1004.02
17
66.069 1004.65
66.266 1004.52
66.358 1004.37
66.363 1004.19
66.311 1004.01
66.092 1003.83
65.712 1003.66
65.316 1003.58
64.892 1003.62
64.654 1003.73
64.266 1004.01
64.215 1004.1
64.198 1004.27
64.235 1004.36
64.538 1004.6
64.879 1004.75
65.479 1004.77
108
62.514 1009.02
62.682 1008.89
62.628 1008.67
62.221 1008.31
61.797 1008.03
61.28 1007.76
59.925 1007.25
59.406 1007.07
58.868 1006.94
58.356 1006.88
57.823 1006.84
57.142 1006.76
56.512 1006.69
55.877 1006.61
54.661 1006.36
54.102 1006.24
53.541 1006.08
52.483 1005.73
50.049 1004.78
49.519 1004.58
48.697 1004.43
48.02 1004.25
47.559 1004.16
46.783 1004.11
45.886 1004.08
45.243 1004.06
44.618 1004.04
43.986 1004.01
42.796 1003.93
40.925 1004.04
40.362 1004.03
39.818 1003.95
39.195 1003.88
38.564 1003.82
37.818 1003.8
37.27 1003.93
36.765 1004.01
36.307 1004
35.467 1003.9
34.781 1003.85
34.102 1003.71
33.576 1003.68
33.041 1003.84
32.495 1003.91
32.074 1004.03
31.859 1004.14
31.245 1004.23
30.633 1004.26
30.103 1004.24
29.581 1004.15
29.52 1004.11
29.31 1004.1
29.125 1004.3
28.979 1004.56
28.953 1004.83
29.162 1005.05
29.472 1005.21
30.021 1005.28
30.546 1005.2
30.981 1005.14
31.313 1004.99
31.868 1004.84
32.121 1004.75
32.279 1004.66
33.436 1004.57
34.188 1004.58
34.738 1004.69
34.986 1004.81
35.424 1005.11
35.619 1005.07
35.804 1004.85
36.077 1004.73
36.721 1004.72
37.125 1004.66
37.773 1004.53
38.765 1004.61
39.589 1004.71
40.376 1004.76
40.964 1004.76
41.538 1004.72
42.303 1004.78
42.825 1004.84
43.143 1004.83
43.654 1004.76
46.835 1004.87
47.356 1004.91
48.004 1005.09
48.576 1005.19
49.098 1005.28
50.551 1005.81
52.127 1006.41
52.78 1006.63
53.317 1006.79
53.978 1006.99
54.465 1007.11
55.008 1007.23
55.805 1007.38
56.438 1007.47
57.018 1007.53
57.55 1007.58
58.068 1007.62
58.589 1007.7
59.188 1007.83
59.999 1008.12
60.598 1008.38
61.134 1008.67
61.699 1008.94
62.122 1009.04
99
58.852 1013.12
59.416 1012.91
59.703 1012.82
59.632 1012.61
59.464 1012.53
59.126 1012.04
58.992 1011.96
58.801 1012.09
58.592 1012.29
58.371 1012.42
57.865 1012.49
57.364 1012.46
56.7 1012.43
55.588 1012.36
55.001 1012.34
54.5 1012.35
53.737 1012.34
52.964 1012.31
51.506 1012.26
50.897 1012.22
50.145 1012.05
49.647 1011.97
49.067 1011.92
48.352 1011.76
47.881 1011.67
47.271 1011.61
46.55 1011.44
46.053 1011.37
45.527 1011.33
44.941 1011.21
44.32 1011
43.588 1010.8
42.219 1010.4
41.411 1010.11
40.822 1009.89
40.218 1009.7
39.645 1009.47
39.177 1009.26
38.706 1009.09
38.142 1008.93
37.522 1008.8
37.313 1008.68
37.007 1008.27
36.825 1008.05
36.611 1007.71
36.357 1007.49
35.857 1007.37
35.334 1007.25
34.975 1007.1
34.421 1006.73
33.952 1006.42
33.498 1006.17
33.066 1006.02
32.733 1005.95
32.407 1005.93
31.998 1006.08
31.791 1006.21
31.705 1006.42
31.837 1006.58
32.285 1006.71
32.785 1006.81
33.463 1007.13
33.924 1007.4
34.453 1007.73
35.033 1008.04
35.486 1008.17
36.009 1008.3
36.244 1008.45
36.646 1008.79
37.339 1009.27
37.52 1009.44
37.875 1009.62
38.647 1009.94
39.132 1010.14
39.999 1010.37
40.55 1010.55
41.117 1010.77
41.74 1011
42.241 1011.15
42.835 1011.33
43.763 1011.61
44.35 1011.82
44.854 1011.97
45.623 1012.03
46.262 1012.1
46.847 1012.25
47.381 1012.33
47.939 1012.38
48.595 1012.54
49.512 1012.66
50.089 1012.78
50.614 1012.9
51.376 1012.94
54.378 1013.06
55.075 1013.06
56.121 1013.1
57.054 1013.13
57.775 1013.18
58.279 1013.19
16
67.987 1007.31
68.167 1007.17
68.245 1006.98
68.221 1006.78
68.11 1006.55
67.93 1006.36
67.533 1006.17
67.021 1006.17
66.598 1006.3
66.491 1006.34
66.382 1006.55
66.378 1006.73
66.464 1006.96
66.623 1007.11
67.156 1007.26
67.676 1007.33
122
62.357 1011.63
62.922 1011.5
63.557 1011.28
64.056 1011.03
64.642 1010.72
65.258 1010.43
65.824 1010.24
66.384 1010.14
66.957 1010.02
67.527 1009.74
67.918 1009.42
68.006 1009.19
67.968 1009.09
67.811 1009.01
67.576 1008.99
67.132 1009.07
66.541 1009.31
66.057 1009.49
65.529 1009.64
65.099 1009.76
64.612 1009.96
64.153 1010.16
63.475 1010.49
62.978 1010.69
62.466 1010.84
61.853 1011
61.315 1011.02
60.524 1010.85
59.651 1010.22
59.498 1010.11
59.415 1010
59.047 1009.91
58.516 1009.87
57.123 1009.88
56.611 1009.9
55.804 1009.9
55.28 1009.87
54.349 1009.69
53.795 1009.61
52.617 1009.46
51.803 1009.4
51.285 1009.32
50.766 1009.29
50.137 1009.28
49.471 1009.22
48.895 1009.22
48.401 1009.13
48.194 1009.04
47.616 1008.61
47.242 1008.24
46.91 1007.82
46.734 1007.64
46.125 1007.39
45.532 1007.22
45.264 1007.22
44.75 1007.41
44.373 1007.44
43.554 1007.4
42.93 1007.36
42.36 1007.32
41.84 1007.21
41.321 1007.03
40.783 1006.92
40.175 1006.84
39.672 1006.76
39.075 1006.6
38.584 1006.45
37.933 1006.31
37.494 1006.28
37.025 1006.39
36.928 1006.5
36.949 1006.7
37.158 1006.93
37.392 1007.03
38.135 1007.12
38.838 1007.3
39.479 1007.49
39.992 1007.6
40.599 1007.63
41.397 1007.72
42.093 1007.87
42.538 1008.04
42.964 1008.44
43.305 1008.64
43.42 1008.64
43.609 1008.45
43.737 1008.22
43.943 1008.08
44.123 1008.02
44.805 1008.01
45.379 1007.98
45.88 1008.07
46.508 1008.34
47.078 1008.55
47.342 1008.79
47.397 1009.23
47.381 1009.53
47.285 1009.62
47.31 1009.71
47.78 1009.78
48.302 1009.82
48.929 1009.89
49.521 1009.94
50.223 1010.04
51.613 1010.12
52.2 1010.18
52.872 1010.24
53.437 1010.31
54.462 1010.52
55.013 1010.61
55.518 1010.67
56.498 1010.67
57.094 1010.65
57.671 1010.62
58.198 1010.64
58.963 1010.7
59.499 1010.91
60.01 1011.09
60.573 1011.36
61.064 1011.63
61.416 1011.77
61.743 1011.79
16
65.085 1008.18
65.297 1008.04
65.415 1007.85
65.442 1007.65
65.335 1007.34
65.083 1007.03
64.798 1006.88
64.413 1006.79
63.934 1006.8
63.387 1006.96
63.274 1007.09
63.28 1007.22
63.585 1007.53
64.036 1007.78
64.653 1008.21
64.795 1008.23
218
56.797 1016.05
57.426 1015.92
58.056 1015.94
58.573 1015.91
59.143 1015.79
59.805 1015.68
61.18 1015.33
61.731 1015.18
63.584 1014.6
65.396 1013.97
65.997 1013.73
66.603 1013.46
67.479 1013.05
67.974 1012.82
68.477 1012.58
69.526 1011.92
70.007 1011.57
70.418 1011.23
71.075 1010.6
71.41 1010.21
71.724 1009.8
72.086 1009.37
72.43 1008.88
72.964 1008.06
73.241 1007.55
73.499 1007.01
73.727 1006.54
73.952 1006.01
74.388 1004.89
74.615 1004.22
74.765 1003.7
74.902 1003.2
75.073 1002.68
75.166 1002.16
75.189 1001.45
75.165 1000.8
75.054 1000.15
74.942 999.827
74.687 999.364
74.361 998.791
74.02 998.49
73.451 998.086
73.098 997.883
72.283 997.727
71.783 997.614
71.274 997.492
70.695 997.443
70.039 997.464
69.51 997.513
69.004 997.545
67.936 997.652
67.191 997.74
66.522 997.825
65.71 997.958
65.187 998.049
64.581 998.165
63.993 998.296
63.368 998.455
62.815 998.612
62.214 998.748
61.504 998.868
60.91 998.962
60.307 999.009
59.68 998.974
59.129 998.921
58.644 998.807
58.079 998.555
57.332 998.203
56.874 997.93
56.447 997.613
55.948 997.313
55.557 997.071
55.177 996.697
54.788 996.35
54.48 996.166
53.745 995.917
53.039 995.541
52.34 995.278
51.8 995.124
51.245 994.999
50.718 994.899
50.029 994.791
49.38 994.614
48.738 994.424
47.581 994.246
46.943 993.982
46.493 993.761
46.073 993.49
45.636 993.097
45.118 992.706
44.921 992.528
44.308 991.604
44.059 991.307
43.663 990.998
43.154 990.657
42.123 990.119
41.486 989.895
40.997 989.71
40.492 989.479
39.95 989.27
39.303 989.049
38.782 988.896
38.228 988.839
37.741 988.731
37.262 988.518
36.758 988.312
36.195 988.161
35.615 987.999
35.117 987.881
34.317 987.632
33.632 987.341
33.199 987.068
32.61 986.712
31.995 986.331
31.51 985.908
31.055 985.556
30.725 985.179
29.987 984.283
29.563 983.848
29.128 983.503
28.662 982.958
28.322 982.53
27.952 982.199
27.576 981.918
27.216 981.614
26.774 981.357
26.312 981.059
25.774 980.857
24.378 980.531
23.819 980.446
23.103 980.499
22.603 980.563
21.986 980.624
21.477 980.76
20.764 981.127
20.404 981.292
19.329 982.017
19.009 982.266
17.848 983.446
17.591 983.767
17.337 984.227
16.969 984.797
16.684 985.382
16.466 986.136
16.278 986.638
16.111 987.43
16.056 987.975
16.12 988.53
16.125 989.129
16.204 989.689
16.374 990.272
16.658 990.893
17.183 991.786
17.665 992.444
18.004 992.892
18.793 994.015
19.067 994.428
19.352 995.013
19.688 995.508
19.906 995.94
20.088 996.518
20.25 997.126
20.724 998.847
20.864 999.481
20.978 1000.07
21.022 1000.78
21.097 1001.31
21.134 1001.71
21.251 1002.21
21.306 1002.78
21.417 1003.13
21.843 1003.66
22.26 1004.32
22.495 1004.62
23.045 1005.15
23.506 1005.46
23.96 1005.72
24.771 1006.16
25.397 1006.49
25.954 1006.67
26.516 1006.93
27.32 1007.39
28.722 1008.07
29.436 1008.41
30.521 1008.95
31.076 1009.21
31.649 1009.5
32.282 1009.85
33.776 1010.62
34.34 1010.9
35.124 1011.31
35.65 1011.56
37.966 1012.72
38.527 1012.92
39.082 1013.17
39.601 1013.42
40.143 1013.62
40.656 1013.85
41.298 1014.09
41.953 1014.27
42.636 1014.51
43.469 1014.73
43.962 1014.88
44.506 1015.01
44.985 1015.17
45.515 1015.21
46.127 1015.26
46.664 1015.44
47.147 1015.52
47.681 1015.52
48.469 1015.55
49.046 1015.63
49.639 1015.8
50.249 1015.86
50.855 1015.87
51.88 1015.91
55.543 1016.06
56.205 1016.1
197
54.921 1014.9
50.842 1014.74
50.239 1014.7
49.121 1014.46
48.348 1014.41
47.671 1014.39
46.995 1014.32
46.497 1014.17
45.908 1014.09
45.261 1014.03
44.727 1013.88
44.195 1013.77
43.385 1013.55
42.883 1013.41
42.143 1013.17
41.351 1012.89
40.601 1012.61
39.343 1012.09
38.836 1011.85
38.184 1011.54
37.591 1011.24
36.92 1010.93
36.301 1010.62
35.447 1010.18
34.196 1009.5
32.253 1008.43
31.245 1007.86
29.629 1006.93
29.064 1006.58
28.53 1006.26
28.039 1005.94
27.532 1005.59
27.075 1005.3
26.673 1004.99
26.153 1004.48
25.701 1004.02
25.292 1003.44
24.758 1002.46
24.604 1002.16
24.477 1001.67
24.403 1000.99
24.369 1000.49
24.205 999.777
23.741 998.081
23.639 997.557
23.434 996.81
23.151 996.015
22.97 995.525
22.76 995.159
22.365 994.72
21.948 994.184
21.638 993.753
21.168 993.244
20.571 992.65
19.982 991.97
19.399 991.273
19.059 990.853
18.62 990.225
18.334 989.723
18.062 989.188
17.899 988.733
17.83 988.085
17.846 987.563
17.902 986.937
18.028 986.372
18.277 985.748
18.739 985.021
19.247 984.264
19.576 983.854
20.135 983.28
20.546 982.938
21.097 982.527
21.752 982.19
22.424 981.947
22.951 981.816
23.529 981.772
24.176 981.814
24.949 981.913
25.671 982.173
26.204 982.46
26.709 982.771
27.31 983.205
27.698 983.564
28.16 984.028
28.77 984.721
29.291 985.288
29.643 985.69
29.942 986.207
30.324 986.464
30.649 986.664
31.162 987.107
31.708 987.563
32.239 987.917
32.702 988.254
33.205 988.506
33.879 988.812
34.6 989.103
35.251 989.341
35.734 989.525
36.257 989.672
36.696 989.872
37.21 990.17
37.768 990.403
38.421 990.734
38.978 991.05
39.876 991.691
40.327 991.998
40.891 992.329
41.486 992.672
41.983 992.947
42.618 993.31
43.07 993.593
43.543 993.862
44.148 994.162
44.68 994.446
45.128 994.703
45.71 994.998
46.255 995.205
46.599 995.324
46.792 995.429
47.102 995.743
47.248 995.946
47.609 995.862
47.914 995.724
48.3 995.693
49.041 995.812
49.879 996.001
50.697 996.119
51.383 996.268
51.994 996.421
52.547 996.591
53.031 996.768
53.884 997.114
54.431 997.387
55.444 998.099
55.989 998.42
56.509 998.774
57.012 999.094
57.534 999.367
58.195 999.682
58.833 999.95
59.277 1000.04
59.969 1000.06
60.609 1000.03
61.129 999.97
61.75 999.872
62.432 999.741
63.093 999.582
64.606 999.202
65.296 999.07
65.808 998.98
66.496 998.868
67.145 998.783
68.643 998.601
69.152 998.547
69.822 998.488
70.524 998.446
71.051 998.473
72.231 998.702
72.719 998.827
73.127 999.035
73.485 999.382
73.758 999.759
73.977 1000.25
74.099 1001.01
74.1 1001.66
74.036 1002.27
73.893 1002.84
73.657 1003.67
73.48 1004.21
73.278 1004.76
72.987 1005.5
72.705 1006.18
72.335 1006.98
72.044 1007.53
71.6 1008.24
71.217 1008.78
70.895 1009.22
70.431 1009.71
69.695 1010.35
69.176 1010.75
68.589 1011.15
68.148 1011.41
67.44 1011.77
66.772 1012.09
66.083 1012.38
64.412 1013.03
63.622 1013.33
62.996 1013.55
62.189 1013.82
61.344 1014.09
59.849 1014.48
58.484 1014.74
57.997 1014.79
57.305 1014.78
56.596 1014.91
56.018 1014.95
