0.3
0.7
22
72.263 961.292
72.71 961.011
73.004 960.674
73.064 960.45
72.982 960.244
72.757 960.07
72.385 959.904
72.109 959.917
71.748 960.1
71.507 960.322
71.323 960.605
71.177 960.807
70.958 960.888
70.762 960.823
70.435 960.839
70.262 960.96
70.345 961.096
70.647 961.219
70.835 961.211
71.061 961.175
71.727 961.338
72.056 961.341
62
60.181 971.245
60.634 970.889
61.129 970.533
62.034 969.993
62.52 969.685
63.113 969.244
63.784 968.66
64.116 968.254
64.486 967.87
64.895 967.5
65.282 967.076
65.701 966.642
66.133 966.263
66.377 965.948
66.612 965.334
66.896 964.719
67.047 964.222
67.289 963.03
67.425 962.695
67.762 962.219
68.059 961.95
68.482 961.718
69.202 961.421
69.618 961.14
69.707 960.916
69.663 960.801
69.601 960.762
69.428 960.503
69.201 960.246
69.045 960.15
68.833 960.133
68.673 960.278
68.37 960.825
67.601 961.552
67.211 961.912
66.757 962.449
66.47 962.955
66.143 963.358
66.043 963.536
66.018 963.672
66.174 964.135
66.162 964.57
65.976 965.026
65.591 965.494
65.215 965.905
64.782 966.296
64.358 966.749
63.792 967.476
63.387 967.889
62.925 968.279
62.49 968.606
61.429 969.289
60.898 969.565
60.377 969.987
59.888 970.332
59.112 970.656
58.795 970.802
58.703 970.927
58.715 971.103
58.887 971.297
59.213 971.406
59.728 971.412
91
58.951 980.145
59.471 980.042
59.985 979.93
60.644 979.763
61.173 979.587
61.827 979.378
62.402 979.114
63.357 978.63
63.843 978.391
64.374 978.148
64.837 977.954
65.341 977.677
65.815 977.287
66.349 976.829
66.762 976.504
67.325 976.169
67.794 975.855
68.324 975.381
68.775 974.885
69.215 974.437
69.818 973.924
72.542 971.645
72.84 971.333
73.644 970.295
73.958 969.857
74.339 969.342
74.616 968.849
75.312 967.677
75.563 967.226
75.867 966.57
76.136 966.105
76.378 965.597
76.599 965.147
77.139 964.006
77.324 963.437
77.438 962.659
77.564 962.168
77.763 961.824
77.966 961.673
78.445 961.41
78.632 961.21
78.729 961.014
78.748 960.764
78.643 960.636
78.358 960.536
78.181 960.522
77.81 960.647
77.668 960.752
77.362 961.16
77.117 961.598
76.893 962.076
76.704 962.725
76.51 963.245
76.342 963.748
76.125 964.379
75.834 965.089
75.519 965.691
75.259 966.27
74.4 967.709
74.042 968.297
73.628 968.992
73.329 969.395
72.97 969.759
72.65 970.154
72.337 970.583
71.963 971.014
71.555 971.377
69.477 973.112
69.074 973.436
68.564 973.863
67.489 974.807
67.047 975.156
66.209 975.859
65.757 976.187
65.026 976.64
64.56 976.895
64.022 977.249
63.66 977.486
62.857 977.822
62.347 978.052
61.863 978.315
61.397 978.525
60.765 978.782
60.186 978.956
59.525 979.055
58.393 979.264
57.985 979.429
57.708 979.682
57.643 979.957
57.769 980.11
58.401 980.184
181
61.467 996.301
61.471 996.004
61.385 995.493
61.502 995.044
61.833 994.63
62.211 994.28
62.623 994.081
62.842 994.015
63.083 993.875
63.27 993.625
63.45 993.138
63.792 992.629
64.007 992.154
65.1 990.876
65.895 989.979
66.269 989.525
66.615 989.007
67.128 988.249
67.466 987.803
67.807 987.433
68.609 986.698
69.08 986.236
69.25 986.121
69.449 986.083
69.903 986.231
69.994 986.335
70.14 986.367
70.215 986.455
70.423 986.336
70.747 985.796
70.992 985.358
71.191 984.793
71.494 984.018
71.817 983.446
72.523 982.287
74.338 979.275
74.735 978.757
75.147 978.147
75.481 977.614
75.904 976.997
76.184 976.566
76.472 976.084
76.751 975.577
77.028 975.056
77.294 974.61
77.593 973.991
77.762 973.562
78.087 972.984
78.363 972.472
78.611 971.961
78.84 971.443
79.192 970.975
79.374 970.441
79.635 969.999
79.902 969.502
80.198 969.119
80.596 968.84
80.922 968.665
81.086 968.55
81.177 968.312
81.298 967.779
81.453 967.343
81.711 966.88
82.19 966.317
82.525 965.877
82.806 965.408
83.002 964.883
83.15 964.326
83.385 963.854
83.655 963.417
83.748 962.944
83.726 962.518
83.611 962.38
83.405 962.282
82.989 962.24
82.742 962.342
82.586 962.559
82.542 962.858
82.531 963.481
82.372 964.032
82.235 964.566
82.017 965.035
81.666 965.588
81.355 966.029
80.949 966.49
80.193 967.225
79.834 967.7
79.587 968.143
79.302 968.746
78.984 969.276
78.69 969.792
78.458 970.296
78.209 970.737
77.942 971.331
77.683 971.857
77.395 972.361
76.754 973.37
76.441 973.953
76.136 974.62
75.749 975.327
75.422 975.889
74.606 977.133
74.313 977.567
73.51 978.533
73.025 979.321
72.7 979.873
72.323 980.572
72.029 981.065
71.456 981.938
71.171 982.396
70.658 983.319
70.485 983.74
70.33 984.398
70.087 984.847
69.831 985.197
69.602 985.359
68.909 985.493
68.254 985.729
67.847 985.951
67.436 986.381
67.019 986.895
66.444 987.485
66.112 987.898
65.686 988.638
65.301 989.165
64.887 989.701
64.62 989.914
64.396 989.991
64.22 990.144
64.08 990.677
63.647 991.187
63.26 991.652
63.2 991.753
63.13 992.25
62.82 992.523
62.281 992.766
62.107 992.989
61.944 993.489
61.483 994.055
61.099 994.459
60.877 994.547
60.665 994.526
60.421 994.359
60.267 994.111
60.167 993.754
60.13 993.097
59.955 992.644
59.59 992.168
59.288 991.691
58.965 991.245
58.916 991.114
58.933 990.406
58.887 990.191
58.568 989.767
58.052 989.397
57.566 988.988
57.272 988.837
57.051 988.873
56.963 989.089
57.237 989.576
57.571 990.094
57.873 990.53
58.042 990.845
58.134 991.403
58.245 991.683
58.313 991.718
58.592 992.191
58.816 992.694
59.053 993.181
59.277 993.674
59.608 994.143
59.922 994.654
60.072 995.098
60.1 995.519
59.955 996.051
60.144 996.081
60.266 996.034
60.43 996.114
60.534 996.109
61.025 996.358
61.299 996.457
98
78.793 987.972
79.112 987.483
79.628 986.849
80.022 986.229
80.302 985.757
80.653 985.259
80.929 984.959
81.121 984.864
81.479 984.882
82.027 985.063
82.146 985.101
82.45 985.015
82.624 984.893
83.013 984.425
83.457 984.053
83.928 983.796
84.221 983.575
84.587 983.224
85.157 982.685
85.485 982.256
85.81 981.717
86.379 980.745
86.651 980.269
87.065 979.42
87.735 977.978
87.967 977.408
88.264 976.618
88.495 975.974
88.654 975.461
88.801 974.962
88.962 974.47
89.053 973.594
89.189 972.88
89.241 972.346
89.331 971.178
89.359 970.641
89.344 970.097
89.265 968.989
89.196 968.372
88.995 967.97
88.605 967.402
88.329 966.954
88.052 966.464
87.925 965.971
87.845 965.266
87.763 964.784
87.589 964.488
87.381 964.338
87.27 964.312
87.118 964.389
87 964.553
86.935 964.825
86.936 965.376
86.904 966.008
86.793 966.546
86.569 966.94
86.175 967.481
85.873 968.063
85.751 968.706
85.703 969.366
85.714 970.113
85.729 970.707
85.65 971.531
85.558 972.416
85.461 972.907
85.325 973.505
85.151 974.082
84.963 974.757
84.57 975.855
84.098 977.032
83.514 978.2
83.203 978.764
82.932 979.227
82.601 979.713
81.267 981.615
80.959 982.161
80.659 982.579
80.424 982.945
80.438 983.22
80.572 983.361
80.654 983.596
80.731 983.711
80.723 984.025
80.623 984.262
80.512 984.381
80.032 984.688
79.649 985.026
79.288 985.409
78.946 985.841
78.645 986.341
78.312 986.787
78.021 987.158
77.968 987.319
78.115 987.44
78.302 987.888
78.342 988.131
78.428 988.278
78.479 988.318
66
81.562 983.842
81.484 983.77
81.307 983.713
81.154 983.474
81.229 983.045
81.55 982.656
82.002 982.221
82.316 981.786
82.981 980.968
83.321 980.457
83.685 979.934
84.149 979.118
84.473 978.536
84.72 978.051
84.983 977.523
85.264 976.909
85.476 976.376
85.688 975.798
85.839 975.313
86.072 974.647
86.248 974.126
86.377 973.625
86.516 973
86.565 972.329
86.662 971.742
86.782 971.243
86.842 970.795
86.838 970.277
86.82 969.588
86.822 968.89
86.863 968.374
86.931 968.003
87.166 967.396
87.282 967.211
87.457 967.076
87.695 967.175
87.968 967.62
88.281 968.238
88.434 968.634
88.491 969.271
88.477 969.95
88.397 970.509
88.344 971.021
88.228 972.48
88.166 973.031
88.065 973.643
88.005 974.228
87.838 974.857
87.605 975.603
87.412 976.138
87.188 976.797
86.963 977.369
86.554 978.331
86.282 978.914
86.037 979.355
85.794 979.856
85.505 980.392
85.239 980.858
84.959 981.308
84.263 982.296
83.861 982.652
83.427 982.975
82.941 983.429
82.531 983.718
82.301 983.835
81.925 983.896
15
59.133 967.611
59.426 967.371
59.64 966.905
59.735 966.666
59.74 966.226
59.713 966.059
59.571 965.912
59.434 965.949
59.044 966.314
58.75 966.583
58.51 966.976
58.447 967.205
58.458 967.45
58.594 967.618
58.847 967.67
21
57.264 971.295
57.87 971.069
58.143 970.919
58.34 970.724
58.546 970.225
58.797 969.845
59.229 969.416
59.349 969.223
59.334 969.055
59.145 968.954
58.601 969.136
58.164 969.399
57.759 969.615
57.34 969.784
57.15 969.919
56.931 970.349
56.921 970.438
56.837 970.57
56.858 970.959
56.966 971.203
57.086 971.304
36
69.405 1005.81
69.593 1005.64
69.768 1005.36
69.947 1004.84
69.912 1004.61
69.594 1004.2
69.079 1003.68
68.731 1003.39
68.452 1003.02
68.399 1002.81
68.49 1002.52
68.758 1002.08
68.801 1001.79
68.79 1001.74
68.612 1001.74
68.384 1001.88
68.131 1002.14
67.794 1002.5
67.304 1002.75
67.015 1002.83
66.847 1002.96
66.932 1003.08
66.872 1003.23
66.955 1003.4
66.934 1003.62
67.066 1003.92
67.237 1003.96
67.732 1003.91
68.198 1004.03
68.659 1004.25
69.202 1004.53
69.462 1004.84
69.188 1005.28
69.087 1005.47
69.053 1005.66
69.12 1005.88
340
56.62 1023.81
57.182 1023.7
58.071 1023.6
58.582 1023.47
59.068 1023.31
59.604 1023.13
60.275 1022.86
60.781 1022.57
61.484 1022.22
61.945 1021.95
62.388 1021.64
62.82 1021.36
63.979 1020.5
64.581 1020.1
65.053 1019.8
66 1019.16
66.545 1018.82
67.039 1018.48
67.57 1018.22
68.094 1017.88
68.542 1017.62
70.451 1016.49
71.301 1015.99
71.867 1015.63
72.479 1015.22
72.78 1015.03
73.335 1014.53
73.736 1014.17
74.167 1013.73
74.62 1013.17
74.907 1012.71
75.116 1012.25
75.346 1011.47
75.474 1010.92
75.564 1010.35
75.594 1009.78
75.42 1009.06
75.286 1008.47
75.124 1008.07
74.845 1007.63
74.395 1007.16
73.927 1006.73
73.441 1006.29
73.015 1005.96
72.51 1005.56
72.048 1005.12
71.691 1004.68
71.44 1004.21
71.239 1003.65
71.137 1003.05
71.116 1002.5
71.159 1001.62
71.211 1001.08
71.314 1000.54
71.46 999.945
71.664 999.284
71.923 998.55
72.087 998.049
72.298 997.456
72.8 996.287
73.039 995.802
73.285 995.228
73.629 994.654
73.934 994.067
74.263 993.554
74.521 993.104
74.825 992.67
75.33 992.094
75.725 991.655
76.462 991.067
76.984 990.704
77.471 990.46
78.159 990.21
78.672 990.016
79.171 989.855
79.789 989.733
80.341 989.601
81.126 989.426
81.689 989.329
82.373 989.146
83.01 988.969
83.604 988.768
84.754 988.099
85.697 987.509
86.215 987.032
86.595 986.69
86.921 986.315
87.265 985.838
87.672 985.357
88.416 984.305
88.704 983.871
88.995 983.366
89.354 982.784
89.652 982.209
89.921 981.716
90.197 981.157
90.428 980.613
90.712 980.005
91.224 978.616
91.644 977.393
91.755 976.879
91.939 976.238
92.036 975.627
92.153 975.132
92.261 974.591
92.324 974.041
92.36 973.499
92.396 971.997
92.342 971.369
92.256 970.766
92.209 970.117
92.068 969.323
91.934 968.77
91.782 968.115
91.599 967.495
91.424 966.98
91.205 966.317
90.659 964.894
90.401 964.306
89.515 962.506
88.861 961.401
88.512 960.824
88.18 960.365
87.591 959.74
87.132 959.238
86.766 958.828
86.266 958.349
85.862 958.046
85.367 957.65
84.843 957.341
84.182 956.985
83.642 956.745
82.286 956.17
81.554 955.895
81.023 955.705
80.48 955.529
79.253 955.169
78.815 955.055
78.251 954.952
77.698 954.765
77.055 954.707
76.517 954.513
76.048 954.421
75.328 954.415
74.806 954.378
74.176 954.278
73.411 954.149
72.976 954.128
71.917 954.255
71.292 954.249
70.769 954.285
70.278 954.399
69.615 954.502
69.105 954.624
68.562 954.789
67.991 955.009
67.314 955.225
66.851 955.426
65.977 955.829
65.451 956.079
65.004 956.368
64.463 956.642
64.058 956.851
63.392 957.289
62.859 957.662
62.265 958.034
61.764 958.429
61.227 958.775
60.697 959.177
59.999 959.839
59.056 960.704
58.686 961.129
58.38 961.557
58.001 962.032
57.671 962.63
57.085 963.767
56.925 964.308
56.657 965.142
56.474 965.687
56.346 966.331
56.184 966.866
56.018 967.387
55.785 967.953
55.591 968.441
55.404 968.954
55.144 969.443
54.503 970.419
53.972 971.019
53.55 971.465
53.162 971.83
52.732 972.136
52.258 972.528
50.648 973.584
50.084 973.904
48.462 974.881
47.994 975.115
47.405 975.448
46.87 975.732
45.068 976.781
44.351 977.143
43.864 977.428
43.363 977.704
42.043 978.445
41.381 978.74
40.895 978.971
40.398 979.257
39.749 979.577
39.086 979.884
38.514 980.162
37.869 980.453
37.359 980.664
36.491 980.959
34.979 981.441
34.362 981.612
33.633 981.775
32.411 982.029
31.904 982.147
31.41 982.237
30.551 982.371
29.718 982.472
28.937 982.586
27.586 982.772
26.125 982.923
25.544 983.004
24.405 983.132
23.725 983.23
23.105 983.288
22.602 983.355
22.02 983.415
21.313 983.498
20.59 983.57
19.313 983.72
17.354 983.875
16.591 983.965
15.903 984.017
15.286 984.053
14.495 984.13
13.758 984.176
13.246 984.214
12.738 984.277
12.049 984.336
11.455 984.358
10.097 984.515
9.596 984.485
9.095 984.495
8.582 984.618
8.09 984.693
7.462 984.648
6.959 984.653
6.428 984.799
5.902 984.855
5.339 984.821
4.804 984.828
4.212 984.948
3.683 985.014
3.006 984.993
2.543 985.043
1.908 985.16
1.339 985.218
1.128 985.362
1.041 985.647
0.984 987.45
0.092 1009.85
0.047 1010.6
0.032 1011.13
0.099 1011.37
0.232 1011.51
0.557 1011.59
1.129 1011.59
2.694 1011.64
4.1 1011.67
4.729 1011.66
5.244 1011.66
6.416 1011.64
6.994 1011.66
8.124 1011.64
8.655 1011.65
9.308 1011.63
10.175 1011.66
11.689 1011.73
12.636 1011.75
13.606 1011.85
14.128 1011.89
15.33 1012.04
16.784 1012.21
17.632 1012.34
18.483 1012.47
19.281 1012.59
20.406 1012.78
20.952 1012.87
21.585 1012.99
22.829 1013.19
23.358 1013.27
24.447 1013.46
25.209 1013.58
25.966 1013.67
26.624 1013.77
27.519 1013.89
28.403 1014.02
29.198 1014.12
29.871 1014.24
30.62 1014.37
31.186 1014.45
31.76 1014.57
32.262 1014.68
33.751 1015.09
34.781 1015.38
35.337 1015.59
36.532 1015.99
37.217 1016.24
37.729 1016.44
38.439 1016.73
38.961 1016.95
39.444 1017.14
40.027 1017.38
40.657 1017.66
41.413 1018
41.873 1018.22
42.329 1018.45
43.087 1018.82
43.836 1019.25
44.291 1019.54
45.283 1020.15
45.772 1020.43
46.451 1020.82
47.918 1021.63
48.397 1021.86
49.014 1022.11
49.678 1022.39
50.354 1022.64
51.001 1022.85
51.586 1023.02
52.06 1023.16
52.687 1023.27
53.253 1023.46
53.828 1023.51
54.269 1023.53
54.832 1023.73
55.233 1023.81
55.939 1023.83
1279
73.656 1010.5
73.359 1010.1
73.213 1009.68
73.067 1009.01
72.779 1008.49
72.438 1008.1
72.026 1007.81
71.411 1007.57
70.915 1007.4
70.235 1007.2
69.659 1006.89
69.306 1006.57
69.045 1006.13
69.12 1005.88
68.939 1006.12
68.621 1006.14
68.362 1006.14
68.055 1006.02
67.649 1005.74
67.22 1005.34
66.778 1004.84
66.549 1004.69
66.321 1004.6
65.677 1004.46
65.205 1004.19
65 1004
64.964 1003.72
64.98 1003.55
65.128 1003.3
65.412 1003.06
65.836 1002.84
66.382 1002.78
66.578 1002.74
66.634 1002.64
66.534 1002.51
66.486 1002.32
66.535 1001.88
66.741 1001.42
67.065 1001
67.666 1000.44
68.029 1000.01
68.348 999.567
68.783 998.945
69.195 998.347
69.563 997.785
69.827 997.342
70.102 996.86
70.313 996.402
70.598 995.848
70.806 995.358
71.05 994.911
71.306 994.461
71.666 993.863
71.973 993.383
72.22 993.085
72.367 992.669
72.46 992.332
72.775 991.865
73.201 991.397
73.582 990.923
73.879 990.512
74.219 990.071
74.604 989.68
75.092 989.266
75.549 989.017
76.055 988.861
76.536 988.636
76.97 988.318
77.359 987.972
77.615 987.712
77.74 987.519
77.886 987.366
77.57 987.295
77.215 987.366
76.645 987.597
76.116 987.725
75.984 987.658
75.99 987.483
76.147 987.178
76.655 986.627
77.002 986.209
77.434 985.592
78.614 983.624
78.953 983.216
79.35 982.924
79.406 982.76
79.381 982.244
79.478 981.829
79.703 981.364
80.014 980.852
81.27 978.563
81.561 978.012
81.813 977.476
82.392 976.317
82.793 975.54
83.024 975.026
83.561 973.603
83.746 973.13
84.086 971.971
84.27 971.453
84.319 971.174
84.253 970.624
84.221 970.502
83.897 970.03
83.678 969.585
83.687 969.142
83.887 968.648
84.234 968.03
84.437 967.465
84.692 966.96
85.005 966.354
85.278 965.917
85.679 965.387
85.995 964.826
86.13 964.534
86.191 964.036
86.229 963.49
86.354 963.093
86.557 962.648
86.596 962.405
86.568 962.188
86.313 961.718
85.663 960.734
85.218 960.343
84.666 960.042
84.163 959.803
83.649 959.511
83.085 959.276
82.592 959.14
82.042 958.925
81.554 958.728
80.973 958.461
80.29 958.184
79.625 957.947
79.101 957.832
78.579 957.767
78.083 957.61
77.605 957.507
76.098 957.464
75.406 957.374
74.817 957.235
74.081 957.13
73.183 957.072
72.635 957.084
72.226 957.196
71.669 957.424
71.17 957.588
70.642 957.737
70.049 957.815
68.924 957.903
68.439 958.032
67.807 958.313
67.188 958.62
65.634 959.553
65.086 959.946
64.69 960.222
64.227 960.501
63.864 960.911
63.462 961.46
63.071 961.838
62.845 962.138
62.775 962.329
62.778 962.642
62.98 963.295
63.043 963.847
62.978 964.131
62.719 964.568
62.289 965.161
61.943 965.592
61.567 966.099
61.132 966.524
60.62 966.948
60.223 967.32
59.966 967.705
59.941 967.99
60.131 968.177
60.475 968.084
60.907 967.782
61.509 967.286
61.882 966.953
62.219 966.58
62.622 966.079
63.168 965.483
63.659 964.896
63.73 964.732
63.754 964.426
63.611 963.905
63.651 963.329
63.587 962.821
63.596 962.613
63.729 962.306
64.182 961.615
64.635 961.087
65.061 960.741
65.68 960.437
66.122 960.176
66.529 959.876
67.27 959.367
67.798 959.019
68.285 958.768
68.901 958.629
69.477 958.611
70.063 958.614
70.433 958.551
71.029 958.337
71.548 958.249
72.022 958.083
72.454 957.863
72.846 957.826
73.693 957.865
74.355 957.883
74.794 957.909
75.105 958.012
75.559 958.264
75.758 958.201
76.266 958.208
76.853 958.226
77.464 958.3
77.946 958.475
78.443 958.557
78.992 958.58
79.27 958.635
79.8 958.898
80.278 959.108
80.748 959.28
82.031 959.806
82.965 960.255
83.415 960.508
83.851 960.728
84.463 960.895
84.921 961.16
85.228 961.47
85.453 961.841
85.521 962.372
85.511 962.908
85.437 963.478
85.323 963.968
85.093 964.526
84.868 964.821
84.471 965.216
84.125 965.604
83.818 966.043
83.603 966.544
83.378 967.053
83.068 967.824
82.839 968.306
82.503 968.735
82.094 969.306
81.694 969.783
81.323 970.339
80.969 970.763
80.664 971.228
80.38 971.75
80.171 972.212
79.873 972.807
79.344 973.913
79.03 974.531
78.767 975.027
78.457 975.654
78.197 976.243
76.866 978.689
75.112 981.86
74.787 982.429
74.486 982.924
74.185 983.374
73.829 983.944
73.174 985.017
72.886 985.5
72.624 985.929
72.292 986.613
72.044 987.073
71.896 987.239
71.569 987.441
70.94 987.666
70.499 987.958
70.277 988.359
70.073 988.906
69.923 989.485
69.86 990.06
69.724 990.387
69.58 990.647
69.416 991.218
69.437 991.276
69.369 991.574
69.217 991.895
69.086 992.494
68.928 993.078
68.798 993.332
68.373 993.873
67.964 994.374
67.586 994.807
67.175 995.252
66.858 995.603
66.538 996.065
66.147 996.507
65.799 996.971
64.963 997.89
64.639 998.37
64.343 998.853
63.992 999.234
63.508 999.609
63.105 1000.08
62.74 1000.7
62.384 1001.18
62.042 1001.6
61.959 1001.74
61.58 1002.04
61.352 1002.08
61.081 1001.98
60.87 1001.75
60.504 1001.21
60.385 1000.95
60.401 1000.64
60.424 1000.53
60.827 999.965
61.165 999.561
61.521 999.195
61.87 998.841
62.237 998.651
62.728 998.576
62.789 998.557
62.878 998.353
62.877 998.056
62.983 997.705
63.495 997.152
63.849 996.688
64.37 996.194
64.824 995.738
65.238 995.237
65.647 994.775
66.01 994.281
66.364 993.836
66.797 993.403
67.135 993.015
67.482 992.52
67.8 992.126
68.151 991.669
68.567 991.207
68.92 990.803
68.971 990.707
68.93 990.543
68.807 990.415
68.552 990.421
68.203 990.614
67.77 991
67.192 991.502
66.703 991.969
66.31 992.405
65.957 992.868
65.588 993.306
65.184 993.729
64.848 994.141
64.505 994.597
64.077 994.999
63.594 995.521
63.294 995.951
62.943 996.441
62.599 996.825
62.337 997.029
61.854 997.333
61.458 997.849
61.092 998.38
60.846 998.76
60.591 998.98
60.365 999.018
60.247 998.995
59.99 998.788
59.695 998.304
59.152 997.177
59.096 997.022
58.878 996.817
58.604 996.559
58.42 996.156
58.364 995.791
58.409 995.192
58.421 994.834
58.328 994.652
57.927 994.356
57.614 993.966
57.277 993.564
57.043 993.131
56.9 992.602
56.724 992.149
56.398 991.62
55.861 990.729
55.421 990.244
55.136 989.988
54.663 989.686
54.176 989.457
53.534 989.196
53.051 988.925
52.585 988.561
52.04 988.182
51.557 987.914
51.135 987.623
50.904 987.413
50.709 987.147
50.318 986.748
49.882 986.432
49.375 986.123
48.973 985.851
48.705 985.382
48.565 985.197
48.201 985.007
47.723 984.85
47.173 984.702
46.635 984.642
46.009 984.511
45.59 984.319
45.427 984.144
45.372 983.831
45.362 983.531
45.307 983.36
45.114 983.397
44.949 983.355
44.423 983.377
43.905 983.387
43.224 983.357
42.659 983.307
42.208 983.177
41.738 982.918
41.503 982.657
41.426 982.455
41.502 982.209
41.995 981.977
42.648 981.77
43.41 981.612
43.978 981.505
44.502 981.333
45.034 981.112
45.543 980.855
46.159 980.508
46.712 980.213
47.254 979.906
47.901 979.59
48.561 979.33
48.911 979.147
49.373 978.799
50.125 978.334
50.69 977.902
51.133 977.517
51.653 977.108
52.271 976.702
52.817 976.42
53.371 976.225
53.84 976.224
54.117 976.366
54.274 976.517
54.478 976.739
54.933 977.02
55.111 977.202
55.164 977.398
55.101 977.636
54.939 977.831
54.297 978.334
53.825 978.576
53.354 978.775
52.705 979.04
52.142 979.327
51.662 979.692
51.116 979.97
50.561 980.217
49.965 980.54
48.994 981.112
48.575 981.391
48.107 981.608
47.321 981.846
46.692 981.953
46.169 981.983
45.86 982.047
45.758 982.169
45.693 982.508
45.686 982.752
45.659 982.839
45.695 983.035
45.602 983.135
45.983 983.089
46.593 982.966
47.884 982.747
48.227 982.671
48.551 982.495
48.982 982.175
49.849 981.636
50.316 981.384
51.107 981.042
51.612 980.805
52.144 980.409
52.704 980.027
53.187 979.807
53.738 979.7
54.288 979.702
54.773 979.872
55.204 980.221
55.609 980.539
55.932 980.71
56.315 981.079
56.392 981.241
56.425 981.255
56.277 981.421
55.769 981.53
55.188 981.543
54.561 981.594
53.865 981.769
53.302 981.981
52.852 982.219
52.416 982.515
51.844 982.865
51.324 983.159
50.819 983.342
50.399 983.396
49.816 983.387
49.505 983.405
49.202 983.476
49.019 983.598
49.033 983.89
49.32 984.432
49.47 984.534
49.883 984.534
50.339 984.418
50.816 984.378
51.384 984.196
51.764 983.999
52.13 983.583
52.395 983.314
52.783 983.137
53.379 983.053
53.775 982.921
54.319 982.6
54.897 982.308
55.352 982.16
55.956 982.118
57.073 982.137
57.677 982.171
58.215 982.243
58.62 982.352
58.817 982.509
58.867 982.714
58.791 982.989
58.553 983.486
58.391 983.694
58.256 983.804
57.889 983.946
57.165 984.048
56.579 984.137
56.001 984.175
55.362 984.231
54.852 984.314
54.429 984.409
54.167 984.562
53.874 984.93
53.775 985.138
53.541 985.305
53.209 985.268
51.872 985.139
51.529 985.162
51.373 985.29
51.371 985.483
51.446 985.681
51.807 986.048
52.057 986.254
52.424 986.439
52.875 986.583
53.016 986.687
53.236 987.19
53.5 987.636
53.659 987.843
53.851 987.981
54.089 988.038
54.411 988.036
54.997 987.915
55.53 987.799
55.964 987.83
56.568 987.921
56.831 987.858
58.139 987.211
58.659 987.02
58.907 987.013
59.16 987.077
59.599 987.367
59.98 987.542
60.528 987.535
60.585 987.505
60.911 987.678
61.228 988.061
61.549 988.376
61.515 988.655
61.313 988.961
60.956 989.179
60.499 989.365
60.123 989.678
59.925 989.971
59.906 990.072
60.019 990.154
60.51 990.282
60.688 990.362
60.851 990.494
61.077 990.956
61.365 991.276
61.759 991.584
62.186 991.753
62.437 991.74
62.679 991.559
62.714 991.392
62.631 991.214
62.489 990.979
61.959 990.663
61.433 990.323
61.376 990.299
61.262 990.077
61.296 989.823
61.48 989.544
61.976 989.056
62.358 988.727
62.809 988.445
63.342 988.132
63.661 987.891
63.828 987.603
64.006 987.111
64.273 986.631
64.685 986.1
65.116 985.592
65.553 985.293
66.069 984.969
66.684 984.654
67.19 984.486
67.744 984.199
68.402 983.688
68.818 983.301
69.195 982.878
69.377 982.567
69.49 982.183
69.563 981.657
69.677 981.338
70.017 980.71
70.229 980.323
70.56 979.91
70.984 979.463
71.114 979.19
71.275 978.59
71.391 977.878
71.507 977.389
71.764 976.96
72.233 976.505
73.005 975.869
73.372 975.52
73.664 975.095
74.14 974.444
74.602 973.769
74.899 973.349
75.217 972.882
75.919 971.774
76.344 971.125
76.612 970.64
76.892 970.151
77.147 969.687
77.32 969.204
77.568 968.595
77.759 968.047
78.584 966.445
78.858 966.051
79.266 965.554
79.656 964.992
79.905 964.611
79.994 964.28
79.995 963.741
80.066 963.168
80.211 962.599
80.294 962.092
80.353 961.593
80.349 961.253
80.211 960.896
79.988 960.449
79.908 960.385
79.802 960.463
79.703 960.701
79.626 961.238
79.562 961.88
79.519 962.405
79.393 963.16
79.248 963.69
79.095 964.138
78.867 964.618
78.573 965.105
77.955 966.101
77.699 966.462
77.184 967.455
76.942 967.933
76.763 968.46
76.5 968.962
76.216 969.532
75.963 970.018
75.706 970.478
75.442 970.936
75.057 971.503
74.254 972.613
73.972 973.032
73.627 973.53
73.22 974.131
72.89 974.567
72.423 975.009
71.94 975.431
71.57 975.809
71.246 976.238
70.934 976.46
70.343 976.575
69.777 976.604
69.23 976.702
68.658 976.916
68.349 977.168
68.01 977.537
67.498 978.071
66.994 978.485
66.548 978.872
66.227 979.305
66.134 979.727
66.054 980.198
65.783 980.59
65.368 980.98
65.115 981.111
64.604 981.18
63.96 981.26
63.601 981.22
63.438 981.1
63.278 980.758
63.194 980.532
63.11 980.435
62.905 980.43
62.752 980.504
62.318 980.932
61.84 981.293
61.53 981.444
61.003 981.567
60.516 981.693
59.895 981.86
59.493 981.932
59.132 981.889
58.665 981.689
58.116 981.533
57.514 981.521
57.048 981.436
56.89 981.256
57.027 980.983
57.222 980.469
57.175 980.271
56.972 980.167
56.215 980.122
55.721 979.942
55.362 979.673
54.951 979.426
54.717 979.182
54.669 978.998
54.698 978.82
54.832 978.6
55.432 978.079
56.057 977.673
56.309 977.59
56.63 977.581
57.038 977.722
57.225 977.807
57.317 977.823
57.73 977.684
57.817 977.621
58.293 977.473
58.842 977.251
59.297 977.13
60.056 977.025
60.564 976.914
61.142 976.692
61.775 976.351
62.489 976.036
63.018 975.823
63.489 975.503
63.971 975.15
64.496 974.835
64.949 974.504
65.474 974.054
65.918 973.721
66.389 973.327
66.789 972.964
67.385 972.444
67.744 972.084
68.125 971.641
68.698 971.124
69.248 970.783
69.528 970.612
70.004 970.105
70.527 969.595
71.034 969.178
71.413 968.814
71.759 968.286
72.219 967.659
72.777 966.77
73.011 966.265
73.393 965.166
73.704 964.48
73.948 964.01
74.221 963.549
74.45 963.103
74.63 962.565
74.756 962.021
74.957 961.514
75.186 961.191
75.49 960.981
75.731 960.889
76.028 960.866
76.266 960.907
76.492 960.852
76.54 960.828
76.534 960.707
76.375 960.542
75.987 960.241
75.77 959.928
75.716 959.588
75.78 959.082
75.658 958.743
75.512 958.55
75.35 958.525
75.231 958.662
75.168 959.107
75.192 959.44
75.144 959.621
74.907 959.869
74.778 960.498
74.697 960.858
74.242 961.872
73.953 962.535
73.629 962.877
73.373 963.051
73.308 963.183
73.173 963.811
72.874 964.497
72.599 965.074
72.346 965.757
72.118 966.269
71.86 966.78
71.535 967.282
70.732 968.258
70.331 968.658
69.87 969.106
69.537 969.523
69.128 969.902
68.622 970.276
68.074 970.58
67.697 970.86
67.204 971.31
66.309 972.225
65.909 972.596
65.5 972.942
65.023 973.3
64.029 973.969
63.439 974.444
63.013 974.737
62.468 974.977
61.982 975.223
61.258 975.618
60.042 976.125
59.388 976.323
58.825 976.535
58.509 976.548
58.352 976.488
58.23 976.349
58.239 975.802
58.013 975.632
57.857 975.675
57.608 975.941
57.495 976.436
57.359 976.671
57.1 976.818
56.796 976.884
56.258 976.677
55.593 976.45
54.819 976.153
54.544 975.99
54.337 975.73
54.289 975.508
54.363 975.206
54.508 974.966
54.972 974.608
55.326 974.335
55.739 973.944
56.184 973.621
56.62 973.505
56.911 973.533
57.243 973.659
57.591 973.961
57.884 974.404
58.048 974.538
58.49 974.656
59.159 974.65
59.682 974.465
60.316 974.157
60.882 973.894
61.407 973.568
62.333 973.062
62.839 972.744
63.248 972.418
64.349 971.508
65.003 970.947
65.399 970.594
65.758 970.22
66.12 969.831
66.622 969.306
67.044 968.834
67.759 968.171
68.797 967.326
69.345 966.8
69.637 966.355
69.904 965.831
70.067 965.208
70.159 964.673
70.287 964.225
70.623 963.562
70.862 963.027
70.962 962.694
70.964 962.473
70.801 962.257
70.686 962.21
70.365 962.267
70.199 962.375
69.919 962.792
69.779 963.149
69.644 963.811
69.478 964.301
69.335 964.836
69.17 965.483
69.033 965.848
68.859 966.122
68.499 966.472
67.808 967.046
66.773 967.916
66.437 968.246
66.032 968.744
65.492 969.221
65.038 969.685
64.63 970.124
63.693 970.943
63.311 971.266
62.863 971.595
62.391 971.9
61.253 972.576
60.671 972.983
59.957 973.36
59.448 973.562
59.041 973.637
58.689 973.634
58.415 973.55
58.239 973.417
58.021 973.057
57.556 972.682
57.271 972.212
57.1 971.958
57.038 971.931
56.793 972.01
56.395 972.375
55.955 972.751
54.989 973.225
54.578 973.546
54.159 974.005
53.875 974.587
53.606 974.998
53.13 975.261
52.654 975.422
52.011 975.685
51.56 975.915
51.139 976.194
50.633 976.619
50.024 977.141
49.594 977.5
49.093 977.825
48.587 978.108
48.021 978.399
47.556 978.684
46.842 979.006
45.673 979.699
45.104 979.961
44.531 980.173
43.874 980.429
43.243 980.639
42.676 980.841
42.114 981.051
41.69 981.289
41.289 981.608
40.82 981.859
40.203 981.985
39.565 982.169
38.793 982.481
37.866 983.076
37.33 983.232
36.635 983.329
35.802 983.46
35.226 983.586
34.359 983.91
33.864 984.156
33.347 984.451
33.002 984.548
32.302 984.553
31.708 984.525
30.982 984.579
30.288 984.669
29.608 984.749
29.115 984.833
27.693 984.955
26.86 984.995
26.41 985.045
25.85 985.183
25.168 985.308
24.673 985.391
24.155 985.507
23.586 985.547
22.858 985.676
22.314 985.698
21.549 985.751
20.928 985.876
20.229 986.022
19.561 986.08
18.623 986.092
17.857 986.06
17.195 986.043
16.478 986.017
15.933 986.03
15.419 986.162
14.938 986.243
14.353 986.222
13.846 986.291
13.238 986.432
12.682 986.478
12.18 986.482
11.667 986.549
11.148 986.571
10.575 986.57
9.95 986.663
9.283 986.73
8.779 986.731
8.272 986.71
7.765 986.696
7.203 986.688
6.452 986.743
5.782 986.823
4.912 986.821
4.249 986.791
3.703 986.771
2.799 986.76
2.361 986.72
2.174 986.652
2.075 986.54
2.074 986.413
2.182 986.245
2.446 986.075
2.991 986.009
3.514 986.017
4.027 986.034
4.718 986.012
5.353 985.899
5.865 985.863
6.394 985.873
6.911 985.799
7.413 985.685
7.916 985.673
8.419 985.718
8.969 985.693
9.467 985.57
9.956 985.515
10.697 985.522
11.252 985.419
11.909 985.351
12.486 985.363
12.985 985.328
13.508 985.233
14.138 985.168
14.753 985.096
15.586 985.018
16.151 984.976
18.136 984.797
18.905 984.738
19.456 984.683
20.008 984.617
22.456 984.365
23.138 984.282
23.855 984.2
24.952 984.068
25.628 983.992
26.658 983.868
27.426 983.786
28.288 983.677
29.039 983.571
30.292 983.41
30.998 983.304
31.607 983.207
32.164 983.096
33.002 982.919
33.743 982.773
34.297 982.646
34.812 982.513
36.526 981.979
37.014 981.817
37.604 981.592
38.229 981.328
38.914 981.016
40.174 980.428
41.122 979.924
41.619 979.68
42.165 979.422
42.991 978.988
43.459 978.717
44.613 978.082
45.199 977.772
46.182 977.227
47.183 976.65
47.63 976.411
48.334 976.027
48.96 975.66
50.236 974.892
50.818 974.564
51.244 974.301
52.224 973.66
52.981 973.085
53.551 972.664
53.933 972.332
54.413 971.859
55.042 971.18
55.37 970.781
55.762 970.236
56.1 969.811
56.274 969.51
56.463 968.88
56.965 967.569
57.297 966.54
57.415 965.997
57.55 965.498
57.933 964.37
58.141 963.865
58.632 962.88
58.922 962.389
59.295 961.9
59.596 961.474
60.019 961.023
60.413 960.661
60.947 960.158
61.341 959.84
61.775 959.575
62.184 959.251
62.496 959.004
64.448 957.75
65.087 957.41
65.549 957.139
66.044 956.885
67.161 956.369
67.776 956.115
68.386 955.895
68.95 955.709
69.444 955.555
70.084 955.441
70.772 955.304
71.294 955.259
71.891 955.253
72.4 955.221
72.928 955.178
73.731 955.251
74.253 955.319
74.817 955.384
75.647 955.412
76.152 955.457
76.741 955.64
77.263 955.734
77.778 955.818
78.269 955.979
78.812 956.076
79.43 956.263
80.087 956.43
80.893 956.698
81.482 956.916
82.071 957.144
83.183 957.61
83.823 957.918
84.347 958.201
84.813 958.47
85.501 958.963
85.91 959.268
86.295 959.627
86.737 960.117
87.196 960.607
87.577 961.118
88.008 961.806
88.335 962.369
88.726 963.104
88.954 963.554
89.253 964.159
89.559 964.81
89.803 965.388
90.005 965.903
90.193 966.399
90.362 966.889
90.676 967.823
90.825 968.342
91.044 969.258
91.159 969.784
91.225 970.341
91.29 970.965
91.367 971.626
91.384 972.202
91.351 973.055
91.308 973.872
91.259 974.475
91.14 975.022
91.001 975.821
90.855 976.434
90.634 977.315
90.428 977.937
90.212 978.564
89.942 979.29
89.737 979.8
89.442 980.473
89.2 981.006
88.91 981.569
88.642 982.072
88.207 982.839
87.814 983.47
87.395 984.123
86.755 985.026
86.393 985.427
85.957 986.03
85.695 986.325
85.304 986.642
84.274 987.285
83.764 987.588
83.299 987.823
82.767 988.025
82.269 988.174
81.776 988.307
81.227 988.42
79.862 988.73
79.25 988.861
78.618 989.011
78.185 989.081
77.706 989.336
77.114 989.597
76.64 989.855
76.091 990.24
75.616 990.603
75.209 990.946
74.74 991.398
74.377 991.803
73.874 992.416
73.578 992.847
73.296 993.283
72.993 993.792
72.415 994.807
72.164 995.357
71.932 995.831
71.672 996.4
71.371 997.091
71.152 997.639
70.674 999
70.514 999.476
70.358 1000.05
70.208 1000.69
70.136 1001.29
70.099 1002.43
70.118 1002.94
70.216 1003.51
70.312 1004.01
70.311 1004.41
70.385 1004.64
70.713 1005.02
71.085 1005.44
71.624 1005.99
72.136 1006.44
72.793 1006.93
73.292 1007.32
73.643 1007.7
73.89 1008.08
74.039 1008.44
74.136 1008.95
74.248 1009.49
74.365 1009.98
74.328 1010.4
74.259 1010.56
74.105 1010.65
73.913 1010.65
80
71.349 990.862
71.106 990.685
70.918 990.254
70.887 989.828
70.932 989.559
71.254 988.916
71.609 988.462
71.856 988.278
72.164 988.305
72.344 988.389
72.557 988.584
72.728 988.526
72.831 987.901
73.071 987.344
73.336 986.876
74.284 985.305
74.583 984.82
75.304 983.755
75.601 983.265
75.864 982.81
76.576 981.512
77.206 980.385
77.854 979.207
78.449 978.105
78.697 977.658
78.983 977.031
79.399 976.182
79.903 975.263
80.125 974.676
80.344 974.211
80.648 973.645
80.914 973.17
81.178 972.682
81.437 972.021
81.915 970.962
82.194 970.513
82.534 970.034
82.715 969.936
82.938 969.908
83.125 970.011
83.26 970.195
83.298 970.668
83.191 971.354
83.085 972.001
82.88 972.538
82.715 972.983
82.267 973.908
82.031 974.411
81.758 975.057
81.281 976.089
80.978 976.789
79.824 978.875
79.141 980.129
78.896 980.632
78.643 981.272
78.393 981.848
78.144 982.292
77.846 982.795
77.414 983.512
77.09 984.038
76.809 984.515
76.217 985.312
75.913 985.775
75.637 986.402
75.466 986.92
75.213 987.451
74.88 988.053
74.516 988.447
73.865 988.903
73.529 989.035
73.147 989.062
73.101 989.029
72.99 989.058
72.926 989.135
72.978 989.559
72.899 990.027
72.68 990.411
72.294 990.83
72.06 990.968
71.653 990.977
124
61.929 987.737
61.737 987.534
61.54 987.407
60.934 987.236
60.447 986.952
59.94 986.76
59.48 986.655
59.187 986.476
58.975 986.196
58.697 986.096
58.32 986.2
57.623 986.554
57.034 986.759
56.427 986.895
55.864 986.988
55.466 987.358
55.17 987.443
54.93 987.337
54.406 986.986
53.927 986.771
53.386 986.554
53.291 986.365
53.409 985.888
53.508 985.658
53.706 985.452
54.272 985.338
55.168 985.233
55.726 985.159
56.429 985.013
57.781 984.757
58.261 984.589
58.664 984.519
58.978 984.567
59.252 984.712
59.657 985.074
59.979 985.209
60.527 985.222
61.133 985.21
61.781 985.191
62.495 985.158
62.884 985.072
63.042 984.872
63.054 984.612
62.973 984.413
62.711 984.268
62.334 984.153
61.821 984.16
61.307 984.313
60.804 984.474
60.291 984.558
60.026 984.538
59.73 984.45
59.481 984.31
59.204 983.971
59.145 983.705
59.201 983.321
59.436 982.916
59.944 982.62
60.612 982.516
61.182 982.411
61.672 982.255
62.226 982.106
62.819 981.91
63.295 981.825
63.804 981.864
64.469 981.888
65.009 981.868
65.132 981.893
65.188 981.938
65.254 982.318
65.237 982.625
65.328 982.841
65.479 982.888
65.636 982.843
65.804 982.706
65.988 982.426
66.159 981.888
66.365 981.345
66.715 980.876
66.899 980.557
67.052 980.113
67.172 979.676
67.42 979.288
67.646 979.046
68.095 978.67
68.468 978.345
68.91 977.858
69.311 977.475
69.8 977.27
70.262 977.22
70.537 977.285
70.635 977.38
70.702 977.577
70.705 977.833
70.574 978.326
70.315 978.769
69.96 979.268
69.757 979.446
69.496 979.57
69.065 979.696
68.928 979.786
68.953 979.997
69.041 980.32
69.005 980.661
68.822 981.173
68.712 981.634
68.466 982.08
68.121 982.499
67.789 982.918
67.435 983.335
67.253 983.519
66.805 983.755
66.286 983.888
65.599 984.047
65.24 984.248
64.776 984.616
64.233 985.126
63.824 985.613
63.658 985.892
63.431 986.62
63.275 986.93
62.86 987.399
62.472 987.745
62.139 987.822
85
55.872 996.27
55.632 996.009
55.426 995.477
55.244 994.97
55.116 994.313
54.977 993.84
54.758 993.642
54.51 993.498
54.133 993.049
53.766 992.59
53.38 992.036
53.031 991.64
52.483 991.234
51.925 990.898
51.459 990.554
50.936 990.195
50.385 989.844
49.389 989.186
48.84 988.808
48.307 988.466
47.236 987.917
46.646 987.641
45.455 987.189
44.976 986.99
44.359 986.674
43.769 986.416
43.277 986.238
42.709 985.965
42.082 985.717
41.499 985.45
40.385 984.856
39.548 984.612
38.996 984.44
38.528 984.225
38.328 984.05
38.254 983.892
38.288 983.668
38.442 983.499
38.799 983.311
39.324 983.135
39.997 982.955
40.52 982.956
40.794 983.052
41.182 983.373
41.639 983.842
42.144 984.148
42.657 984.307
43.365 984.349
43.942 984.361
44.25 984.439
44.741 984.827
45.008 985.057
45.589 985.356
46.134 985.518
46.668 985.651
47.229 985.763
47.566 985.892
48.027 986.243
48.56 986.713
49.096 987.125
49.608 987.419
49.965 987.743
50.463 988.29
50.872 988.649
51.32 988.874
51.909 989.093
52.352 989.348
52.758 989.658
53.195 989.943
53.776 990.189
54.313 990.487
54.781 990.898
55.075 991.237
55.365 991.799
55.629 992.246
55.801 992.62
55.829 992.797
56.161 993.272
56.523 993.777
57.086 994.791
57.138 995.154
57.007 995.655
56.84 995.944
56.311 996.167
56.041 996.293
162
53.975 1001.18
53.825 1001.07
53.472 1000.61
53.171 1000.26
53.029 999.923
52.933 999.563
52.713 999.372
52.23 999.199
51.802 998.886
51.335 998.367
50.991 997.919
50.873 997.538
50.893 997.426
50.81 997.297
50.704 997.235
50.592 997.262
50.278 996.996
49.975 996.516
49.577 995.934
49.159 995.458
48.654 994.908
48.227 994.464
47.531 993.829
47.152 993.496
46.658 993.029
46.129 992.605
45.775 992.248
45.427 991.742
45.278 991.498
44.906 991.06
44.576 990.658
44.34 990.367
44.082 989.889
43.782 989.672
43.275 989.371
42.77 989.022
42.255 988.717
41.81 988.487
41.092 988.133
40.492 987.814
39.89 987.506
39.301 987.223
38.575 986.989
38.049 986.718
37.54 986.381
36.974 986.066
36.589 985.951
36.045 985.899
35.374 985.865
34.849 985.779
34.355 985.628
33.978 985.39
33.874 985.257
33.827 985.069
33.911 984.913
34.219 984.743
34.741 984.602
35.416 984.437
36.366 984.351
36.946 984.326
37.291 984.342
37.689 984.471
38.092 984.806
38.622 985.264
39.041 985.529
39.787 985.826
40.567 986.182
41.073 986.422
41.702 986.727
42.316 986.951
42.813 987.117
43.299 987.364
43.768 987.609
44.73 988.085
45.256 988.276
45.92 988.488
46.515 988.641
47.101 988.897
47.678 989.202
48.249 989.494
48.781 989.797
49.231 990.09
49.785 990.459
50.31 990.835
50.805 991.275
51.257 991.546
51.801 991.903
52.248 992.321
52.743 992.832
53.139 993.279
53.52 993.909
53.766 994.362
53.979 994.886
54.195 995.194
54.613 995.603
54.96 996.138
55.067 996.339
55.099 996.672
55.024 996.877
54.679 997.246
54.366 997.501
54.189 997.559
54.014 997.561
53.753 997.424
53.613 997.296
53.205 996.675
52.657 995.662
52.271 995.051
51.961 994.513
51.748 994.137
51.322 993.61
50.759 993.123
50.384 992.788
49.928 992.398
49.488 992.052
48.897 991.616
48.37 991.242
47.694 990.772
47.273 990.431
46.827 990.1
46.277 989.941
46.036 990.044
45.961 990.362
45.926 990.863
46.007 991.028
46.291 991.042
46.361 991.007
46.699 991.059
47.001 991.28
47.284 991.596
47.695 991.966
48.216 992.358
48.629 992.69
49.692 993.568
50.177 994.014
50.564 994.41
50.89 994.791
51.218 995.307
51.551 995.724
51.639 995.944
51.641 996.153
51.489 996.452
51.323 996.667
51.327 996.872
51.554 996.942
52.02 996.939
52.354 997.088
52.948 997.608
53.355 998.051
53.571 998.588
53.574 998.647
53.945 998.969
54.437 999.248
54.925 999.514
55.193 999.73
55.34 999.999
55.324 1000.13
55.351 1000.35
55.341 1000.61
55.078 1000.9
54.59 1001.14
54.132 1001.23
161
48.136 998.784
47.928 998.648
47.546 998.16
47.293 997.711
47.024 997.273
46.615 996.785
46.255 996.334
45.84 995.861
45.564 995.417
45.397 995.197
45.035 995.023
44.667 994.886
44.287 994.584
43.945 994.218
43.812 993.988
43.752 993.565
43.769 993.415
43.85 993.287
43.838 993.128
43.874 993.071
43.762 993.129
43.591 993.129
43.434 993.201
43.079 993.084
42.491 992.468
42.083 991.982
41.718 991.698
41.083 991.28
40.37 990.73
39.92 990.439
39.393 990.14
38.94 989.899
38.247 989.564
37.684 989.341
37.197 989.098
36.75 988.869
36.195 988.626
35.679 988.513
35.081 988.415
34.418 988.29
33.896 988.159
33.62 988.085
33.159 987.86
32.166 987.262
31.813 987.15
31.342 987.112
30.695 987.198
29.662 987.626
29.156 987.656
28.457 987.54
27.922 987.484
27.219 987.535
26.689 987.62
26.201 987.627
25.931 987.602
25.751 987.703
25.711 987.777
25.732 987.943
25.68 988.141
25.363 988.454
24.924 988.738
24.551 988.827
24.002 988.817
22.906 988.758
22.396 988.752
21.615 988.849
20.9 988.964
20.41 989.073
19.873 989.117
19.296 989.094
18.695 989.043
18.153 988.879
17.6 988.684
17.359 988.558
16.915 988.375
16.831 988.259
16.6 988.204
16.234 987.862
16.096 987.567
16.109 987.445
16.38 987.326
16.872 987.284
17.481 987.312
18.046 987.308
18.276 987.382
18.407 987.571
18.574 987.98
18.697 988.088
18.918 988.105
19.238 988.02
19.782 987.789
20.324 987.632
20.81 987.396
21.182 987.206
21.568 987.126
22.245 987.104
22.877 987.094
23.432 987.148
24.127 987.287
24.723 987.424
25.092 987.374
25.179 987.304
25.163 987.115
25.029 986.813
25.036 986.607
25.3 986.423
25.883 986.317
26.409 986.231
27.689 986.214
28.343 986.126
28.943 986.096
29.49 986.047
30.132 985.882
30.739 985.781
31.275 985.731
32.048 985.751
32.577 985.774
33 985.841
33.486 986.046
33.946 986.316
34.594 986.661
35.155 986.883
36.384 987.147
36.931 987.337
37.543 987.63
38.055 987.861
38.647 988.14
39.141 988.31
39.74 988.57
40.35 988.918
40.843 989.206
41.902 989.775
42.372 990.06
42.771 990.364
43.174 990.762
44.065 991.492
44.273 991.733
44.438 992.158
44.472 992.399
44.514 992.458
44.508 992.599
44.58 992.627
44.645 992.598
45.07 992.791
45.434 993.187
45.949 993.711
46.153 993.981
46.303 994.35
46.488 994.523
46.981 994.763
47.305 995.01
47.935 995.69
48.299 996.093
48.762 996.614
49.271 997.141
49.508 997.425
49.567 997.602
49.564 997.758
49.379 998.028
48.561 998.759
48.391 998.823
13
13.896 987.776
13.266 987.703
12.672 987.654
12.544 987.538
13.135 987.266
13.742 987.223
14.363 987.185
15.052 987.222
15.649 987.341
15.787 987.435
15.721 987.523
15.175 987.712
14.555 987.787
57
13.522 989.869
12.989 989.792
12.38 989.737
11.8 989.694
9.577 989.436
8.983 989.381
7.986 989.272
7.086 989.197
6.595 989.13
6.001 988.99
5.463 988.894
4.817 988.788
4.442 988.748
4.371 988.788
4.211 988.793
4.016 989.126
3.873 989.346
3.639 989.464
3.318 989.474
2.735 989.378
2.268 989.267
2.052 989.094
1.94 988.817
1.908 988.353
2.007 988.008
2.194 987.83
2.353 987.796
2.931 988.122
3.328 988.324
3.827 988.461
3.91 988.502
4.076 988.507
4.124 988.542
4.157 988.504
4.296 988.5
4.438 988.31
4.723 988.222
5.676 988.173
7.759 988.25
9.173 988.308
9.683 988.335
10.677 988.375
11.586 988.488
12.158 988.575
13.073 988.6
15.808 988.719
16.424 988.688
16.725 988.721
16.972 988.98
16.954 989.018
17.062 989.219
17.05 989.442
16.532 989.651
16.006 989.794
15.405 989.835
14.669 989.86
14.061 989.912
99
40.695 994.965
40.496 994.653
40.384 994.448
40.105 994.18
39.634 993.852
39.143 993.309
38.73 992.974
38.193 992.672
37.642 992.399
37.063 992.06
36.631 991.758
36.137 991.468
35.604 991.181
35.129 991.024
34.423 990.929
33.938 990.802
33.54 990.624
33.323 990.368
33.223 990.346
33.269 990.096
32.883 990.497
32.804 990.791
32.866 991.202
32.813 991.509
32.497 991.95
32.22 992.139
31.872 992.146
31.531 992.024
31.039 991.713
30.909 991.543
30.873 991.316
30.992 991.066
31.483 990.564
31.723 990.219
31.82 989.885
31.725 989.677
31.494 989.542
31.18 989.534
30.697 989.721
30.543 989.919
30.445 990.492
30.336 990.729
30.029 990.816
29.468 990.709
28.877 990.499
28.157 990.161
27.662 989.919
27.118 989.702
26.509 989.564
26.198 989.456
26.058 989.36
25.957 989.23
25.915 988.985
25.986 988.762
26.228 988.555
26.801 988.507
27.345 988.527
28.073 988.645
28.734 988.736
29.452 988.817
29.849 988.783
30.351 988.483
30.776 988.369
31.577 988.363
32.11 988.414
32.374 988.487
32.845 988.758
33.079 988.906
33.223 989.089
33.286 989.425
33.239 989.836
33.269 990.096
33.681 989.853
33.802 989.816
34.242 989.511
34.589 989.37
34.958 989.366
35.429 989.485
35.973 989.696
36.481 989.948
37.107 990.286
37.822 990.581
38.332 990.802
38.767 991.055
39.332 991.422
39.727 991.673
40.264 992.095
40.829 992.518
41.343 992.874
41.9 993.225
42.327 993.588
42.605 993.949
42.653 994.078
42.589 994.25
42.434 994.426
41.953 994.764
41.578 995.047
41.312 995.151
41.034 995.157
51
15.931 993.284
15.552 993.03
15.282 992.981
14.378 992.971
13.716 992.939
13.152 992.938
12.44 992.888
11.927 992.775
11.438 992.598
10.97 992.411
10.47 992.256
9.834 992.069
9.236 991.94
8.437 991.851
7.642 991.709
6.417 991.396
5.581 991.14
4.899 990.942
4.436 990.735
4.257 990.57
4.175 990.446
4.164 990.218
4.257 990.027
4.423 989.937
4.712 989.896
5.102 989.92
5.593 990.077
6.651 990.454
7.192 990.58
7.871 990.653
8.389 990.755
9.293 990.84
9.872 990.879
10.439 991.004
10.95 991.079
11.696 991.174
12.196 991.265
12.857 991.311
13.893 991.334
14.416 991.359
14.933 991.435
15.417 991.542
15.684 991.673
16.132 992.024
16.665 992.351
16.921 992.54
17.028 992.704
17.053 992.965
16.925 993.224
16.677 993.38
16.418 993.414
52
27.969 992.97
27.647 992.769
27.08 992.305
26.852 992.07
26.653 991.741
26.443 991.621
25.516 991.614
24.902 991.571
22.868 991.494
22.283 991.461
21.771 991.509
21.24 991.693
20.538 991.93
19.862 992.05
19.373 991.989
18.769 991.854
18.142 991.776
17.49 991.737
16.96 991.63
16.422 991.337
16.2 991.195
16.089 991.049
16.103 990.912
16.267 990.725
16.783 990.571
17.481 990.593
18.031 990.595
18.593 990.502
19.172 990.444
19.922 990.472
20.585 990.43
21.102 990.274
21.708 990.129
22.282 990.097
22.932 990.14
23.597 990.127
24.16 990.015
24.615 990.02
25.263 990.162
25.768 990.244
26.379 990.399
26.989 990.72
27.296 990.96
27.751 991.171
28.332 991.39
28.976 991.609
29.247 991.774
29.325 991.963
29.261 992.184
28.814 992.714
28.551 992.939
28.246 993.013
41
8.951 994.627
8.421 994.543
7.707 994.527
7.358 994.488
6.87 994.353
6.332 994.151
5.861 993.952
5.194 993.684
4.693 993.442
4.075 993.113
3.581 992.868
2.874 992.607
2.326 992.414
2.089 992.274
1.931 992.117
1.825 991.828
1.804 991.117
1.883 990.629
1.979 990.425
2.129 990.308
2.337 990.403
2.856 990.866
3.324 991.291
3.807 991.708
4.248 992.021
4.87 992.338
6.01 992.703
6.527 992.843
7.216 993.02
7.707 993.126
8.255 993.231
8.944 993.318
9.741 993.358
10.143 993.432
10.509 993.656
10.6 993.794
10.606 993.97
10.339 994.393
10.121 994.647
9.969 994.744
9.545 994.768
67
63.224 1003.96
62.821 1003.67
62.513 1003.4
62.356 1003.12
62.33 1002.85
62.444 1002.48
62.55 1002.28
62.952 1001.85
63.374 1001.45
63.747 1001.07
64.143 1000.9
64.374 1000.85
64.535 1000.61
64.495 1000.35
64.606 999.902
64.84 999.6
65.284 999.194
65.765 998.695
66.159 998.207
66.604 997.62
66.929 997.206
67.338 996.603
67.831 996.043
68.115 995.624
68.514 995.06
68.855 994.594
69.514 993.654
69.66 993.355
69.746 993.041
69.739 992.573
69.861 992.095
70.061 991.635
70.188 991.404
70.391 991.204
70.528 991.118
70.781 991.093
71.013 991.131
71.449 991.398
71.56 991.54
71.622 991.799
71.59 992.03
71.433 992.388
70.635 993.664
70.39 994.115
70.127 994.544
69.724 995.33
69.47 995.803
69.194 996.337
68.933 996.779
68.412 997.526
68.127 997.967
67.763 998.473
67.354 999.009
67.061 999.421
66.734 999.933
66.177 1000.86
65.842 1001.19
65.419 1001.33
65.108 1001.42
65.012 1001.64
65.035 1001.78
64.93 1002.32
64.653 1002.8
64.312 1003.21
64.137 1003.42
63.827 1003.87
63.444 1003.99
26
36.129 994.94
35.858 994.827
35.195 994.27
34.667 993.873
34.149 993.653
33.643 993.408
33.272 993.123
33.135 992.961
33.035 992.652
33.136 992.202
33.376 991.763
33.513 991.598
33.691 991.545
33.967 991.605
34.506 991.918
35.237 992.25
35.832 992.533
36.482 992.885
37.053 993.168
37.398 993.387
37.553 993.584
37.59 993.752
37.473 994.001
37.042 994.408
36.67 994.796
36.331 994.954
36
31.991 995.674
31.53 995.454
31.101 995.186
30.676 994.905
30.161 994.685
29.687 994.361
29.289 994.018
29.143 993.82
29.1 993.651
29.124 993.472
29.425 993.027
29.625 992.683
29.787 992.24
29.905 992.097
30.074 992.003
30.359 991.991
30.733 992.34
31.098 992.645
31.596 993.028
31.701 993.323
31.621 993.626
31.484 993.912
31.491 993.995
31.383 994.129
31.691 994.139
32.209 993.828
32.44 993.735
32.666 993.727
33.01 993.866
33.512 994.318
33.613 994.515
33.636 994.619
33.478 994.919
33.106 995.287
32.79 995.496
32.25 995.678
19
22.952 993.779
22.334 993.728
21.601 993.501
21.218 993.322
21.002 993.076
20.994 992.773
21.036 992.688
21.379 992.586
22.013 992.59
22.853 992.459
23.408 992.404
23.909 992.466
24.146 992.559
24.365 992.779
24.415 992.853
24.429 993.053
24.326 993.368
23.898 993.721
23.58 993.786
21
26.39 994.933
26.003 994.517
25.602 994.235
25.07 994.063
24.829 993.97
24.695 993.897
24.638 993.67
24.803 993.092
24.808 993.027
25.041 992.827
25.413 992.759
25.934 992.81
26.49 992.983
26.976 993.17
27.391 993.365
27.615 993.565
27.866 993.891
27.451 994.455
27.041 994.831
26.812 994.979
26.573 995.005
37
6.288 997.445
5.816 997.287
5.389 997.003
4.851 996.554
4.21 996.091
3.781 995.831
3.163 995.572
2.63 995.317
2.298 995.142
1.877 994.962
1.731 994.74
1.681 994.391
1.719 993.592
1.82 993.126
1.94 993.002
2.102 993.014
2.419 993.251
2.823 993.668
3.22 994.02
3.708 994.325
4.167 994.582
4.609 994.817
5.163 995.075
6.272 995.53
6.773 995.636
7.487 995.656
8.233 995.625
8.771 995.644
9.053 995.726
9.303 995.91
9.399 996.156
9.259 996.34
8.872 996.437
8.288 996.738
7.686 997.167
7.258 997.41
6.745 997.482
49
23.987 996.562
23.261 996.314
22.995 996.158
22.78 995.943
22.572 995.364
22.613 995.281
22.56 995.202
22.443 995.253
22.317 995.21
21.849 995.495
21.368 995.549
20.705 995.48
20.394 995.496
19.994 995.614
19.561 995.802
19.294 995.837
18.939 995.718
18.514 995.403
18.09 995.105
17.014 994.513
16.842 994.36
16.737 994.179
16.728 993.968
16.828 993.743
17.114 993.528
17.596 993.378
17.921 993.245
18.37 993.188
19.156 993.232
19.806 993.35
20.264 993.561
20.698 993.832
21.182 994.109
21.747 994.316
22.126 994.54
22.323 994.701
22.484 994.889
22.749 994.971
23.457 994.926
24.434 994.968
24.837 995.021
25.552 995.248
25.971 995.455
26.087 995.592
26.038 995.855
25.811 996.082
25.367 996.359
24.981 996.516
24.385 996.601
19
37.764 996.355
37.521 996.209
37.196 995.813
37.04 995.553
37.019 995.328
37.108 995.094
37.497 994.625
37.963 994.11
38.127 994.007
38.347 994.013
38.622 994.155
39.077 994.559
39.323 994.819
39.406 994.999
39.397 995.19
39.282 995.387
38.809 995.75
38.334 996.191
38.004 996.387
28
11.93 996.534
11.592 996.373
11.131 995.957
10.641 995.563
10.495 995.39
10.459 995.167
10.607 994.737
10.975 994.359
11.288 994.165
11.729 994.16
12.23 994.26
13.919 994.31
14.51 994.337
15.155 994.389
15.406 994.44
15.844 994.648
16.252 994.96
16.374 995.163
16.383 995.38
16.182 995.671
15.689 995.979
15.293 996.069
14.84 996.001
14.396 995.915
13.788 995.894
13.395 995.993
12.736 996.426
12.439 996.536
19
42.583 996.782
42.21 996.545
41.957 996.22
41.895 995.952
41.931 995.75
42.052 995.582
42.433 995.226
42.799 994.8
43.179 994.523
43.318 994.527
43.83 994.918
44.066 995.216
44.156 995.429
44.174 995.668
44.141 995.864
43.971 996.18
43.455 996.57
43.287 996.733
42.797 996.833
20
28.367 996.912
27.958 996.497
27.541 996.062
27.426 995.859
27.392 995.708
27.449 995.503
27.595 995.345
27.995 995.044
28.42 994.623
28.594 994.578
28.932 994.684
29.484 995.077
29.835 995.367
29.934 995.544
29.953 995.769
29.871 996.001
29.545 996.397
29.215 996.821
28.884 997.049
28.73 997.067
19
34.338 996.932
33.905 996.674
33.5 996.433
33.318 996.295
33.221 996.125
33.23 995.911
33.351 995.731
34.015 995.283
34.48 994.956
34.658 994.896
34.805 994.911
35.085 995.074
35.553 995.469
35.747 995.677
35.774 995.948
35.735 996.099
35.34 996.556
34.942 996.936
34.71 997.005
43
41.234 1000.02
40.907 999.587
40.573 999.162
40.499 998.925
40.583 998.588
40.775 998.309
41.13 997.964
41.229 997.717
41.142 997.593
41.03 997.57
40.828 997.626
40.352 997.911
39.872 998.08
39.609 998.079
39.399 998.004
38.917 997.611
38.667 997.297
38.624 996.986
38.719 996.777
39.143 996.373
39.557 995.929
39.916 995.52
40.089 995.469
40.498 995.723
40.881 996.173
41.3 996.647
41.653 997.171
41.639 997.519
41.594 997.599
41.662 997.61
41.75 997.748
42.074 997.801
42.272 997.848
42.554 997.941
42.994 998.378
43.232 998.665
43.298 998.838
43.276 999.137
43.108 999.404
42.707 999.744
42.164 1000.13
41.858 1000.28
41.556 1000.29
67
1.529 1003.62
1.423 1003.51
1.351 1003.1
1.372 1002.47
1.419 1001.47
1.472 1000.01
1.503 999.374
1.592 997.162
1.607 996.648
1.616 996.1
1.718 995.661
1.832 995.553
1.975 995.543
2.134 995.622
2.896 996.441
3.421 996.895
3.907 997.231
4.407 997.488
4.889 997.684
5.489 997.947
5.755 998.109
5.881 998.257
5.934 998.474
5.784 998.767
5.429 999.059
5.04 999.261
4.27 999.48
3.779 999.607
3.32 999.727
2.985 1000
2.838 1000.29
2.815 1000.44
2.898 1000.72
3.059 1000.87
3.346 1000.91
3.862 1000.77
4.313 1000.5
4.792 1000.26
5.506 999.903
5.986 999.626
6.83 998.89
7.333 998.551
7.656 998.324
8.07 998.167
8.373 998.215
8.81 998.527
9.188 998.859
9.559 999.207
9.641 999.337
9.664 999.467
9.63 999.591
9.372 999.811
8.795 1000.09
8.308 1000.26
7.742 1000.36
7.461 1000.49
7.008 1000.83
6.451 1001.16
5.947 1001.45
5.431 1001.69
4.778 1001.96
4.155 1002.2
3.547 1002.43
3.08 1002.63
2.645 1002.92
2.183 1003.3
1.703 1003.64
24
55.656 999.566
55.221 999.059
54.93 998.601
54.878 998.473
54.879 998.26
54.955 998.097
55.315 997.74
56.005 997.186
56.399 996.848
56.728 996.378
56.834 996.217
57.064 996.109
57.256 996.109
57.473 996.213
57.916 996.75
58.162 997.15
58.189 997.457
58.152 997.649
57.759 998.181
57.432 998.576
56.824 999.105
56.338 999.492
56.134 999.611
55.881 999.641
20
17.156 998.78
16.767 998.377
16.264 997.769
15.871 997.316
15.739 997.119
15.758 996.867
15.995 996.64
16.174 996.538
16.896 996.293
17.403 996.184
17.81 996.206
18.232 996.339
18.723 996.588
18.943 996.784
19.025 996.983
19.018 997.245
18.842 997.555
18.299 998.088
17.857 998.51
17.416 998.817
24
30.949 999.647
30.636 999.408
30.057 998.741
29.657 998.205
29.489 997.972
29.438 997.736
29.483 997.537
29.613 997.356
30.478 996.615
30.767 996.486
31.282 996.389
31.574 996.391
32.055 996.535
32.64 996.672
32.865 996.761
33.372 997.117
33.722 997.477
33.782 997.627
33.628 997.937
33.337 998.149
32.783 998.402
31.824 999.285
31.472 999.585
31.14 999.681
41
45.304 1000.78
45.066 1000.54
44.773 1000.07
44.62 999.84
44.592 999.497
44.674 999.26
44.897 998.994
45.255 998.717
45.552 998.388
45.498 998.294
45.116 998.371
44.641 998.499
44.233 998.416
43.927 998.195
43.543 997.754
43.419 997.518
43.389 997.397
43.508 997.119
43.759 996.869
44.149 996.574
44.397 996.445
44.726 996.404
44.962 996.454
45.153 996.6
45.482 997.007
45.746 997.339
45.821 997.532
45.845 997.762
45.802 997.912
45.918 998.11
46.312 998.208
46.662 998.408
47.025 998.821
47.191 999.068
47.288 999.457
47.22 999.678
47.003 999.946
46.545 1000.29
46.107 1000.65
45.746 1000.83
45.522 1000.85
21
37.032 999.307
36.099 998.298
35.669 997.874
35.489 997.57
35.503 997.414
35.642 997.21
36.027 996.84
36.409 996.502
36.561 996.439
36.794 996.463
37.044 996.631
37.389 997.095
37.79 997.526
38.355 997.935
38.67 998.198
38.779 998.408
38.772 998.583
38.596 998.844
38.079 999.198
37.615 999.407
37.326 999.417
20
26.678 998.696
26.432 998.531
26.083 998.152
25.684 997.757
25.517 997.418
25.502 997.339
25.592 997.092
25.737 996.909
26.23 996.621
26.449 996.511
26.73 996.48
26.903 996.499
27.398 996.878
27.766 997.256
27.86 997.469
27.903 997.694
27.77 997.986
27.314 998.444
27.043 998.662
26.89 998.719
21
10.503 999.042
10.248 998.887
9.888 998.533
9.459 998.136
9.148 997.854
9.055 997.695
9.039 997.46
9.216 997.076
9.519 996.591
9.762 996.513
9.852 996.558
10.003 996.563
10.484 996.793
11.031 997.129
11.535 997.379
11.795 997.596
11.861 997.898
11.762 998.141
11.387 998.558
10.961 998.982
10.763 999.072
44
18.795 1000.98
18.551 1000.85
18.335 1000.62
18.2 1000.22
18.188 999.78
18.351 999.444
18.729 999.065
19.102 998.655
19.342 998.531
19.626 998.534
19.811 998.613
20.24 998.951
20.51 999.088
20.742 999.15
20.889 998.993
20.682 998.554
20.274 998.108
20.015 997.806
19.898 997.449
19.902 997.186
20.026 996.873
20.273 996.703
20.659 996.618
21.375 996.662
21.906 996.732
22.238 996.812
22.821 997.033
23.323 997.232
23.464 997.403
23.51 997.637
23.471 997.797
23.252 998.066
22.951 998.315
22.569 998.586
22.195 998.943
21.944 999.171
21.659 999.316
21.335 999.409
21.137 999.563
20.864 1000.01
20.422 1000.41
19.781 1000.8
19.327 1001.01
19.045 1001.05
22
14.391 999.967
14.158 999.738
13.813 999.234
13.085 998.257
12.93 998.015
12.915 997.76
12.968 997.557
13.1 997.388
13.609 997.124
13.986 997.05
14.317 997.081
14.534 997.172
14.986 997.589
15.422 998.076
15.857 998.445
16.23 998.74
16.336 998.975
16.297 999.182
16.134 999.346
15.095 999.855
14.851 999.991
14.582 1000.03
17
24.627 1000.19
24.4 1000.05
24.017 999.608
23.777 999.25
23.758 998.881
23.845 998.58
24.093 998.232
24.428 997.928
24.673 997.784
24.899 997.786
25.187 998.025
25.871 998.827
25.968 999.087
25.955 999.342
25.714 999.642
25.258 1000.02
24.879 1000.2
22
34.651 1001.04
34.476 1000.89
34.145 1000.38
33.82 999.996
33.551 999.627
33.502 999.517
33.5 999.311
33.617 999.041
33.917 998.708
34.35 998.335
34.624 998.16
34.936 998.15
35.112 998.248
35.525 998.749
35.879 999.116
36.257 999.496
36.405 999.772
36.423 999.998
36.265 1000.24
35.864 1000.6
35.33 1000.95
34.973 1001.08
18
49.665 1000.73
49.437 1000.56
49.074 1000.13
48.886 999.873
48.802 999.645
48.85 999.325
48.946 999.174
49.35 998.765
49.735 998.443
49.997 998.306
50.204 998.321
50.524 998.585
50.89 999.018
51.255 999.458
51.273 999.682
51.131 999.917
50.29 1000.65
49.899 1000.79
20
28.287 1001.02
28.008 1000.74
27.396 999.82
27.333 999.582
27.366 999.396
27.556 999.144
28 998.761
28.379 998.449
28.553 998.403
28.681 998.405
28.943 998.575
29.342 999.036
29.767 999.491
29.99 999.801
30.044 1000.03
29.961 1000.28
29.762 1000.52
29.247 1000.9
29.026 1001.04
28.587 1001.13
25
57.578 1001.92
57.365 1001.81
57.122 1001.52
56.866 1001.03
56.843 1000.68
56.92 1000.37
57.18 999.955
57.598 999.55
58.108 999.085
58.448 998.697
58.619 998.535
58.824 998.466
58.992 998.486
59.205 998.606
59.558 998.999
59.731 999.282
59.776 999.47
59.752 999.705
59.646 999.938
59.297 1000.37
58.997 1000.79
58.605 1001.46
58.477 1001.64
58.246 1001.85
57.909 1001.95
20
12.037 1001.39
11.817 1001.25
11.496 1000.82
11.217 1000.31
11.139 1000.09
11.172 999.936
11.479 999.577
11.922 999.199
12.132 999.011
12.475 998.876
12.565 998.868
12.887 999.172
13.246 999.599
13.625 999.993
13.836 1000.34
13.796 1000.58
13.591 1000.8
13.102 1001.06
12.636 1001.34
12.289 1001.43
20
38.784 1001.92
38.582 1001.78
38.137 1001.16
37.877 1000.81
37.791 1000.58
37.824 1000.31
38.031 1000.03
38.502 999.721
39.076 999.411
39.403 999.319
39.678 999.376
39.863 999.508
40.214 999.936
40.466 1000.37
40.546 1000.62
40.515 1000.93
40.328 1001.2
39.815 1001.55
39.282 1001.88
39.016 1001.96
26
23.24 1003.1
23.02 1002.81
22.856 1002.29
22.741 1002
22.456 1001.69
22.164 1001.19
22.007 1000.71
22.02 1000.44
22.095 1000.23
22.258 1000.02
22.536 999.777
22.742 999.662
23.039 999.618
23.273 999.753
23.468 1000.05
23.695 1000.5
23.87 1001.17
24.045 1001.48
24.592 1001.97
24.924 1002.35
25.07 1002.65
25.05 1002.79
24.945 1002.93
24.605 1003.13
24.004 1003.36
23.665 1003.38
22
42.954 1002.55
42.656 1002.35
42.235 1001.82
42.007 1001.45
41.992 1001.25
42.063 1001.04
42.282 1000.79
42.688 1000.49
43.142 1000.13
43.472 999.956
43.699 999.936
43.862 999.991
44.006 1000.13
44.301 1000.58
44.624 1000.97
44.681 1001.2
44.663 1001.37
44.512 1001.58
44.085 1001.88
43.547 1002.34
43.334 1002.49
43.144 1002.57
19
32.301 1002.39
32.079 1002.12
31.751 1001.64
31.379 1001.17
31.329 1001.08
31.315 1000.83
31.473 1000.55
31.802 1000.27
32.279 1000.01
32.479 999.946
32.733 999.941
32.96 1000.03
33.259 1000.32
34.045 1001.23
34.098 1001.42
34.036 1001.59
33.849 1001.8
32.863 1002.39
32.502 1002.47
30
12.983 1003.7
12.832 1003.57
12.623 1003.24
12.557 1002.86
12.619 1002.54
12.689 1002.4
13.017 1002.18
13.549 1001.99
14.079 1001.81
14.597 1001.58
15.004 1001.27
15.5 1000.83
15.865 1000.53
16.326 1000.25
16.708 1000.11
16.974 1000.08
17.426 1000.2
17.859 1000.5
18.128 1000.76
18.307 1001.03
18.218 1001.33
17.973 1001.56
16.952 1002.02
16.351 1002.34
15.789 1002.62
15.232 1002.86
14.61 1003.16
14.097 1003.4
13.532 1003.68
13.211 1003.74
21
47.05 1002.95
46.894 1002.83
46.545 1002.34
46.319 1002.04
46.217 1001.71
46.27 1001.48
46.484 1001.23
47.114 1000.69
47.581 1000.27
47.797 1000.16
48.087 1000.11
48.308 1000.16
48.477 1000.3
48.749 1000.75
48.928 1001.14
48.928 1001.43
48.844 1001.65
48.433 1002.04
47.989 1002.44
47.493 1002.87
47.211 1002.98
19
25.94 1002.38
25.632 1002.09
25.188 1001.55
25.102 1001.29
25.166 1001.06
25.425 1000.71
25.946 1000.31
26.294 1000.13
26.55 1000.11
26.775 1000.21
27.143 1000.55
27.484 1000.92
27.671 1001.26
27.686 1001.47
27.642 1001.62
27.516 1001.79
27.047 1002.07
26.584 1002.33
26.26 1002.46
46
46.593 1006.33
46.364 1006.22
46.164 1005.99
45.91 1005.51
45.854 1005.29
45.934 1005.07
46.128 1004.85
46.696 1004.49
47.239 1004.11
47.671 1003.89
48.365 1003.3
48.734 1002.95
49.12 1002.61
49.608 1002.3
49.938 1002.09
50.314 1001.72
50.68 1001.34
51.07 1000.96
51.263 1000.8
51.596 1000.45
51.818 1000.34
52.117 1000.32
52.549 1000.58
52.923 1000.94
53.26 1001.33
53.371 1001.48
53.391 1001.65
53.146 1001.8
53.001 1001.83
52.478 1001.81
52.367 1001.77
52.108 1001.88
52.006 1002.09
51.839 1002.51
51.519 1002.82
50.721 1003.43
50.277 1003.76
49.795 1004.03
49.338 1004.35
49.118 1004.59
48.619 1004.93
48.316 1005.32
48.168 1005.61
47.699 1006.09
47.316 1006.3
46.884 1006.37
42
1.401 1006.25
1.287 1006.1
1.228 1005.7
1.253 1005.17
1.314 1004.72
1.385 1004.51
1.589 1004.31
1.829 1004.22
2.634 1004.13
3.142 1004.05
3.577 1003.9
4.232 1003.59
6.257 1002.67
6.864 1002.33
7.334 1002.11
7.843 1001.86
8.297 1001.62
8.857 1001.29
9.927 1000.61
10.251 1000.49
10.428 1000.51
10.708 1000.75
11.041 1001.27
11.139 1001.56
11.109 1001.75
10.877 1002
10.298 1002.19
9.668 1002.35
9.115 1002.51
8.637 1002.74
7.697 1003.25
7.127 1003.5
5.867 1004.15
5.424 1004.4
4.886 1004.69
4.249 1005.03
3.736 1005.28
3.194 1005.51
2.634 1005.75
2.131 1006.01
1.702 1006.24
1.549 1006.28
20
36.294 1003.37
36.02 1003.18
35.77 1002.72
35.461 1002.26
35.431 1002.13
35.538 1001.85
35.963 1001.42
36.431 1001.04
36.688 1000.91
36.953 1000.88
37.197 1001
37.381 1001.23
37.633 1001.66
37.835 1002.04
37.906 1002.36
37.863 1002.56
37.737 1002.76
37.477 1002.94
36.865 1003.31
36.51 1003.41
163
68.359 1012.75
66.639 1012.67
66.04 1012.6
65.588 1012.51
65.046 1012.5
64.51 1012.61
64.064 1012.7
63.495 1012.7
62.877 1012.57
62.549 1012.53
61.994 1012.54
61.398 1012.5
60.868 1012.47
60.322 1012.41
59.818 1012.28
59.277 1012.16
58.753 1012.09
58.414 1011.99
57.886 1011.64
57.413 1011.23
57.276 1010.94
57.179 1010.44
57.008 1010.27
56.4 1010.11
55.987 1009.98
55.496 1009.75
54.865 1009.47
54.462 1009.27
54.126 1008.96
53.884 1008.54
53.735 1007.98
53.589 1007.62
53.343 1007.21
53.06 1006.6
52.855 1006.18
52.652 1005.45
52.477 1004.93
52.139 1004.3
52 1003.96
52.017 1003.67
52.152 1003.34
52.382 1003.03
52.634 1002.83
52.798 1002.78
53.038 1002.65
53.618 1002.36
53.813 1002.3
53.921 1002.32
54.108 1002.44
54.261 1002.32
54.419 1002.4
54.524 1002.39
54.667 1002.47
54.959 1002.29
55.074 1002.16
55.277 1001.56
55.393 1001.3
55.596 1001.14
55.866 1001.15
56.068 1001.24
56.329 1001.47
56.601 1001.96
56.836 1002.45
57.067 1002.99
57.328 1003.61
57.706 1004.21
58.023 1004.51
58.492 1004.89
58.899 1005.3
59.086 1005.55
59.188 1005.83
59.156 1006.25
59.148 1006.51
59.228 1006.69
59.339 1006.78
59.853 1006.82
60.297 1007
60.767 1007.28
61.341 1007.7
61.903 1008.05
62.495 1008.37
62.994 1008.71
63.175 1008.9
63.313 1009.16
63.403 1009.49
63.332 1009.82
63.216 1009.94
62.911 1010.01
62.344 1009.97
61.821 1009.91
61.324 1009.77
60.637 1009.51
59.982 1009.23
59.364 1009.03
58.854 1008.83
58.499 1008.47
58.232 1007.91
57.941 1007.32
57.611 1006.92
56.967 1006.24
56.575 1005.81
56.167 1005.32
55.852 1004.75
55.64 1004.28
55.416 1003.86
54.983 1003.35
54.71 1002.98
54.625 1002.61
54.525 1002.69
54.425 1002.64
54.231 1002.73
54.195 1002.7
54.001 1002.84
53.948 1002.97
53.961 1003.28
54.08 1003.76
54.36 1004.53
54.672 1005.12
55.335 1006.13
55.675 1006.58
56.121 1007.14
56.473 1007.63
56.952 1008.17
57.627 1008.72
57.961 1008.99
58.098 1009.23
58.114 1009.44
58.029 1009.68
57.781 1010.03
57.829 1010.17
58.025 1010.26
58.51 1010.29
59.181 1010.24
59.68 1010.28
60.068 1010.46
60.501 1010.85
60.639 1010.91
61.064 1010.88
61.53 1010.77
62.198 1010.76
63.636 1010.81
64.145 1010.82
64.645 1010.86
65.112 1011
65.513 1011.11
66.158 1011.16
66.58 1011.25
66.976 1011.38
67.428 1011.4
68.161 1011.36
68.748 1011.32
69.285 1011.32
69.931 1011.3
70.573 1011.36
71.03 1011.49
71.22 1011.63
71.187 1011.86
71.038 1012.09
70.741 1012.33
70.453 1012.47
69.89 1012.54
69.281 1012.69
68.91 1012.76
22
29.832 1003.67
29.469 1003.45
29.241 1003.25
29.177 1003.09
29.016 1002.83
28.931 1002.46
29.045 1002.14
29.553 1001.66
29.935 1001.33
30.258 1001.19
30.551 1001.19
30.732 1001.26
30.988 1001.54
31.285 1002.06
31.586 1002.41
31.677 1002.62
31.677 1002.82
31.547 1003.02
31.262 1003.22
30.789 1003.46
30.449 1003.63
30.145 1003.71
89
1.289 1008.49
1.197 1008.39
1.129 1007.95
1.216 1007.48
1.313 1007.3
1.51 1007.16
1.889 1007.09
2.55 1007.11
3.275 1007.1
4.005 1007
5.308 1006.91
5.819 1006.87
6.472 1006.76
7.169 1006.66
7.83 1006.58
8.932 1006.42
9.647 1006.25
10.383 1006.1
11.405 1005.68
11.931 1005.49
12.315 1005.45
12.576 1005.51
12.663 1005.57
12.953 1005.55
13.215 1005.13
13.414 1004.89
13.761 1004.68
14.301 1004.47
14.887 1004.33
15.442 1004.17
16.026 1003.92
16.723 1003.62
17.867 1003.07
18.877 1002.61
19.454 1002.3
19.855 1002.05
20.531 1001.57
20.943 1001.35
21.069 1001.32
21.283 1001.36
21.456 1001.5
21.695 1002.08
21.924 1002.47
22.398 1002.83
22.622 1002.99
22.71 1003.01
22.781 1003.21
22.729 1003.43
22.615 1003.6
22.028 1003.86
21.46 1004.02
20.933 1004.04
20.541 1003.98
20.309 1004
19.824 1004.18
19.228 1004.39
18.885 1004.45
18.326 1004.49
17.828 1004.6
17.24 1004.79
16.48 1005.08
15.667 1005.35
15.097 1005.52
14.614 1005.68
14.039 1005.84
13.534 1005.89
13.29 1005.89
13.035 1005.93
12.67 1006.29
12.439 1006.48
11.949 1006.69
11.46 1006.86
10.935 1007.02
10.212 1007.33
9.759 1007.51
9.189 1007.65
8.686 1007.7
8.003 1007.71
7.415 1007.78
6.902 1007.85
6.382 1007.91
5.783 1007.94
4.794 1007.99
4.209 1008.04
3.579 1008.12
2.973 1008.15
2.402 1008.22
1.837 1008.43
1.506 1008.55
22
59.537 1004.61
59.241 1004.38
58.919 1003.92
58.652 1003.54
58.549 1003.18
58.57 1002.69
58.666 1002.43
59.009 1001.97
59.311 1001.68
59.708 1001.58
59.969 1001.69
60.35 1002.2
60.825 1002.71
60.915 1002.9
60.938 1003.12
60.801 1003.48
60.698 1003.61
60.658 1003.73
60.547 1003.88
60.279 1004.4
60.066 1004.57
59.819 1004.64
22
39.968 1004.33
39.758 1004.13
39.504 1003.65
39.255 1003.26
39.204 1003.08
39.236 1002.87
39.422 1002.63
39.863 1002.31
40.297 1002.05
40.763 1001.77
41.095 1001.65
41.344 1001.69
41.511 1001.81
41.845 1002.27
42.193 1002.72
42.311 1003.01
42.269 1003.16
42.031 1003.41
41.512 1003.7
40.97 1004.02
40.491 1004.34
40.238 1004.42
49
41.231 1006.86
40.81 1006.57
40.823 1006.52
40.663 1006.28
40.562 1005.72
40.569 1005.42
40.693 1005.12
40.977 1004.9
41.483 1004.61
41.948 1004.27
42.333 1004.17
42.474 1004.22
42.759 1004.21
43.091 1003.93
43.406 1003.81
43.568 1003.7
43.675 1003.57
43.845 1003.13
44.052 1002.88
44.555 1002.46
44.967 1002.14
45.141 1002.06
45.429 1002.06
45.682 1002.17
45.922 1002.51
46.251 1003.05
46.337 1003.27
46.334 1003.47
46.281 1003.6
45.959 1003.89
45.386 1004.3
44.92 1004.67
44.47 1004.94
44 1005.2
43.691 1005.19
43.544 1005.12
43.154 1004.7
42.977 1004.63
42.941 1004.58
42.883 1004.62
42.88 1004.7
42.81 1004.8
42.919 1005.48
42.934 1005.79
42.79 1006.09
42.456 1006.41
41.983 1006.75
41.62 1006.88
41.453 1006.91
20
33.691 1004.85
33.455 1004.6
33.236 1004.11
33.095 1003.62
33.104 1003.45
33.202 1003.23
33.504 1002.96
34.008 1002.68
34.367 1002.53
34.496 1002.5
34.821 1002.62
35.012 1002.8
35.373 1003.39
35.491 1003.65
35.533 1003.88
35.468 1004.19
35.233 1004.47
34.759 1004.65
34.538 1004.76
33.942 1004.9
66
13.073 1008.29
12.307 1008.26
11.645 1008.25
11.146 1008.2
10.97 1008.12
10.927 1008.03
11.158 1007.8
11.797 1007.55
12.52 1007.33
13.025 1007.23
13.682 1007.13
14.247 1007.07
15.113 1006.88
15.947 1006.64
16.523 1006.46
17.19 1006.23
18.606 1005.83
19.474 1005.68
20.385 1005.46
20.988 1005.32
21.654 1005.15
22.147 1005.02
22.617 1004.83
23.426 1004.61
23.989 1004.4
25.084 1003.87
25.573 1003.75
25.895 1003.72
26.25 1003.58
26.704 1003.21
27.31 1002.94
27.809 1002.69
28.103 1002.64
28.271 1002.64
28.493 1002.73
28.757 1002.97
28.867 1003.19
29.036 1003.48
29.105 1003.73
28.996 1004
28.705 1004.24
28.205 1004.47
27.576 1004.73
27.123 1004.82
26.462 1004.8
26.019 1005.09
25.473 1005.3
24.978 1005.45
24.439 1005.62
23.944 1005.77
22.868 1006.17
22.264 1006.37
21.695 1006.53
21.128 1006.61
20.628 1006.69
20.098 1006.79
19.465 1006.83
18.885 1006.95
18.143 1007.07
17.46 1007.33
16.313 1007.81
15.841 1008.02
15.443 1008.11
14.86 1008.12
14.417 1008.18
13.91 1008.3
33
4.799 1005.76
4.712 1005.62
4.854 1005.46
5.281 1005.19
5.85 1004.94
7.371 1004.37
7.868 1004.17
8.408 1004.01
9.116 1003.78
9.646 1003.58
10.206 1003.35
10.589 1003.17
10.756 1003.05
11.119 1002.9
11.322 1002.77
11.587 1002.79
11.77 1002.87
11.984 1003.07
12.166 1003.45
12.178 1003.72
12.07 1004
11.839 1004.22
11.574 1004.34
10.383 1004.62
9.714 1004.73
9.084 1004.91
8.423 1005.11
7.859 1005.24
7.187 1005.34
6.604 1005.47
6.058 1005.63
5.559 1005.75
5.143 1005.81
18
37.473 1005.61
37.066 1005.16
36.79 1004.71
36.749 1004.57
36.802 1004.31
37.032 1003.97
37.45 1003.69
38.034 1003.36
38.354 1003.36
38.625 1003.55
38.934 1004.07
39.243 1004.51
39.289 1004.61
39.218 1004.89
38.927 1005.15
38.364 1005.51
38.01 1005.69
37.72 1005.72
66
17.331 1009.2
16.744 1009.18
16.426 1009.12
16.265 1009.03
16.225 1008.98
16.245 1008.86
16.657 1008.57
17.141 1008.44
18.003 1008.24
18.747 1008.14
19.303 1008.08
19.969 1008.07
20.541 1008.06
21.126 1007.92
21.654 1007.87
22.205 1007.81
22.78 1007.62
23.386 1007.34
23.878 1007.18
24.39 1007
24.853 1006.79
25.392 1006.6
25.905 1006.47
26.556 1006.33
27.174 1006.22
27.677 1006.02
28.155 1005.8
28.702 1005.56
29.172 1005.38
29.705 1005.16
30.203 1004.93
30.649 1004.7
31.341 1004.28
31.948 1003.88
32.261 1003.82
32.489 1003.89
32.718 1004.11
33.007 1004.75
33.067 1005.14
32.982 1005.37
32.884 1005.48
32.282 1005.74
31.578 1006.03
31.074 1006.26
30.445 1006.55
29.947 1006.75
29.411 1006.97
28.84 1007.24
28.316 1007.38
27.742 1007.47
27.237 1007.58
26.72 1007.69
25.887 1007.82
25.351 1007.93
24.815 1008.11
24.293 1008.36
23.806 1008.58
23.331 1008.79
22.69 1009.06
22.21 1009.14
21.625 1009.14
21.067 1009.12
20.204 1009.14
19.579 1009.18
18.845 1009.2
18.205 1009.21
23
61.849 1006.72
61.472 1006.51
61.065 1006.17
60.619 1005.8
60.502 1005.53
60.469 1005.06
60.536 1004.79
60.711 1004.53
61.137 1004.25
61.479 1004
61.775 1003.95
62.01 1004
62.447 1004.33
63.005 1004.7
63.158 1004.92
63.204 1005.12
63.116 1005.41
62.732 1005.81
62.672 1005.86
62.552 1006.11
62.464 1006.46
62.324 1006.68
62.029 1006.72
21
49.712 1007.19
49.585 1007.1
49.39 1007.04
49.163 1006.76
49.299 1006.65
49.285 1006.27
49.457 1005.72
49.698 1005.29
50.112 1004.79
50.554 1004.4
50.724 1004.32
50.979 1004.32
51.306 1004.48
51.504 1004.9
51.667 1005.51
51.722 1005.91
51.662 1006.2
51.438 1006.55
51.059 1006.85
50.496 1007.14
50.108 1007.24
80
71.189 1010.49
70.634 1010.28
69.775 1009.87
69.28 1009.79
68.703 1009.77
68.273 1009.8
67.776 1009.9
67.213 1009.93
66.618 1009.91
65.355 1009.86
64.845 1009.76
64.45 1009.55
64.267 1009.38
64.099 1008.92
64 1008.24
64.089 1008.13
64.116 1007.93
63.446 1007.74
63.049 1007.55
62.77 1007.26
62.716 1007.12
62.721 1006.97
63.016 1006.74
63.182 1006.68
63.521 1006.38
63.79 1005.88
64.047 1005.41
64.321 1005.1
64.517 1004.95
64.878 1004.88
65.165 1004.95
65.442 1005.08
65.712 1005.3
66.051 1005.73
66.112 1005.82
66.603 1005.99
67.062 1006.19
67.53 1006.55
67.798 1006.82
67.896 1007.05
67.895 1007.18
67.819 1007.32
67.64 1007.44
67.269 1007.48
66.654 1007.4
66.27 1007.24
66.022 1006.94
65.908 1006.5
65.911 1006.38
65.819 1006.29
65.418 1006.59
64.898 1007.12
64.602 1007.52
64.379 1007.75
64.348 1007.91
64.116 1007.93
64.307 1007.99
64.351 1007.96
64.524 1008.06
64.583 1008.05
65.107 1008.25
65.72 1008.37
66.279 1008.4
66.851 1008.46
67.269 1008.46
67.721 1008.3
68.157 1008.03
68.406 1007.97
68.799 1008.05
69.321 1008.28
69.834 1008.49
70.379 1008.68
71.086 1008.95
71.699 1009.32
72.229 1009.78
72.499 1010.15
72.538 1010.24
72.519 1010.44
72.278 1010.6
71.78 1010.63
32
32.154 1008.27
31.961 1008.05
31.836 1007.45
31.866 1007.19
31.998 1006.98
32.243 1006.81
32.767 1006.58
33.287 1006.46
33.598 1006.49
33.835 1006.59
34.194 1006.63
34.356 1006.44
34.519 1005.95
34.726 1005.57
35.045 1005.28
35.515 1005
35.937 1004.93
36.149 1004.98
36.332 1005.14
36.533 1005.58
36.631 1006.07
36.539 1006.4
36.355 1006.59
35.91 1006.84
35.202 1007.22
34.907 1007.39
34.549 1007.67
34.048 1007.92
33.819 1008.02
33.043 1008.15
32.55 1008.29
32.368 1008.33
497
55.313 1022.77
54.779 1022.63
54.295 1022.52
53.723 1022.5
53.268 1022.43
52.774 1022.27
52.16 1022.15
51.502 1021.95
50.904 1021.79
50.301 1021.57
49.825 1021.38
49.179 1021.11
48.448 1020.78
47.604 1020.33
46.954 1019.97
45.832 1019.32
44.658 1018.62
44.152 1018.3
43.673 1018.02
42.297 1017.32
41.617 1016.99
40.433 1016.47
39.755 1016.19
38.327 1015.61
37.867 1015.4
37.468 1015.1
36.9 1015.03
36.406 1014.88
35.704 1014.65
35.082 1014.41
34.582 1014.25
33.981 1014.09
33.434 1013.93
32.929 1013.8
32.348 1013.64
31.786 1013.51
30.608 1013.29
29.75 1013.14
28.021 1012.89
27.141 1012.78
26.01 1012.61
25.315 1012.52
24.599 1012.42
23.743 1012.27
22.434 1012.07
21.802 1011.96
19.434 1011.56
18.235 1011.38
17.604 1011.25
16.357 1011.11
14.884 1010.93
14.348 1010.87
13.181 1010.77
12.245 1010.71
11.406 1010.68
9.739 1010.61
7.969 1010.6
7.185 1010.6
6.598 1010.6
5.884 1010.58
5.053 1010.6
4.254 1010.6
3.551 1010.61
2.872 1010.62
2.038 1010.62
1.628 1010.61
1.395 1010.57
1.193 1010.45
1.099 1010.25
1.087 1009.99
1.187 1009.79
1.303 1009.68
1.609 1009.62
3.305 1009.7
3.972 1009.72
4.702 1009.69
5.265 1009.66
5.913 1009.61
6.456 1009.57
7.196 1009.53
8.393 1009.51
9.008 1009.45
9.787 1009.41
10.3 1009.44
10.949 1009.58
11.629 1009.66
12.241 1009.68
12.707 1009.73
13.255 1009.81
13.783 1009.82
15.144 1009.85
15.712 1009.91
16.212 1010.05
16.835 1010.17
17.336 1010.21
17.903 1010.24
18.482 1010.36
19.012 1010.49
20.213 1010.61
20.778 1010.63
21.398 1010.64
22.049 1010.66
22.569 1010.71
23.055 1010.8
23.976 1011.11
24.479 1011.2
24.987 1011.28
25.555 1011.39
26.203 1011.47
26.717 1011.49
27.414 1011.47
28.034 1011.42
28.677 1011.42
29.261 1011.4
29.981 1011.39
30.437 1011.49
30.903 1011.83
31.195 1011.96
31.706 1012.05
32.209 1012.1
32.715 1012.11
33.394 1012.12
33.948 1012.03
34.388 1011.81
34.908 1011.34
35.259 1011.05
35.805 1010.79
36.799 1010.39
37.508 1010.08
38.585 1009.58
38.985 1009.43
39.836 1008.87
40.493 1008.6
41.036 1008.3
41.417 1008.17
41.733 1008.05
42.177 1007.61
42.607 1007.34
43.094 1007.07
43.48 1006.75
43.88 1006.26
44.164 1006
44.735 1005.68
45.032 1005.59
45.295 1005.63
45.399 1005.66
45.808 1006.07
45.993 1006.32
46.064 1006.45
45.962 1006.86
45.48 1007.3
44.989 1007.72
44.583 1007.98
44.014 1008.21
43.401 1008.61
42.925 1009
42.381 1009.4
41.92 1009.69
41.288 1010.07
40.752 1010.34
40.309 1010.59
39.848 1010.81
39.252 1011.08
38.704 1011.32
38.205 1011.54
37.7 1011.76
37.17 1011.96
36.523 1012.14
36.161 1012.22
35.72 1012.18
35.55 1012.11
35.31 1012.11
35.175 1012.17
34.978 1012.48
34.848 1012.85
34.855 1013.1
34.942 1013.28
35.198 1013.47
35.334 1013.52
35.649 1013.47
36.122 1013.29
36.796 1013.24
37.122 1013.18
38.475 1012.62
39.108 1012.34
39.817 1012.07
40.345 1011.8
40.857 1011.46
41.344 1011.15
41.748 1010.97
41.989 1010.96
42.187 1011.01
42.394 1011.06
42.499 1010.89
42.56 1010.61
42.776 1010.23
43.211 1009.84
43.65 1009.53
44.103 1009.27
44.517 1009.09
44.94 1009.09
45.065 1008.98
45.097 1008.78
45.459 1008.42
45.935 1008.11
46.515 1007.82
46.845 1007.59
47.292 1007.2
47.738 1006.91
48.242 1006.68
48.563 1006.62
48.852 1006.65
49.143 1006.78
49.344 1007.04
49.206 1007.51
49.027 1007.96
48.894 1008.48
48.75 1008.75
48.276 1009.22
48.031 1009.39
47.543 1009.64
46.201 1009.82
45.888 1009.79
45.497 1009.45
45.241 1009.29
45.171 1009.45
45.368 1009.93
45.399 1010.18
45.329 1010.42
45.146 1010.64
44.718 1010.9
44.251 1011.15
43.616 1011.39
43.112 1011.51
42.85 1011.62
42.687 1011.89
42.483 1012.6
42.309 1012.84
42.122 1012.92
41.958 1013.08
41.886 1013.12
41.808 1013.24
41.323 1013.31
41.078 1013.33
40.525 1013.5
40.175 1013.6
39.606 1013.64
39.21 1013.73
38.682 1013.99
38.252 1014.27
38.083 1014.54
38.14 1014.7
38.447 1014.81
38.821 1014.79
39.361 1014.64
39.932 1014.62
40.446 1014.66
40.995 1014.73
41.495 1014.77
42.121 1014.79
42.424 1014.84
42.936 1015.01
43.304 1015.04
43.791 1014.88
44.33 1014.71
44.908 1014.54
45.374 1014.32
45.832 1014.08
46.302 1013.82
46.775 1013.61
47.274 1013.51
47.834 1013.51
48.407 1013.57
48.97 1013.74
49.506 1013.94
50.138 1014.08
50.648 1014.13
51.93 1014.18
52.531 1014.19
53.317 1014.15
53.895 1014.16
54.513 1014.19
55.351 1014.22
55.884 1014.21
56.503 1014.09
57.184 1013.89
57.737 1013.73
58.478 1013.54
59.042 1013.46
59.827 1013.41
60.616 1013.44
61.174 1013.52
61.648 1013.68
62.118 1013.77
62.851 1013.79
63.364 1013.84
63.868 1013.83
65.142 1013.77
65.638 1013.68
66.182 1013.58
66.676 1013.49
67.084 1013.45
67.58 1013.51
67.91 1013.67
67.956 1013.81
67.887 1013.96
67.607 1014.19
66.917 1014.63
66.226 1014.97
65.477 1015.22
64.811 1015.41
63.722 1015.87
63.17 1015.98
62.591 1015.88
61.942 1015.74
61.271 1015.54
60.704 1015.48
60.29 1015.41
59.716 1015.21
59.204 1015.25
58.576 1015.46
57.988 1015.58
57.324 1015.68
56.168 1015.89
55.224 1016.01
54.416 1016.04
53.33 1016.03
52.684 1016.1
52.126 1016.19
51.594 1016.2
50.931 1016.11
50.413 1016
49.57 1015.86
48.878 1015.74
48.173 1015.64
47.838 1015.57
47.31 1015.26
47.051 1015.21
46.858 1015.22
46.519 1015.45
46.156 1015.78
45.732 1016
45.453 1016.08
45.05 1016.07
44.576 1015.9
44.098 1015.72
43.781 1015.69
43.523 1015.84
43.461 1015.97
43.523 1016.17
43.817 1016.42
44.318 1016.66
44.548 1016.84
44.823 1017.08
45.031 1017.16
45.439 1017.16
45.715 1017.08
46.187 1016.72
46.395 1016.53
46.661 1016.42
47.014 1016.38
47.678 1016.41
48.259 1016.48
48.756 1016.57
49.426 1016.73
49.873 1016.91
50.3 1017.24
50.484 1017.28
51.001 1017.19
51.488 1017.06
52.004 1017.03
52.63 1017.03
53.444 1017.1
54.203 1017.06
54.824 1016.98
55.993 1016.88
56.513 1016.82
57.133 1016.7
58.015 1016.55
58.847 1016.43
59.624 1016.37
60.146 1016.3
60.739 1016.25
61.476 1016.25
61.812 1016.29
61.972 1016.34
62.221 1016.53
62.312 1016.67
62.312 1016.8
62.214 1016.99
61.723 1017.38
61.243 1017.64
60.683 1017.93
60.09 1018.19
59.611 1018.34
59.027 1018.51
58.433 1018.66
57.69 1018.84
56.963 1018.96
56.329 1019.03
55.727 1019.05
55.084 1019.1
53.954 1019.12
53.337 1019.14
52.932 1019.12
52.4 1019.04
51.856 1019.01
51.24 1018.95
50.319 1018.79
49.603 1018.6
49.093 1018.42
48.572 1018.21
47.927 1017.99
47.38 1017.89
47.168 1017.99
47.138 1018.24
47.313 1018.51
47.727 1018.82
48.244 1019.01
48.823 1019.15
49.338 1019.34
50.016 1019.57
50.463 1019.72
50.995 1019.84
51.635 1019.95
52.318 1020.01
52.85 1020.08
53.464 1020.09
54.189 1020.03
54.779 1020.03
55.436 1020
56.637 1019.93
57.193 1019.87
57.787 1019.76
58.392 1019.62
58.983 1019.49
59.824 1019.25
60.355 1019.11
60.884 1018.94
61.234 1018.71
61.632 1018.31
61.992 1018.02
62.456 1017.71
62.846 1017.32
63.053 1017.16
63.544 1016.97
64.189 1016.85
64.679 1016.74
65.459 1016.38
66.674 1015.8
67.237 1015.54
67.617 1015.31
68.197 1014.71
68.623 1014.33
68.968 1014.16
69.477 1013.98
70.55 1013.68
71.108 1013.36
71.545 1013.08
71.923 1012.74
72.356 1012.28
72.892 1011.9
73.387 1011.56
73.704 1011.5
73.932 1011.62
73.985 1011.8
73.939 1012.16
73.715 1012.65
73.433 1013.07
72.95 1013.6
72.523 1013.98
71.614 1014.6
71.184 1014.89
69.978 1015.62
69.249 1016.06
68.706 1016.37
68.199 1016.64
67.757 1016.92
67.217 1017.23
66.644 1017.55
65.159 1018.49
64.62 1018.86
64.137 1019.17
63.381 1019.67
62.788 1020.07
62.258 1020.46
61.843 1020.75
61.224 1021.12
60.621 1021.45
60.021 1021.79
59.568 1022.01
58.959 1022.24
58.41 1022.43
58.013 1022.53
57.499 1022.61
56.931 1022.7
55.855 1022.8
63
31.682 1010.8
31.161 1010.74
30.962 1010.66
30.887 1010.52
30.972 1010.27
31.361 1009.9
31.802 1009.62
32.285 1009.45
32.814 1009.29
33.293 1009.1
33.654 1009.01
33.863 1009.02
34.03 1009.1
34.359 1009.47
34.576 1009.49
34.724 1009.31
34.806 1009.18
34.902 1008.67
35.006 1008.4
35.086 1008.28
35.48 1007.98
36.482 1007.47
37.003 1007.26
37.563 1007.01
37.98 1006.67
38.327 1006.39
38.832 1006.14
39.324 1005.91
39.666 1005.85
39.907 1005.88
40.153 1005.98
40.438 1006.33
40.572 1006.37
40.534 1006.46
40.617 1006.67
40.638 1006.96
40.376 1007.45
39.945 1007.75
39.333 1008.1
39.088 1008.19
38.812 1008.19
38.573 1008.09
38.191 1007.92
38.024 1008.01
37.978 1008.26
37.869 1008.62
37.569 1008.89
37.005 1009.16
36.709 1009.29
36.446 1009.33
36.265 1009.28
35.926 1008.98
35.779 1008.9
35.63 1009.05
35.603 1009.27
35.665 1009.45
35.605 1009.76
35.386 1010.06
35.234 1010.18
34.696 1010.43
34.161 1010.72
33.739 1010.83
33.147 1010.86
27
52.001 1010.47
51.635 1010.27
51.182 1010.01
50.665 1009.82
50.042 1009.53
49.775 1009.31
49.674 1009.07
49.66 1008.84
49.702 1008.63
49.948 1008.3
50.366 1007.95
50.823 1007.67
51.203 1007.34
51.781 1006.89
52.033 1006.88
52.2 1006.97
52.357 1007.21
52.515 1007.71
52.718 1008.21
53.005 1008.65
53.273 1009.03
53.404 1009.39
53.339 1009.81
53.204 1010.05
52.997 1010.28
52.534 1010.47
52.205 1010.5
33
24.536 1010.21
23.877 1010.15
23.561 1010.04
23.439 1009.89
23.587 1009.68
24.016 1009.38
24.535 1009.21
25.038 1009.1
25.608 1009.03
26.121 1008.99
26.807 1008.9
27.393 1008.87
27.907 1008.82
28.414 1008.69
29.216 1008.38
29.794 1008.13
30.431 1007.85
30.858 1007.71
31.103 1007.75
31.315 1007.98
31.593 1008.47
31.653 1008.74
31.625 1008.91
31.52 1009.05
30.953 1009.38
30.614 1009.66
30.051 1009.83
29.491 1009.94
28.314 1010.11
27.778 1010.13
27.276 1010.13
26.152 1010.2
25.499 1010.22
71
42.372 1014.45
42.107 1014.15
42.076 1013.87
42.13 1013.64
42.288 1013.41
42.627 1013.12
43.129 1012.79
43.638 1012.53
44.053 1012.3
44.562 1011.91
45.04 1011.58
45.517 1011.28
45.935 1011.09
46.49 1010.97
47.093 1010.84
47.515 1010.71
47.924 1010.47
48.309 1010.14
48.802 1009.85
49.165 1009.76
49.386 1009.78
49.633 1009.93
50.097 1010.5
50.381 1010.87
50.781 1011.2
51.223 1011.38
51.727 1011.48
52.161 1011.47
52.611 1011.32
52.911 1011.14
53.568 1010.58
53.935 1010.37
54.287 1010.29
54.642 1010.38
55.19 1010.73
55.579 1011.06
56.016 1011.39
56.473 1011.63
57.008 1011.92
57.562 1012.19
57.889 1012.4
58.059 1012.56
58.106 1012.7
58.071 1012.86
57.89 1013.02
57.38 1013.18
56.795 1013.21
56.108 1013.18
54.787 1013.12
54.233 1013.1
53.435 1013.12
52.716 1013.16
52.133 1013.25
51.623 1013.26
50.884 1013.11
50.153 1013
49.478 1012.83
48.82 1012.57
48.298 1012.48
47.785 1012.5
47.197 1012.55
46.627 1012.59
46.213 1012.68
45.901 1012.9
45.342 1013.41
45.016 1013.6
44.469 1013.73
43.947 1013.84
43.282 1014.18
42.959 1014.36
42.665 1014.49
