0.3
0.7
95
60.182 968.173
60.627 967.925
61.073 967.605
61.514 967.146
61.917 966.781
62.26 966.379
62.48 966.242
62.742 966.215
62.941 966.287
63.417 966.768
63.691 966.81
63.86 966.662
63.866 966.396
63.72 966.016
63.634 965.887
63.579 965.656
63.736 965.294
64.127 964.871
64.59 964.259
64.818 963.73
65.057 963.067
65.198 962.809
65.614 962.391
66.012 962.021
66.473 961.631
66.93 961.332
67.479 961.065
68.059 960.866
68.605 960.673
69.691 960.27
70.097 960.162
70.472 960.146
70.772 960.308
71.29 960.765
71.554 960.953
71.722 961.031
71.761 960.908
71.63 960.29
71.688 960.081
71.873 959.939
72.377 959.742
72.997 959.665
73.517 959.681
74.034 959.747
74.407 959.9
74.721 960.25
74.917 960.559
75.122 960.764
75.336 960.79
75.484 960.591
75.545 960.352
75.546 960.158
75.191 959.616
74.837 959.106
74.524 958.866
74.141 958.803
73.482 958.84
72.894 958.917
72.259 959.049
71.632 959.272
71.343 959.378
70.977 959.433
70.473 959.412
69.937 959.424
69.333 959.551
68.831 959.719
68.217 959.939
67.723 960.132
66.651 960.623
66.131 960.898
65.589 961.228
65.119 961.648
64.825 962.014
64.286 962.968
64.027 963.448
63.786 963.929
63.571 964.39
63.197 964.969
62.83 965.321
62.624 965.44
62.419 965.469
62.271 965.55
62.175 965.552
62.179 965.64
61.892 965.976
61.408 966.274
60.819 966.673
60.324 966.987
59.643 967.46
59.18 967.803
59.022 967.995
59.006 968.184
59.123 968.372
59.368 968.487
59.626 968.513
233
74.949 987.938
75.309 987.766
75.69 987.415
76.021 987.06
76.184 986.986
76.335 986.999
76.822 986.869
77.3 986.572
78.192 985.93
78.707 985.634
79.376 985.127
79.809 984.755
80.26 984.356
80.721 984.01
80.972 983.994
81.31 984.214
81.645 984.739
81.963 985.28
82.274 985.723
82.512 985.915
82.867 986.04
83.061 986.015
83.162 985.836
83.091 985.379
82.915 985.057
82.485 984.669
81.901 984.08
81.67 983.754
81.627 983.49
81.707 983.285
82.029 982.995
83.193 982.243
83.599 981.906
83.893 981.463
84.173 980.881
84.546 980.277
84.943 979.723
85.177 979.288
85.43 978.507
85.654 977.864
85.863 977.185
86.032 976.564
86.165 975.872
86.282 975.355
86.423 974.682
86.499 973.756
86.487 972.38
86.525 971.637
86.536 970.846
86.477 970.015
86.382 969.377
86.248 968.322
86.169 967.784
86.043 967.124
85.913 966.569
85.731 965.376
85.631 964.762
85.539 964.078
85.427 963.554
85.193 962.946
84.939 962.468
84.488 961.89
84.072 961.455
83.644 961.104
83.253 960.869
82.567 960.614
81.977 960.389
81.204 960.2
80.709 960.008
80.221 959.74
79.658 959.523
78.932 959.395
78.14 959.376
77.652 959.336
77.331 959.178
77.033 958.959
76.669 958.9
76.288 959.008
76.024 959.166
75.864 959.442
75.861 959.574
75.97 959.721
76.303 959.911
76.798 960.025
77.352 960.092
78.524 960.265
79.024 960.348
79.633 960.468
80.441 960.769
80.893 961.025
81.185 961.168
81.75 961.251
82.335 961.342
82.972 961.701
83.475 962.054
83.922 962.378
84.159 962.641
84.446 963.209
84.638 963.714
84.746 964.21
84.813 964.982
84.864 965.497
84.932 966.005
85.15 966.512
85.234 966.888
85.249 967.449
85.3 967.968
85.449 968.651
85.558 969.341
85.593 970.071
85.664 970.705
85.66 971.48
85.668 972.043
85.619 972.767
85.569 973.386
85.565 973.97
85.511 974.735
85.39 975.368
85.089 976.548
84.696 977.945
84.535 978.434
84.242 979.071
83.874 979.775
83.65 980.263
83.459 980.615
83.046 981.018
82.808 981.266
82.576 981.612
82.183 982.011
81.668 982.566
81.292 982.856
80.977 982.914
80.735 982.879
80.367 982.664
79.895 982.251
79.643 981.994
79.568 981.866
79.671 981.543
79.868 981.299
80.363 980.893
80.731 980.5
81.083 980.299
81.235 980.295
81.714 980.466
82.03 980.489
82.149 980.354
82.145 980.21
82.016 979.983
81.534 979.644
81.42 979.477
81.401 979.229
81.52 978.981
81.858 978.535
82.19 978.132
82.512 977.688
82.702 977.282
82.861 976.645
83.019 975.831
83.164 975.232
83.305 974.685
83.382 973.384
83.535 972.665
83.639 972.114
83.743 971.615
83.852 970.917
83.923 970.249
83.893 969.628
83.762 969.288
83.593 969.118
83.444 969.208
83.235 969.714
83.102 970.186
82.773 970.672
82.706 970.975
82.835 971.498
82.894 971.947
82.785 972.438
82.696 972.878
82.57 973.133
82.194 973.556
82.078 973.809
82.084 973.977
82.42 974.496
82.471 974.706
82.413 975.068
82.246 975.578
82.091 976.283
81.937 976.735
81.551 977.346
81.32 977.833
81.108 978.359
80.862 978.812
80.657 979.064
80.478 979.221
80.33 979.781
80.255 979.935
79.789 980.444
79.332 980.877
78.891 981.21
78.391 981.468
77.841 981.724
77.61 981.934
77.539 982.327
77.631 982.729
77.676 982.811
77.835 982.877
77.972 982.868
78.44 982.623
78.901 982.451
79.201 982.414
79.487 982.531
79.914 982.801
80.151 982.983
80.273 983.192
80.246 983.434
80.045 983.71
79.5 984.119
79.136 984.305
78.585 984.521
78.095 984.868
77.644 985.251
77.246 985.566
76.826 985.931
76.384 986.253
76.042 986.395
75.728 986.456
75.443 986.459
75.168 986.584
74.807 986.999
74.546 987.371
74.457 987.559
74.448 987.74
74.604 987.941
22
77.173 963.028
77.436 962.85
77.577 962.453
77.564 962.203
77.462 961.977
77.278 961.845
76.834 961.767
76.184 961.813
74.998 961.73
74.531 961.784
74.352 961.884
74.155 962.093
74.114 962.269
74.285 962.427
74.499 962.478
74.85 962.44
75.315 962.353
75.491 962.353
75.924 962.533
76.339 962.837
76.666 963.019
76.919 963.069
166
57.398 982.518
57.916 982.275
58.488 982.204
59.153 982.201
59.794 982.101
60.309 982.081
61.054 982.071
61.729 981.999
62.361 981.968
62.921 981.926
63.41 981.812
63.888 981.549
64.318 981.238
64.878 980.853
65.574 980.392
66.042 980.096
66.686 979.675
67.146 979.345
67.939 978.693
68.38 978.4
68.929 978.079
69.418 977.678
69.816 977.293
70.233 976.841
70.663 976.572
71.802 976.097
72.36 975.824
72.859 975.353
73.222 974.88
73.525 974.458
73.865 974.05
74.116 973.822
74.587 973.633
75.106 973.608
75.315 973.7
75.9 973.773
76.14 973.877
76.4 974.268
76.593 974.561
76.789 974.613
77.011 974.567
77.346 974.337
77.53 974.069
77.752 973.498
77.944 972.95
78.201 972.361
78.332 972.007
78.517 970.904
78.517 970.368
78.541 969.851
78.615 969.378
78.772 968.804
78.832 968.307
78.961 967.798
79.117 967.095
79.183 966.886
79.335 966.714
79.478 966.628
79.985 966.431
80.208 966.232
80.293 965.964
80.219 965.786
80.099 965.701
79.586 965.572
79.423 965.433
79.347 965.247
79.315 964.564
79.311 964.155
79.363 963.899
79.482 963.743
79.674 963.597
80.167 963.39
80.416 963.163
80.483 963.019
80.486 962.679
80.437 962.525
80.228 962.312
80.029 962.199
79.755 962.157
79.444 962.232
79.245 962.389
79.119 962.61
78.891 963.257
78.565 963.685
78.513 963.909
78.568 964.212
78.783 964.758
78.899 965.282
78.915 965.566
78.766 966.136
78.523 966.644
78.398 967.023
78.308 967.545
78.109 968.172
77.985 968.748
77.875 969.304
77.762 969.798
77.734 970.764
77.708 971.409
77.647 971.832
77.496 972.319
77.238 972.881
77.049 973.188
76.841 973.334
76.601 973.397
76.244 973.384
75.578 973.217
75.301 973.116
75.157 972.898
75.144 972.584
75.192 972.378
75.435 971.941
75.844 971.539
76.094 971.215
76.227 970.807
76.255 970.445
76.186 970.125
75.988 969.79
75.865 969.662
75.835 969.583
75.703 969.657
75.522 970.11
75.284 970.564
75.052 971.222
74.834 971.939
74.589 972.383
74.228 972.758
73.66 973.221
73.219 973.587
72.839 973.917
72.46 974.302
72.035 974.887
71.649 975.283
71.412 975.427
70.749 975.608
70.372 975.772
69.75 976.286
69.371 976.642
68.903 977.142
68.373 977.479
67.848 977.881
67.432 978.163
66.894 978.463
66.428 978.804
66.027 979.113
65.525 979.447
65.091 979.716
64.556 980.077
64.014 980.453
63.197 980.904
62.816 981.07
62.178 981.172
61.623 981.298
61.107 981.32
60.6 981.257
60.021 981.179
59.342 981.203
58.692 981.249
58.155 981.404
57.632 981.532
57.109 981.603
56.83 981.703
56.745 981.779
56.717 981.988
56.84 982.316
57.184 982.57
353
66.025 990.166
66.414 989.85
66.911 989.512
67.39 989.194
67.984 988.568
68.339 988.181
68.519 988.017
68.872 987.915
69.009 987.912
69.345 988.044
69.637 988.008
69.823 987.898
70.122 987.452
70.465 987.023
70.789 986.573
71.19 986.077
71.713 985.615
72.79 984.729
73.209 984.375
73.386 984.12
73.542 983.747
73.596 983.375
73.528 982.899
73.334 982.687
72.938 982.424
73.005 982.113
73.362 981.532
73.747 980.889
74.06 980.42
74.319 980.175
74.749 979.948
75.238 979.854
75.799 979.837
75.951 979.9
76.049 980.053
76.078 980.309
76.04 980.518
75.904 980.821
75.804 981.54
75.637 982.35
75.462 982.941
75.293 983.546
75.102 984.031
74.861 984.493
74.639 984.98
74.565 985.522
74.603 985.73
74.728 985.892
74.982 985.937
75.284 985.754
75.57 985.339
75.899 984.632
76.114 984.13
76.25 983.615
76.414 983.082
76.545 982.359
76.606 981.874
76.517 981.378
76.554 980.983
76.729 980.497
76.976 980.014
77.273 979.675
77.434 979.551
77.994 979.324
78.522 979.092
78.846 978.999
79.462 979.014
79.563 979.032
79.788 978.951
79.807 978.81
79.737 978.67
79.34 978.296
79.041 977.828
79.037 977.6
79.101 977.339
79.198 976.86
79.491 976.264
79.791 975.839
80.125 975.417
80.343 974.871
80.438 974.39
80.491 973.836
80.573 973.231
80.6 972.897
80.678 972.6
80.903 972.02
81.061 971.329
81.129 970.684
81.209 970.18
81.348 969.695
81.519 969.179
81.767 968.688
81.992 968.406
82.138 968.311
82.362 968.318
82.572 968.416
82.997 968.699
83.236 968.814
83.437 968.744
83.396 968.34
83.275 968.039
82.952 967.791
82.665 967.597
82.608 967.024
82.605 966.86
82.356 966.613
82.311 966.49
82.548 965.987
82.818 965.561
82.952 965.281
83.008 964.956
82.984 964.433
82.866 963.906
82.738 963.71
82.562 963.593
82.203 963.502
81.666 963.499
81.434 963.545
81.323 963.631
81.264 963.85
81.296 964.006
81.443 964.19
81.969 964.57
82.126 964.843
82.161 965.094
82.013 965.638
81.964 966.136
82.055 966.442
82.145 966.506
82.141 966.611
82.068 966.735
81.909 967.214
81.684 967.662
81.037 968.647
80.656 969.24
80.404 969.775
80.312 970.168
80.286 970.698
80.143 971.843
79.959 972.301
79.688 972.787
79.598 973.083
79.588 973.679
79.665 974.246
79.58 974.611
79.293 975.167
78.931 975.64
78.639 975.906
78.288 976.109
77.981 976.203
77.566 976.215
76.974 976.139
76.288 975.998
75.858 975.951
75.353 976.033
74.824 976.319
74.474 976.638
74.119 977.123
73.954 977.353
73.646 977.525
73.339 977.551
72.85 977.383
72.513 977.274
72.168 977.33
71.844 977.575
71.409 977.992
70.943 978.536
70.449 978.992
70.061 979.325
69.507 979.727
68.87 980.033
68.332 980.323
67.656 980.829
67.21 981.191
66.723 981.753
66.404 982.119
65.956 982.423
65.267 982.772
64.743 983.004
63.377 983.572
62.818 983.654
62.243 983.751
61.751 983.837
60.918 983.815
60.306 983.779
59.805 983.803
59.486 983.879
58.874 984.107
58.455 984.205
57.965 984.175
57.63 984.064
57.344 983.759
57.144 983.246
56.983 983.163
56.546 983.272
55.966 983.615
55.428 983.98
54.987 984.293
54.866 984.315
54.749 984.401
54.591 984.353
54.507 984.471
54.638 984.531
54.607 984.634
54.717 984.966
54.689 985.082
54.714 985.174
54.582 985.675
54.387 986.018
54.312 986.287
54.43 986.43
54.929 986.548
55.462 986.701
55.708 986.765
55.914 986.604
55.814 986.151
55.46 985.563
55.349 985.165
55.353 984.843
55.513 984.668
55.806 984.503
56.093 984.416
56.443 984.395
56.763 984.47
56.993 984.603
57.363 984.872
57.835 984.975
58.484 984.955
59.086 984.819
59.861 984.755
60.386 984.691
60.987 984.674
61.535 984.648
62.191 984.633
62.739 984.63
63.155 984.527
63.616 984.324
64.125 984.182
64.665 984
65.27 983.743
65.835 983.445
66.391 983.104
66.892 982.811
67.382 982.458
67.691 982.093
67.954 981.626
68.263 981.284
68.704 981.045
69.364 980.792
69.819 980.575
70.27 980.254
71.34 979.356
71.828 978.88
72.182 978.395
72.444 978.189
72.731 978.116
73.01 978.116
73.272 978.185
73.581 978.445
73.669 978.634
73.729 979.036
73.691 979.376
73.478 979.821
73.023 980.418
72.683 980.885
72.37 981.194
72.005 981.394
71.239 981.611
70.685 981.85
70.273 982.084
69.56 982.698
69.05 983.16
68.672 983.541
68.191 983.975
67.776 984.395
67.336 984.849
66.949 985.194
66.428 985.502
65.805 985.7
65.232 985.843
64.718 985.958
64.165 986.095
63.536 986.366
63.03 986.544
62.543 986.758
62.022 986.869
61.402 986.862
60.74 986.83
60.17 986.815
59.671 986.776
59.387 986.702
58.863 986.361
58.542 986.315
58.165 986.376
57.882 986.57
57.787 986.703
57.742 986.905
57.781 987.099
58.264 987.23
58.938 987.284
59.495 987.375
60.001 987.527
60.504 987.58
61.649 987.628
62.163 987.629
62.878 987.469
63.386 987.28
63.88 987.065
64.399 986.902
64.881 986.757
65.609 986.562
66.106 986.457
66.645 986.241
67.292 985.957
67.73 985.713
68.148 985.308
68.533 984.821
68.856 984.495
69.567 983.907
70.178 983.373
70.644 982.903
71.003 982.531
71.415 982.229
71.716 982.109
72.147 982.108
72.434 982.216
72.62 982.321
72.795 982.515
72.678 982.802
72.511 983.4
72.335 983.854
71.975 984.281
71.526 984.675
70.882 985.212
70.473 985.597
69.935 986.234
69.573 986.694
69.34 986.953
69.17 987.081
68.607 987.276
68.096 987.425
67.782 987.675
67.481 988.094
67.231 988.402
66.74 988.722
66.158 988.994
65.905 989.182
65.647 989.478
65.548 989.72
65.533 989.896
65.654 990.067
65.641 990.15
65.802 990.262
24
74.667 979.315
74.507 979.254
74.258 979.059
74.165 978.745
74.197 978.204
74.276 977.913
74.388 977.733
74.777 977.426
75.451 977.102
75.967 976.909
76.509 976.8
77.334 976.782
78.048 976.803
78.267 976.888
78.377 977.006
78.429 977.505
78.284 977.971
77.779 978.552
77.362 978.903
77.049 979.101
76.591 979.199
75.958 979.187
75.289 979.296
75.086 979.349
12
62 965.175
62.031 964.843
61.977 964.599
61.81 964.28
61.481 964.075
61.244 964.033
60.938 964.108
60.853 964.268
60.864 964.466
61.054 964.883
61.379 965.133
61.782 965.286
93
60.757 980.249
61.28 980.064
61.785 979.807
62.386 979.48
63.074 979.166
63.517 978.934
64.099 978.582
64.617 978.179
65.078 977.793
65.665 977.415
66.11 977.087
66.711 976.614
67.278 976.15
67.655 975.886
68.128 975.636
68.705 975.2
69.628 974.423
70.007 974.08
70.382 973.617
70.754 973.251
71.32 972.597
71.81 972.141
72.163 971.762
72.531 971.338
73.034 970.849
73.837 969.872
74.11 969.448
74.356 969.106
74.66 968.848
74.873 968.749
75.136 968.722
75.409 968.841
75.563 969.023
75.688 969.104
75.751 968.919
75.695 968.348
75.827 967.961
76.037 967.612
76.098 966.987
76.087 966.741
76.228 966.303
76.524 965.874
76.898 965.429
77.14 965.136
77.196 964.961
77.198 964.822
77.079 964.649
76.486 964.493
75.936 964.513
75.398 964.664
75.238 964.756
75.12 964.899
75.312 965.099
75.483 965.221
75.721 965.432
75.855 965.833
75.833 966.311
75.681 966.731
75.356 967.186
74.916 967.568
74.54 967.953
74.205 968.455
73.945 968.787
73.268 969.375
72.963 969.67
72.573 970.15
72.182 970.53
71.792 970.984
71.415 971.372
70.932 971.797
70.487 972.315
69.976 972.806
69.58 973.156
69.108 973.74
68.689 974.11
68.226 974.497
67.012 975.38
66.495 975.744
65.812 976.259
65.38 976.54
64.933 976.838
63.79 977.76
63.263 978.084
62.71 978.377
62.084 978.741
61.585 978.988
61.125 979.2
60.74 979.434
60.405 979.747
60.277 979.928
60.274 980.095
60.327 980.174
60.492 980.259
12
65.098 993.797
65.232 993.602
65.363 993.145
65.374 992.799
65.277 992.56
65.103 992.486
64.976 992.551
64.879 992.692
64.792 992.969
64.782 993.302
64.85 993.607
64.955 993.81
12
50.215 1019.07
50.316 1018.86
50.271 1018.58
50.055 1018.39
49.592 1018.31
49.372 1018.39
49.312 1018.57
49.372 1018.78
49.545 1018.93
49.876 1019.08
50.039 1019.1
50.091 1019.13
338
59.11 1023.06
59.671 1022.99
60.214 1022.88
60.726 1022.74
61.271 1022.62
61.824 1022.46
62.334 1022.25
62.991 1022.07
63.773 1021.71
65.261 1020.98
65.983 1020.66
67.175 1020.03
67.642 1019.78
68.448 1019.31
68.911 1019.03
69.37 1018.77
69.851 1018.47
70.88 1017.87
71.414 1017.51
71.918 1017.2
73.02 1016.45
73.557 1016.03
74.608 1015.24
75.068 1014.8
75.472 1014.37
75.795 1013.97
76.43 1012.9
76.691 1012.4
76.82 1011.86
76.891 1011.36
77.02 1010.72
76.983 1010.2
76.855 1009.53
76.694 1008.77
76.502 1008.2
76.245 1007.57
75.912 1006.88
75.59 1006.34
75.336 1005.86
75.019 1005.42
74.252 1004.43
73.734 1004.03
73.27 1003.63
72.967 1003.4
72.408 1003.11
71.937 1002.88
71.352 1002.68
70.584 1002.61
70.048 1002.48
69.565 1002.3
69.106 1002.07
68.618 1001.74
68.238 1001.35
68.032 1001.06
67.88 1000.64
67.831 1000.13
67.959 999.115
68.074 998.577
68.465 997.701
68.734 997.122
69.141 996.417
69.505 995.84
69.937 995.177
70.261 994.719
70.683 994.172
71.147 993.61
71.531 993.23
71.931 992.724
72.231 992.423
72.68 992.053
73.268 991.534
73.804 991.111
74.245 990.779
75.243 990.222
75.839 989.943
76.272 989.805
76.799 989.703
77.37 989.56
78.14 989.402
78.676 989.329
79.371 989.264
80.039 989.145
80.834 989.017
81.369 988.912
81.931 988.744
82.489 988.516
82.977 988.362
83.443 988.146
83.905 987.82
84.364 987.474
84.753 987.14
85.138 986.747
85.709 986.083
86.018 985.684
86.502 984.866
86.826 984.304
87.051 983.842
87.407 983.035
87.62 982.574
87.799 982.052
88.022 981.483
88.239 980.988
88.431 980.374
88.75 979.249
88.887 978.736
89.059 978.123
89.303 977.093
89.401 976.481
89.512 975.897
89.63 975.216
89.707 974.423
89.818 973.501
89.861 972.454
89.893 971.811
89.883 971.016
89.869 970.507
89.834 969.987
89.761 969.258
89.713 968.727
89.615 967.943
89.3 966.377
88.978 965.12
88.791 964.538
88.604 964.052
88.409 963.437
88.093 962.651
87.855 962.136
87.596 961.664
87.334 961.199
86.949 960.634
86.545 960.108
86.246 959.786
85.78 959.43
85.311 959.052
84.795 958.691
84.344 958.434
83.795 958.144
83.341 957.927
82.776 957.708
82.077 957.447
81.603 957.284
80.936 957.084
80.299 956.919
79.029 956.615
78.476 956.514
77.839 956.363
77.101 956.276
76.553 956.191
76.028 956.102
75.463 956.07
74.183 955.947
73.418 955.942
72.768 955.961
71.979 956.002
71.282 956.07
70.686 956.162
69.888 956.308
69.379 956.436
67.903 956.886
67.306 957.078
66.7 957.325
65.921 957.667
64.968 958.121
63.793 958.793
63.145 959.157
62.511 959.542
61.897 959.991
61.028 960.661
60.6 961.013
60.145 961.48
59.768 961.905
59.43 962.319
59.054 962.949
58.785 963.415
58.536 963.96
58.318 964.583
57.984 965.265
57.765 965.729
57.512 966.453
57.24 967.058
56.386 968.68
55.617 969.886
55.328 970.304
54.945 970.763
54.602 971.187
54.24 971.536
53.792 971.901
53.269 972.334
52.792 972.664
52.328 972.956
51.134 973.654
50.267 974.128
49.755 974.392
48.714 974.903
48.235 975.16
47.265 975.627
46.701 975.926
46.198 976.174
45.18 976.652
44.107 977.116
42.404 977.781
41.91 977.967
41.429 978.158
40.763 978.436
40.053 978.695
38.721 979.206
38.181 979.39
37.629 979.559
36.995 979.742
36.463 979.881
35.831 980.02
35.112 980.209
34.429 980.319
33.915 980.378
33.251 980.508
32.732 980.583
30.551 980.78
29.803 980.893
29.224 980.914
28.692 980.912
28.033 980.9
27.394 980.916
26.865 980.952
26.317 980.912
25.745 980.828
25.254 980.847
24.601 980.941
23.928 980.873
23.418 980.838
22.35 980.797
21.847 980.783
20.749 980.893
20.189 980.926
18.772 981.142
18.271 981.209
17.713 981.264
17.178 981.334
16.539 981.564
15.514 982.045
15.033 982.246
14.503 982.487
13.79 982.837
13.281 983.026
12.828 983.239
11.649 983.782
11.042 984.109
10.472 984.394
9.812 984.71
9.335 984.91
8.7 985.164
7.356 985.728
6.746 985.997
6.093 986.277
5.572 986.516
4.923 986.726
4.266 987.012
3.74 987.216
2.126 987.716
1.632 987.844
1.237 987.987
1.133 988.055
1.017 988.241
0.919 988.638
0.88 990.064
0.637 996.125
0.535 998.734
0.072 1010.36
0.023 1011.08
0.029 1011.49
0.12 1011.69
0.275 1011.8
0.892 1011.95
1.392 1012.04
2.304 1012.14
3.142 1012.21
8.62 1012.43
9.588 1012.47
11.023 1012.53
13.099 1012.6
13.813 1012.64
14.883 1012.68
15.733 1012.74
16.362 1012.76
17.271 1012.84
17.92 1012.9
18.579 1012.97
19.141 1013.01
19.745 1013.08
20.871 1013.22
21.676 1013.34
22.456 1013.46
23.141 1013.58
24.459 1013.82
25.114 1013.96
25.704 1014.08
26.348 1014.21
26.993 1014.35
27.633 1014.49
28.153 1014.61
28.87 1014.73
29.496 1014.88
30.006 1015
30.52 1015.08
31.097 1015.22
31.679 1015.34
32.222 1015.47
32.709 1015.6
33.207 1015.71
33.736 1015.86
34.439 1016.04
36.437 1016.62
38.477 1017.26
39.028 1017.44
39.816 1017.71
40.741 1018.04
41.35 1018.28
42.058 1018.54
42.528 1018.73
43.047 1018.96
44.497 1019.58
44.996 1019.8
45.546 1020.04
46.093 1020.24
46.58 1020.45
47.388 1020.78
47.925 1020.97
48.898 1021.28
50.296 1021.65
51.287 1021.93
51.794 1022.06
53.031 1022.35
53.591 1022.47
54.162 1022.6
55.995 1022.93
56.724 1023.02
57.365 1023.06
57.865 1023.06
58.504 1023.08
1344
57.44 1022.02
56.82 1021.98
56.028 1021.89
55.248 1021.76
54.327 1021.58
53.54 1021.41
52.443 1021.17
51.651 1020.99
51.142 1020.85
50.786 1020.68
50.653 1020.51
51.051 1020.05
51.09 1019.84
50.996 1019.71
50.5 1019.48
50.362 1019.53
50.298 1019.73
50.273 1020.31
50.036 1020.44
49.588 1020.43
49.031 1020.3
48.483 1020.12
47.94 1019.94
47.304 1019.72
46.351 1019.34
45.303 1018.88
44.635 1018.61
43.881 1018.28
43.168 1017.97
42.378 1017.64
41.842 1017.44
41.482 1017.25
41.342 1017.08
41.252 1016.9
41.269 1016.65
41.397 1016.05
41.271 1014.25
41.403 1013.89
41.522 1013.85
41.642 1013.75
42.072 1013.64
42.264 1013.49
42.306 1013.4
42.233 1013.11
41.904 1012.65
41.456 1012.09
40.836 1011
40.475 1010.5
40.166 1010.07
40.053 1009.94
39.824 1009.83
39.642 1009.83
38.948 1010.05
38.753 1010.01
38.558 1009.78
38.387 1009.47
38.34 1009.24
38.394 1008.82
38.522 1008.47
38.487 1008.23
38.4 1008.13
37.9 1007.94
37.478 1007.51
37.277 1007.33
37.052 1007.15
36.796 1006.74
36.195 1006.45
35.602 1006.21
34.93 1006.15
34.355 1006.18
33.826 1006.16
33.42 1006.16
33.169 1006.32
33.084 1006.45
32.889 1006.57
32.271 1006.66
31.635 1006.74
31.138 1006.84
30.645 1006.95
30.142 1007.04
29.509 1007.13
28.733 1007.32
28.153 1007.39
27.599 1007.5
27.119 1007.67
26.59 1007.85
26.129 1008.02
25.812 1008.07
25.16 1008.08
24.597 1008.05
24.404 1007.9
24.369 1007.66
24.481 1007.33
24.833 1007.09
25.452 1006.82
26.684 1006.36
27.171 1006.19
27.665 1006.06
28.181 1005.88
29.457 1005.51
30.022 1005.22
30.497 1004.94
30.948 1004.71
31.402 1004.53
31.643 1004.49
31.889 1004.52
32.113 1004.62
32.506 1004.91
32.55 1004.91
32.659 1004.72
32.621 1004.5
32.529 1004.11
32.588 1003.7
32.805 1003.38
33.27 1002.98
33.6 1002.79
33.825 1002.81
34.05 1003.03
34.265 1003.65
34.491 1004.11
34.715 1004.57
34.871 1004.81
34.98 1004.91
35.182 1004.97
35.611 1004.89
35.823 1004.74
36.138 1004.13
36.189 1003.99
36.187 1003.9
36.091 1003.85
35.705 1003.87
35.547 1003.81
35.323 1003.6
34.892 1003.02
34.533 1002.57
34.443 1002.21
34.516 1001.96
34.679 1001.76
35.13 1001.4
35.604 1001.27
35.839 1001.38
36.251 1001.84
36.641 1002.3
36.862 1002.71
36.877 1003.05
36.847 1003.14
36.953 1003.39
37.285 1003.62
37.499 1003.93
37.731 1004.53
37.762 1004.84
37.698 1005.23
37.74 1005.39
37.872 1005.43
38.311 1005.71
38.549 1006.04
38.825 1006.52
39.11 1007
39.404 1007.57
39.537 1007.73
39.679 1007.86
39.928 1007.89
40.153 1007.75
40.408 1007.68
40.69 1007.71
40.862 1007.81
41.076 1008.02
41.348 1008.45
41.878 1009.36
42.242 1009.95
42.877 1010.8
43.333 1011.37
43.704 1011.76
44.09 1012.12
44.537 1012.64
44.961 1013.05
45.382 1013.37
45.901 1013.58
46.522 1013.9
47.053 1014.03
47.863 1014.03
48.591 1014.06
49.115 1014.08
49.552 1014.13
50.024 1014.39
50.477 1014.66
50.877 1014.8
52.051 1015.02
52.563 1015.08
53.111 1015.08
53.615 1015.03
54.209 1014.97
54.489 1014.86
54.657 1014.64
54.666 1014.42
54.586 1014.25
54.227 1014.19
53.714 1014.26
53.367 1014.28
52.74 1014.18
51.863 1014.02
51.292 1013.89
50.745 1013.72
50.171 1013.52
49.929 1013.41
49.463 1013.07
49.105 1012.69
48.807 1012.31
48.75 1012.18
48.699 1011.87
48.801 1011.37
48.851 1010.96
48.699 1010.76
48.237 1010.49
47.762 1010.23
47.284 1009.86
46.894 1009.51
46.535 1009.15
46.189 1008.75
45.986 1008.55
45.58 1008.26
45.151 1007.77
44.699 1007.22
44.298 1006.67
44.144 1006.49
43.913 1006.35
43.36 1006.29
43.075 1006.11
42.603 1005.64
42.214 1005.26
41.761 1004.79
41.474 1004.46
41.387 1004.25
41.37 1004.03
41.501 1003.83
41.73 1003.64
42.217 1003.32
42.597 1003.09
42.782 1003.03
43.046 1003.09
43.274 1003.26
43.601 1003.68
44.091 1004.19
44.691 1004.79
45.157 1005.22
45.62 1005.66
46.205 1006.21
46.638 1006.6
47.02 1006.98
47.589 1007.51
47.914 1007.9
48.332 1008.33
48.724 1008.7
49.179 1009.11
50.047 1009.67
50.329 1009.9
50.68 1010.37
51.128 1010.84
51.486 1011.18
52.587 1011.76
53.608 1012.19
54.148 1012.43
54.722 1012.71
55.176 1012.98
55.594 1013.27
55.971 1013.77
56.045 1013.85
56.493 1014.08
56.855 1014.37
57.428 1014.49
58.067 1014.53
58.656 1014.5
58.855 1014.35
58.814 1014.23
58.333 1014.03
57.595 1013.98
57.354 1013.85
57.254 1013.7
57.047 1013.54
56.434 1013.11
55.913 1012.68
55.514 1012.37
55.325 1012.15
55.275 1012
55.108 1011.77
54.869 1011.62
54.278 1011.4
53.594 1011.1
52.971 1010.88
52.499 1010.61
52.001 1010.22
51.568 1009.7
51.27 1009.4
50.61 1008.89
50.073 1008.45
49.687 1008.06
49.31 1007.79
48.934 1007.57
48.547 1007.18
48.058 1006.62
47.09 1005.73
46.701 1005.4
46.318 1005.02
45.844 1004.6
45.339 1004.17
44.97 1003.81
44.439 1003.41
44.018 1003.03
43.69 1002.62
43.601 1002.38
43.634 1002.15
43.983 1001.75
44.411 1001.39
44.562 1001.32
44.852 1001.29
45.101 1001.35
45.366 1001.58
45.724 1002
46.146 1002.44
46.568 1002.83
46.994 1003.2
47.361 1003.54
47.719 1003.9
48.142 1004.31
48.722 1004.8
49.18 1005.17
50.256 1005.99
51.448 1007.03
51.837 1007.38
52.298 1007.74
52.827 1008.12
53.25 1008.45
53.849 1008.84
55.298 1009.77
55.73 1010.12
56.116 1010.46
56.25 1010.64
56.346 1010.9
56.367 1011.07
56.412 1011.21
56.657 1011.4
57.256 1011.66
57.668 1011.91
57.999 1012.34
58.222 1012.54
58.525 1012.68
59.229 1012.75
59.501 1012.82
59.79 1013
59.97 1013.23
60.176 1013.4
60.234 1013.59
59.839 1013.91
59.717 1014.11
59.967 1014.22
60.803 1014.25
61.354 1014.33
61.964 1014.39
63.078 1014.44
63.624 1014.45
64.287 1014.41
64.84 1014.36
65.46 1014.23
66.571 1014.15
67.192 1014.15
67.735 1014.21
68.244 1014.3
68.679 1014.4
68.875 1014.58
68.931 1014.74
68.892 1014.91
68.65 1015.19
68.192 1015.43
67.65 1015.65
67.027 1015.79
66.533 1015.89
66.007 1016.09
65.502 1016.19
64.345 1016.22
63.844 1016.23
63.259 1016.2
62.621 1016.13
61.969 1016.09
61.294 1016.07
60.803 1015.97
60.545 1015.78
60.218 1015.41
60.015 1015.38
59.838 1015.46
59.394 1015.77
59.121 1015.88
58.646 1015.92
57.961 1015.9
57.443 1015.87
56.847 1015.87
56.3 1016.04
55.623 1016.25
54.488 1016.52
53.921 1016.61
53.208 1016.83
52.665 1016.98
52.203 1016.99
51.706 1016.93
51.091 1016.86
50.581 1016.81
50.094 1016.68
49.419 1016.41
48.939 1016.24
48.373 1016.1
47.831 1016.02
46.678 1015.87
46.107 1015.75
45.266 1015.62
44.86 1015.55
44.583 1015.35
44.435 1015.07
44.356 1014.46
44.225 1014.19
43.874 1013.95
43.379 1013.87
42.947 1013.82
42.764 1013.96
42.734 1014.21
42.812 1014.39
43.201 1014.76
43.346 1014.97
43.465 1015.49
43.725 1015.88
44.017 1016.04
44.577 1016.18
45.178 1016.38
45.71 1016.54
46.359 1016.7
46.867 1016.86
47.427 1016.95
48.033 1016.9
48.547 1016.91
49.144 1017.09
49.66 1017.29
50.184 1017.47
50.708 1017.57
51.325 1017.65
51.832 1017.69
52.498 1017.71
53.104 1017.72
53.511 1017.63
53.969 1017.43
54.6 1017.28
55.228 1017.12
55.904 1017.02
56.487 1016.92
57.049 1016.89
57.542 1016.79
58.002 1016.69
59.173 1016.66
59.715 1016.68
60.215 1016.74
60.735 1016.79
61.407 1016.85
62.263 1016.91
63.221 1016.89
63.859 1016.9
64.495 1016.92
64.717 1017.03
64.806 1017.16
64.817 1017.26
64.709 1017.48
64.295 1017.83
63.707 1018.17
63.39 1018.3
62.822 1018.44
62.253 1018.64
61.603 1018.85
60.991 1019.02
60.72 1019.02
60.562 1018.88
60.418 1018.46
60.317 1018.37
60.024 1018.29
59.801 1018.35
59.657 1018.5
59.493 1018.99
59.496 1019.04
59.337 1019.23
59.186 1019.32
58.67 1019.4
57.968 1019.51
57.538 1019.54
57.313 1019.43
57.213 1019.19
57.115 1018.87
57.013 1018.77
56.853 1018.74
56.642 1018.86
56.203 1019.25
55.922 1019.32
55.343 1019.28
54.522 1019.18
53.897 1019.04
53.379 1018.97
52.971 1019.04
52.675 1019.2
52.656 1019.34
52.783 1019.49
53.275 1019.68
53.948 1019.86
54.479 1019.91
56.348 1020.04
56.927 1020.09
57.458 1020.16
57.897 1020.18
58.685 1020.1
59.362 1019.93
59.81 1019.84
60.584 1019.77
61.497 1019.62
62.012 1019.52
62.676 1019.37
63.265 1019.15
63.821 1018.85
64.282 1018.52
64.7 1018.17
65.525 1017.42
65.791 1017.24
66.278 1017.07
66.975 1016.95
67.511 1016.77
67.921 1016.56
68.899 1015.84
69.312 1015.5
69.7 1015.23
70.249 1014.99
70.734 1014.86
71.317 1014.62
71.803 1014.35
72.232 1014.07
72.682 1013.66
73.168 1013.17
73.587 1012.83
74.079 1012.51
74.516 1012.22
74.746 1012
74.885 1011.77
74.99 1011.38
74.969 1011
74.799 1010.62
74.549 1010.1
74.348 1009.6
74.169 1009.41
73.79 1009.26
73.421 1009.17
73.233 1009.01
73.089 1008.74
72.901 1008.18
72.607 1007.34
72.353 1006.85
72.05 1006.56
71.713 1006.38
71.171 1006.2
70.642 1005.97
70.211 1005.7
69.725 1005.36
68.677 1004.6
68.159 1004.25
67.899 1004.08
67.649 1003.97
67.312 1003.71
67.18 1003.49
67.144 1003.07
67.061 1002.85
66.914 1002.78
66.464 1002.83
66.144 1002.71
65.818 1002.41
65.512 1001.88
65.144 1001.47
64.754 1000.95
64.563 1000.49
64.413 999.97
64.455 999.572
64.654 999.017
64.783 998.568
64.928 997.559
65.052 997.138
65.3 996.75
65.682 996.388
66.213 995.893
66.591 995.416
66.871 994.962
67.224 994.417
67.959 993.352
68.244 992.882
68.504 992.522
68.874 992.17
69.275 991.806
70.184 991.088
70.643 990.691
71.003 990.295
71.492 989.872
71.932 989.569
72.505 989.21
72.854 988.977
73.213 988.604
73.479 988.196
73.576 987.824
73.613 987.258
73.62 986.562
73.577 986.145
73.451 985.898
73.384 985.865
73.196 985.91
73.017 986.089
72.885 986.378
72.773 986.951
72.623 987.502
72.395 988.038
72.073 988.423
71.62 988.749
71.131 989.035
70.639 989.369
70.275 989.752
69.908 990.25
69.516 990.602
69.054 990.936
68.639 991.227
68.32 991.508
68.025 991.924
67.628 992.496
67.246 993.204
66.838 993.779
66.503 994.26
66.22 994.727
65.828 995.307
65.431 995.759
65.137 996.147
64.863 996.395
64.468 996.522
64.118 996.505
63.806 996.369
63.535 996.029
63.364 995.589
63.295 994.99
63.199 994.651
63.127 994.538
62.744 994.221
62.442 993.781
61.968 993.215
61.581 992.684
61.301 992.257
60.906 991.801
60.5 991.35
60.13 990.825
59.825 990.38
59.449 989.933
58.844 989.296
58.508 989.004
58.304 988.873
58.149 988.648
58.068 988.34
57.787 987.901
57.585 987.602
57.559 987.497
57.401 987.281
56.877 987.175
56.386 987.02
56.277 987.03
56.147 986.952
56.033 987.006
56.11 987.078
56.062 987.199
56.386 987.634
56.826 987.961
57.434 988.47
57.877 988.8
58.097 989.018
58.227 989.602
58.396 989.919
58.788 990.354
59.276 990.804
59.584 991.161
59.882 991.662
60.282 992.173
60.513 992.504
60.806 992.957
61.332 993.418
61.737 993.825
61.936 994.032
62.142 994.418
62.288 994.995
62.37 995.355
62.598 995.81
62.915 996.167
63.257 996.402
63.755 996.664
63.924 996.859
64.096 997.311
64.129 997.708
64.043 998.218
63.842 998.683
63.585 999.194
63.379 999.729
63.327 999.87
63.351 1000.39
63.505 1000.88
63.808 1001.37
64.598 1002.33
65.098 1002.96
65.464 1003.32
65.847 1003.76
66.365 1004.3
66.816 1004.67
67.313 1005.01
67.812 1005.34
68.232 1005.59
68.542 1005.9
69.035 1006.25
69.517 1006.62
69.976 1006.96
70.529 1007.21
71.085 1007.43
71.574 1007.72
71.899 1008.05
72.047 1008.45
72.044 1008.67
71.973 1008.86
71.794 1008.98
71.343 1009.02
70.819 1008.95
70.243 1008.74
69.679 1008.38
69.095 1008.03
68.629 1007.73
68.198 1007.47
67.673 1007.19
67.274 1006.85
67.141 1006.62
66.834 1006.36
66.262 1006.14
65.813 1005.83
65.451 1005.5
64.847 1004.97
64.343 1004.61
63.968 1004.22
63.464 1003.82
63.093 1003.44
62.063 1002.17
61.485 1001.51
61.296 1001.28
61.215 1001.02
61.259 1000.76
61.4 1000.5
61.837 1000.02
62.302 999.676
62.373 999.356
62.226 998.778
61.984 998.285
61.664 997.78
61.453 997.298
61.172 996.809
60.854 996.242
60.61 995.787
60.255 995.302
59.888 994.841
59.602 994.343
59.36 994.027
58.987 993.63
58.58 993.024
58.279 992.608
57.755 992.019
57.259 991.283
56.948 990.89
56.598 990.519
56.23 990.058
55.951 989.57
55.699 989.113
55.395 988.674
55.005 988.23
54.628 987.848
54.221 987.387
53.884 986.846
53.696 986.751
53.349 986.774
53.02 986.666
52.745 986.427
52.394 985.917
52.229 985.35
52.255 985.146
52.418 984.873
52.829 984.576
53.198 984.437
53.701 984.402
54.281 984.408
54.448 984.276
54.286 983.853
54.002 983.416
53.637 983.089
53.566 982.854
53.608 982.709
53.896 982.415
54.503 982.039
54.983 981.727
55.578 981.389
56.071 981.248
56.354 981.162
56.38 981.097
56.617 980.874
57.079 980.394
57.49 979.999
57.886 979.721
59.171 979.143
59.823 978.7
61.039 977.665
61.722 977.141
62.662 976.499
63.081 976.197
63.647 975.744
64.964 974.849
65.453 974.51
65.912 974.173
66.801 973.273
67.267 972.854
67.761 972.379
68.187 971.962
68.66 971.516
69.052 971.173
69.63 970.656
70.019 970.205
70.602 969.641
70.953 969.281
71.22 968.842
71.535 968.444
71.894 968.074
72.308 967.52
72.588 967.08
73.013 966.344
73.353 965.778
73.563 965.557
73.995 965.284
74.11 965.219
74.191 965.041
74.087 964.55
74.01 964.016
73.878 963.525
73.662 963.122
73.606 962.887
73.633 962.566
73.574 962.346
73.406 962.167
72.739 961.997
72.319 961.938
71.975 962.041
71.54 962.306
71.184 962.702
70.841 962.984
70.561 963.084
70.413 963.092
70.288 963.209
70.205 963.79
70.055 964.16
69.718 964.706
69.146 965.778
68.872 966.198
68.494 966.717
68.133 967.188
67.408 967.982
67.021 968.371
64.734 970.381
64.303 970.75
63.768 971.138
63.267 971.541
62.803 971.937
62.097 972.448
61.459 972.939
60.919 973.37
60.7 973.487
60.191 973.518
60.016 973.601
59.64 974.054
59.296 974.44
58.819 974.917
58.395 975.26
57.835 975.624
57.123 976.164
56.716 976.501
56.133 976.952
55.618 977.257
55.065 977.543
54.24 977.927
53.773 978.152
53.278 978.407
52.718 978.689
52.174 978.989
51.687 979.27
51.217 979.577
50.666 979.895
50.197 980.126
49.608 980.279
48.9 980.266
48.415 980.302
48.209 980.363
47.838 980.685
47.51 981.042
47.328 981.183
47.033 981.255
46.75 981.192
46.341 980.881
46.046 980.772
45.513 980.631
45.357 980.495
45.385 980.268
45.554 980.061
46.04 979.738
46.653 979.521
47.16 979.405
47.894 979.252
48.486 979.013
49.117 978.738
49.644 978.497
50.148 978.316
50.622 978.117
51.48 977.657
52.683 976.955
53.275 976.575
54.319 976.09
54.778 975.865
55.308 975.551
55.742 975.226
56.143 974.883
56.514 974.546
56.955 974.156
57.391 973.718
57.768 973.19
57.912 972.775
58.078 972.423
58.514 972.11
59 971.864
59.476 971.685
60.039 971.519
60.556 971.273
61.076 970.864
62.001 970.046
62.461 969.719
63.524 969.023
63.986 968.736
64.457 968.475
64.951 968.092
65.395 967.671
65.807 967.238
66.18 966.773
66.51 966.224
66.846 965.583
67.146 965.05
67.444 964.612
67.794 964.18
68.178 963.809
68.69 963.362
69.127 962.934
69.293 962.813
69.492 962.547
69.473 962.4
69.32 962.282
68.967 962.327
68.375 962.668
67.888 963.012
67.338 963.465
67.045 963.763
66.713 964.227
66.002 965.408
65.549 966.171
65.14 966.764
64.811 967.189
64.512 967.517
64.179 967.736
63.6 967.981
63.064 968.224
62.608 968.515
62.151 968.849
61.183 969.61
60.205 970.213
59.664 970.472
59.16 970.548
58.878 970.588
58.599 970.697
58.086 971.058
57.284 971.77
56.994 972.231
56.816 972.593
56.45 973.081
56.041 973.56
55.66 973.896
55.02 974.288
54.543 974.546
54.085 974.763
53.59 975.011
52.634 975.552
52.112 975.833
51.66 976.065
51.14 976.36
50.537 976.689
49.947 977.021
49.252 977.34
48.654 977.653
48.162 977.885
47.604 978.115
47.221 978.237
46.811 978.297
46.273 978.258
46.017 978.274
45.829 978.361
45.595 978.67
45.355 979.189
45.169 979.481
44.709 979.907
44.439 980.071
44.005 980.169
43.271 980.146
42.653 980.12
42.139 980.182
41.424 980.438
40.927 980.737
40.581 980.929
39.988 981.077
39.805 981.16
39.492 981.383
38.888 981.664
38.365 981.878
37.952 981.938
37.29 981.935
36.451 982.021
35.757 982.051
35.231 982.154
34.649 982.355
34.045 982.495
33.479 982.604
32.985 982.775
32.564 982.878
31.874 982.949
31.163 983.058
30.645 983.131
30.138 983.145
29.537 983.229
29.107 983.297
28.411 983.293
27.911 983.297
27.246 983.314
26.197 983.313
25.613 983.303
25.036 983.317
24.363 983.447
23.872 983.488
23.686 983.452
23.247 983.059
23.016 982.878
22.817 982.82
22.628 982.902
22.475 983.072
22.186 983.507
21.809 983.638
21.205 983.791
20.873 983.892
20.191 983.959
19.662 983.938
19.436 983.84
19.243 983.626
18.979 983.159
18.753 983.109
18.592 983.179
18.467 983.301
18.368 983.686
18.351 984.286
18.251 984.414
18.04 984.463
17.53 984.318
16.98 984.271
16.312 984.376
15.749 984.579
14.964 984.821
14.061 985.044
13.242 985.266
12.605 985.505
12.024 985.691
11.515 985.868
10.478 986.25
9.875 986.428
9.199 986.561
8.792 986.641
8.529 986.605
8.428 986.491
8.659 986.315
9.243 986.015
9.789 985.777
10.328 985.549
12.062 984.683
12.745 984.352
13.201 984.146
14.241 983.702
14.712 983.484
15.96 982.942
16.423 982.759
16.942 982.633
17.454 982.56
18.519 982.515
19.232 982.416
19.91 982.366
20.448 982.406
20.854 982.411
21.361 982.302
21.786 982.216
22.453 982.201
22.988 982.146
23.476 982.089
24.075 982.117
24.637 982.082
25.16 981.969
25.766 981.943
26.425 981.998
26.983 982.016
27.639 982.009
28.801 981.977
29.674 981.927
30.174 981.88
30.797 981.802
31.49 981.74
32.721 981.6
33.229 981.516
33.892 981.388
34.45 981.301
35.099 981.182
35.781 981.032
36.777 980.787
37.414 980.611
37.918 980.463
38.418 980.369
38.765 980.363
39.196 980.451
39.353 980.508
39.484 980.482
39.653 980.026
39.957 979.774
40.657 979.506
41.147 979.337
41.88 979.037
42.527 978.783
44.296 978.097
44.781 977.9
45.28 977.683
45.785 977.457
46.716 977.014
47.182 976.785
47.693 976.528
48.522 976.126
50.041 975.37
50.659 975.055
51.22 974.749
51.893 974.372
52.449 974.029
52.99 973.688
53.429 973.397
54.07 972.913
54.453 972.582
54.944 972.167
55.404 971.705
55.808 971.321
56.129 970.95
56.485 970.334
56.784 969.856
57.105 969.364
57.424 968.829
57.684 968.375
58.009 967.76
58.237 967.265
58.464 966.682
59.107 965.195
59.319 964.671
59.529 964.169
59.88 963.48
60.18 962.962
60.538 962.437
61.035 961.899
61.52 961.471
62.102 961.03
62.717 960.592
63.605 960.036
64.231 959.676
64.857 959.323
65.465 959.002
66.425 958.549
67.001 958.291
67.658 958.03
68.216 957.842
68.911 957.631
69.433 957.479
70.016 957.344
70.702 957.218
71.294 957.13
71.835 957.073
72.417 957.032
73.133 956.995
73.757 956.978
74.265 956.994
75.145 957.082
75.836 957.134
76.37 957.206
77.314 957.327
78.02 957.444
78.642 957.584
79.148 957.669
79.686 957.808
80.211 957.93
80.9 958.117
81.466 958.295
81.954 958.468
82.59 958.706
83.113 958.921
83.646 959.187
84.096 959.428
84.599 959.742
85.196 960.182
85.594 960.51
86.032 960.979
86.412 961.531
86.747 962.132
86.999 962.626
87.374 963.508
87.624 964.178
87.923 965.138
88.125 965.91
88.237 966.4
88.467 967.569
88.549 968.14
88.617 968.805
88.722 969.93
88.754 970.431
88.769 971.001
88.767 971.585
88.718 973.202
88.666 973.758
88.547 974.821
88.35 976.066
88.178 977.02
88.074 977.532
87.843 978.405
87.476 979.728
87.263 980.474
86.919 981.415
86.709 981.96
86.488 982.503
86.2 983.161
85.884 983.857
85.508 984.588
85.126 985.241
84.824 985.68
84.445 986.154
83.978 986.562
83.464 986.99
83.002 987.301
82.46 987.522
81.962 987.702
81.462 987.876
80.912 988.008
80.404 988.093
79.791 988.209
79.098 988.302
78.597 988.361
77.942 988.454
77.052 988.64
76.524 988.759
75.935 988.919
75.455 989.083
74.971 989.31
74.243 989.709
73.584 990.186
73.058 990.583
72.616 990.934
72.102 991.415
71.543 991.902
70.989 992.211
70.841 992.464
70.661 992.778
70.128 993.336
69.525 994.065
68.726 995.082
68.448 995.526
68.035 996.162
67.774 996.6
67.515 997.116
67.172 997.855
66.972 998.343
66.843 998.844
66.761 999.351
66.736 999.92
66.823 1000.5
66.998 1001.05
67.286 1001.57
67.595 1002
67.961 1002.36
68.399 1002.7
68.991 1003.06
70.007 1003.58
70.51 1003.73
71.255 1003.87
72.357 1004.29
72.848 1004.53
73.221 1004.77
73.624 1005.14
74.002 1005.58
74.368 1006.08
74.653 1006.56
74.94 1007.09
75.226 1007.65
75.442 1008.18
75.627 1008.68
75.835 1009.37
75.93 1009.92
76.003 1010.49
75.989 1010.9
75.875 1011.39
75.802 1011.9
75.67 1012.32
75.309 1012.95
75.039 1013.38
74.718 1013.82
74.159 1014.41
73.723 1014.78
73.168 1015.2
72.698 1015.55
71.555 1016.33
70.258 1017.14
68.786 1018.02
67.657 1018.67
67.185 1018.94
66.744 1019.18
66.295 1019.42
65.658 1019.74
65.164 1019.98
64.052 1020.53
63.372 1020.85
62.528 1021.21
61.998 1021.37
61.505 1021.53
60.124 1021.87
59.63 1021.96
59.038 1022.02
58.047 1022.03
116
48.042 983.604
47.49 983.436
47.063 983.239
46.909 983.086
46.877 982.965
46.962 982.753
47.562 982.2
47.98 981.94
48.464 981.713
48.988 981.549
49.613 981.363
50.263 981.126
50.881 980.886
51.423 980.656
51.951 980.447
52.425 980.188
52.918 979.9
53.378 979.659
53.951 979.384
54.418 979.152
54.84 978.875
55.372 978.573
55.854 978.334
56.514 977.941
57.16 977.526
57.556 977.187
57.956 976.827
58.733 976.149
59.207 975.812
59.764 975.334
60.251 974.955
60.897 974.482
61.462 974.078
62.008 973.702
62.458 973.404
63.141 972.851
63.65 972.41
64.149 972.027
64.66 971.592
66.022 970.407
67.508 969.087
68.041 968.526
68.412 968.078
68.851 967.593
69.442 966.85
69.776 966.388
70.055 965.912
70.311 965.368
70.473 964.855
70.705 964.401
71.099 963.78
71.413 963.365
71.81 963.055
72.231 962.753
72.5 962.616
72.774 962.626
73.097 962.848
73.217 963.093
73.24 963.582
73.237 963.921
73.32 964.42
73.297 964.637
72.867 965.203
72.417 965.898
71.979 966.544
71.454 967.278
71.155 967.728
70.627 968.324
70.256 968.726
69.922 969.148
69.53 969.578
69.204 969.924
68.181 970.816
67.583 971.351
67.121 971.798
66.449 972.427
66.089 972.775
65.63 973.192
65.167 973.581
64.741 973.894
63.629 974.658
63.168 975.006
62.59 975.369
62.098 975.684
61.13 976.49
60.711 976.849
60.228 977.25
59.738 977.615
59.057 978.049
58.427 978.418
57.827 978.729
57.347 979.023
56.343 979.76
55.89 980.149
55.05 980.59
54.367 980.904
53.887 981.282
53.494 981.647
53.068 981.955
52.946 982.001
52.828 982.114
52.693 982.169
52.614 982.294
52.357 982.243
52.31 982.118
52.001 981.985
51.401 981.94
50.804 981.907
50.459 981.96
50.239 982.091
50.078 982.254
49.831 982.772
49.562 983.121
49.113 983.483
48.773 983.629
48.384 983.659
31
44.273 983.169
43.524 983.083
43.047 983.025
42.295 983.052
41.767 983.085
41.198 983.058
40.812 983.006
40.257 982.85
39.795 982.676
39.68 982.561
39.676 982.406
39.777 982.236
40.145 981.986
40.648 981.819
41.299 981.697
41.899 981.57
42.445 981.529
43.091 981.472
43.823 981.468
44.393 981.432
45.056 981.443
45.388 981.5
45.912 981.648
46.288 981.746
46.382 981.79
46.495 982.002
46.338 982.64
46.13 982.941
45.853 983.091
45.304 983.181
44.788 983.197
23
50.583 984.819
50.104 984.628
49.826 984.546
49.681 984.436
49.601 984.313
49.586 984.189
49.695 983.894
50.041 983.491
50.444 983.061
50.899 982.835
51.843 982.637
52.188 982.484
52.34 982.366
52.618 982.425
52.644 982.587
52.934 982.894
53.017 983.065
52.967 983.285
52.737 983.741
52.275 984.241
51.821 984.643
51.442 984.851
51.059 984.89
150
2.202 989.517
2.03 989.431
1.99 989.309
1.989 989.173
2.077 989.017
2.319 988.843
2.859 988.655
3.534 988.488
4.201 988.311
4.945 988.031
5.622 987.728
6.148 987.5
6.742 987.388
6.997 987.291
7.593 987.288
8.477 987.376
9.039 987.399
9.663 987.359
10.56 987.245
11.063 987.163
11.562 987.094
12.068 986.97
12.581 986.886
13.549 986.678
14.414 986.438
14.963 986.293
15.455 986.209
15.835 986.108
16.356 986.066
16.682 986.019
17.432 985.811
17.689 985.707
18.65 985.674
19.155 985.564
19.527 985.497
20.122 985.458
20.768 985.312
21.223 985.28
21.737 985.113
22.507 985.053
23.174 985.131
23.413 985.186
23.735 985.15
24.043 985.005
24.445 984.965
25.115 984.985
25.844 984.972
26.296 984.909
26.819 984.773
27.727 984.742
28.391 984.772
28.755 984.729
29.374 984.595
30.156 984.599
30.585 984.571
31.388 984.402
31.917 984.323
32.548 984.169
32.965 984.111
33.606 983.876
34.138 983.653
34.639 983.459
34.986 983.337
35.494 983.295
36.043 983.313
36.577 983.283
37.733 983.194
38.396 983.177
38.943 983.198
39.364 983.303
39.903 983.636
40.271 983.876
40.414 984.131
40.425 984.42
40.339 984.696
40.015 985.168
39.744 985.365
39.435 985.453
38.911 985.44
38.495 985.287
37.912 984.935
37.448 984.73
36.982 984.657
36.436 984.642
35.875 984.617
35.17 984.572
34.733 984.625
34.247 984.759
33.657 984.936
33.061 985.178
32.754 985.36
31.93 986.068
31.657 986.262
31.269 986.371
30.749 986.399
29.965 986.359
28.521 986.296
27.752 986.257
27.163 986.238
26.401 986.281
25.643 986.45
24.859 986.472
24.407 986.441
24.243 986.398
24.055 986.215
24.001 986.067
23.691 985.736
23.379 985.776
23.138 986.034
22.993 986.406
22.86 986.563
22.642 986.65
22.375 986.666
21.907 986.54
21.468 986.371
21.147 986.342
20.98 986.399
20.541 986.814
20.458 986.875
19.874 986.983
19.433 986.937
18.918 986.735
18.647 986.732
18.473 986.81
18.079 987.094
17.694 987.161
17.126 987.159
16.754 987.225
16.345 987.304
15.724 987.335
15.278 987.411
14.666 987.536
14.109 987.674
13.373 987.75
12.854 987.878
12.266 987.925
11.732 987.958
11.106 988.043
10.514 988.134
9.148 988.192
8.091 988.265
7.436 988.272
6.82 988.371
6.157 988.44
5.534 988.592
4.958 988.76
4.048 989.159
3.482 989.321
2.894 989.477
2.439 989.532
53
50.72 987.799
50.148 987.487
49.579 987.189
49.131 987.057
48.683 986.953
48.413 986.783
48.113 986.382
47.816 985.992
47.821 985.887
47.631 985.731
47.383 985.746
46.896 985.939
46.395 986.004
45.824 985.992
45.28 985.995
44.434 985.963
43.896 985.923
43.267 985.869
42.675 985.862
42.024 985.862
41.584 985.797
41.265 985.643
41.056 985.41
40.916 985.12
40.934 984.728
41.031 984.539
41.338 984.251
41.586 984.144
41.889 984.105
42.348 984.159
42.948 984.301
44.291 984.431
44.847 984.384
45.493 984.142
46.054 984.029
46.732 984.066
47.022 984.145
47.237 984.269
47.698 984.435
48.123 984.757
48.517 985.128
49.024 985.329
49.514 985.441
50.324 985.508
50.955 985.675
51.323 985.844
51.72 986.222
51.957 986.519
52.073 986.738
52.017 987.055
51.734 987.46
51.417 987.743
51.113 987.863
382
72.694 1011.75
72.082 1011.52
71.585 1011.3
71.129 1011.15
70.409 1011.11
69.671 1011.08
69.126 1010.99
68.58 1010.85
68.163 1010.72
67.898 1010.6
67.331 1010.46
66.93 1010.31
66.549 1010.03
66.2 1009.67
65.927 1009.46
65.653 1009
65.462 1008.71
65.095 1008.44
64.029 1007.92
63.523 1007.62
62.959 1007.26
62.6 1006.91
62.224 1006.51
61.718 1006.13
61.186 1005.74
60.851 1005.41
60.499 1004.99
59.942 1004.46
59.558 1004.01
59.053 1003.34
58.79 1002.91
58.721 1002.71
58.677 1002.38
58.573 1002.08
58.097 1001.86
57.777 1001.55
57.329 1000.97
56.954 1000.42
56.363 999.54
55.979 999.01
55.658 998.549
55.338 998.132
55.005 997.671
54.624 997.169
54.291 996.763
53.839 996.181
53.509 995.788
53.138 995.391
52.769 994.988
51.542 993.583
51.077 992.907
50.757 992.464
50.493 991.986
50.219 991.539
49.848 991.061
49.376 990.502
49.158 990.222
48.675 989.87
48.178 989.561
47.806 989.212
47.4 988.891
46.998 988.59
46.48 988.25
45.977 987.955
45.765 987.892
45.593 987.9
45.515 988.062
45.507 988.557
45.635 988.816
46.06 989.271
46.467 989.641
46.937 989.932
47.458 990.203
47.893 990.483
48.301 990.901
48.691 991.323
49.08 991.756
49.466 992.268
49.773 992.78
50.1 993.228
50.389 993.731
50.744 994.278
51.07 994.69
51.431 995.097
53.071 996.865
53.518 997.426
53.924 997.913
54.247 998.378
54.609 998.838
54.988 999.328
55.394 999.958
55.749 1000.48
56.103 1000.91
56.47 1001.33
57.024 1002.09
57.205 1002.39
57.368 1002.99
57.467 1003.33
57.83 1003.7
58.096 1003.97
58.434 1004.45
58.769 1004.86
59.192 1005.34
59.634 1005.72
60.006 1006.16
60.314 1006.45
60.776 1006.8
61.15 1007.2
61.604 1007.53
61.954 1007.95
62.231 1008.2
63.139 1008.73
63.576 1008.99
64.054 1009.22
64.575 1009.41
64.998 1009.63
65.37 1009.97
65.63 1010.32
65.731 1010.62
65.729 1010.74
65.614 1010.86
65.361 1010.93
64.82 1010.91
64.012 1010.88
63.452 1010.8
62.96 1010.61
62.486 1010.39
61.923 1010.07
61.348 1009.64
60.808 1009.25
60.371 1008.88
59.986 1008.49
59.454 1008.13
58.985 1007.81
57.707 1006.77
57.292 1006.38
56.987 1006.07
56.568 1005.79
55.967 1005.36
55.725 1005.03
55.496 1004.66
55.3 1004.54
54.769 1004.65
54.486 1004.64
54.048 1004.35
53.612 1004.1
53.13 1003.84
52.571 1003.44
52.112 1003.06
51.578 1002.59
51.186 1002.16
50.111 1000.95
49.655 1000.45
49.129 999.909
48.712 999.556
48.253 999.099
47.44 998.161
47.08 997.772
46.577 997.381
46.213 996.96
46.089 996.78
46.106 996.467
46.207 996.237
46.508 995.81
46.826 995.405
46.86 995.319
46.846 995.168
46.669 995.152
46.368 995.313
46.129 995.323
45.896 995.195
45.672 994.955
45.395 994.532
45.062 994.186
44.552 993.75
44.165 993.397
43.705 993.03
43.199 992.678
42.708 992.365
42.245 992.08
41.429 991.511
40.919 991.166
40.469 990.883
39.957 990.586
39.529 990.327
39.031 989.96
38.557 989.634
38.122 989.298
37.533 988.948
37.136 988.692
36.727 988.325
36.268 988.076
35.638 987.792
35.106 987.496
34.611 987.332
33.445 987.242
33.003 987.163
32.434 986.896
32.298 986.753
32.295 986.623
32.514 986.383
32.91 986.172
33.145 986.124
33.465 985.994
34.683 985.771
35.27 985.784
35.804 985.828
36.307 985.856
37.06 985.954
37.587 986.162
38.127 986.433
38.529 986.794
38.754 987.15
38.861 987.542
38.867 987.922
38.966 988.157
39.243 988.444
39.711 988.688
40.159 988.911
40.714 989.219
41.711 989.787
42.225 990.09
42.757 990.427
43.364 990.765
44.342 991.339
44.815 991.626
45.25 992.035
45.715 992.511
46.147 992.841
46.472 993.12
47.331 994.065
47.607 994.442
47.809 994.935
47.978 995.432
48.138 995.777
48.682 996.425
49.136 996.903
49.571 997.344
49.942 997.768
50.541 998.493
51.011 999.102
51.59 999.815
52.057 1000.35
52.535 1000.95
52.881 1001.4
53.231 1001.81
53.574 1002.18
53.919 1002.55
54.292 1003.02
54.729 1003.55
55.04 1003.76
55.273 1003.82
55.443 1003.76
55.627 1003.49
55.596 1003.27
55.232 1002.79
54.951 1002.37
54.545 1001.91
54.232 1001.52
53.919 1001.1
53.489 1000.6
52.978 999.892
52.472 999.261
52.072 998.695
51.391 997.9
50.412 996.767
49.949 996.212
49.505 995.704
49.163 995.289
48.801 994.794
48.489 994.202
48.292 993.711
47.98 993.218
47.535 992.72
46.978 992.271
46.551 991.871
46.185 991.459
45.74 991.028
45.258 990.712
44.826 990.444
44.359 990.176
43.913 989.874
43.462 989.58
42.89 989.271
41.873 988.629
41.112 988.268
40.485 987.999
40.04 987.769
39.636 987.417
39.41 987.084
39.293 986.711
39.321 986.45
39.476 986.272
39.854 986.19
40.519 986.255
41.066 986.386
41.544 986.795
41.903 987.071
42.991 987.553
43.535 987.9
44.056 988.3
44.168 988.341
44.228 988.296
44.23 988.169
43.887 987.77
43.571 987.237
43.166 986.811
43.146 986.63
43.281 986.56
43.492 986.539
43.822 986.64
44.429 986.867
45.048 987.018
45.657 987.005
46.195 986.954
46.827 986.888
47.156 986.871
47.606 986.988
48.068 987.251
48.326 987.41
48.748 987.764
49.161 988.046
49.713 988.278
50.348 988.457
50.652 988.564
51.09 989.005
51.419 989.528
51.678 990.019
52.015 990.669
52.38 991.161
52.847 991.698
53.123 992.083
53.463 992.706
53.912 993.351
54.263 993.745
54.728 994.226
55.148 994.722
55.513 995.234
55.825 995.662
56.146 996.054
56.576 996.551
56.924 997.001
57.372 997.648
57.684 998.188
58.05 998.834
58.317 999.286
58.679 999.734
59.527 1000.58
59.909 1001
60.281 1001.47
60.622 1001.98
60.867 1002.44
61.291 1003.01
62.233 1004.16
62.761 1004.57
63.063 1004.86
63.444 1005.35
63.892 1005.78
64.354 1006.13
64.809 1006.45
65.327 1006.76
65.688 1007.11
66.055 1007.56
66.243 1007.76
66.678 1008.06
67.711 1008.71
68.312 1009.06
68.914 1009.51
69.332 1009.77
69.909 1009.91
70.579 1009.96
71.149 1009.96
71.775 1009.98
72.314 1010.06
72.793 1010.22
73.184 1010.46
73.412 1010.66
73.682 1011.06
73.732 1011.22
73.69 1011.55
73.541 1011.68
73.079 1011.79
61
60.169 1000.3
59.924 1000.05
59.568 999.503
59.304 998.982
59.022 998.448
58.737 998.035
58.483 997.569
58.177 997.08
57.863 996.666
57.446 996.144
56.971 995.505
56.681 995.09
56.257 994.589
55.829 994.102
55.36 993.453
54.993 992.959
54.548 992.483
54.133 992.017
53.887 991.663
53.641 991.193
53.366 990.725
53.009 990.267
52.664 989.905
52.264 989.398
51.972 988.924
51.876 988.67
51.871 988.433
51.973 988.09
52.251 987.679
52.535 987.388
52.801 987.312
53.064 987.343
53.398 987.559
53.763 987.934
54.148 988.392
54.46 988.838
54.989 989.793
55.252 990.244
55.568 990.694
56.024 991.195
56.4 991.64
56.705 992.125
57.049 992.577
57.446 993.007
57.773 993.471
58.055 993.917
58.54 994.449
58.865 994.845
59.217 995.401
59.612 995.93
59.918 996.382
60.225 996.908
60.606 997.467
60.861 998
61.152 998.476
61.291 998.946
61.295 999.51
61.185 999.815
61.019 1000.05
60.657 1000.32
60.381 1000.37
142
43.717 997.217
43.628 996.869
43.211 996.276
42.608 995.619
42.148 995.184
41.649 994.83
41.121 994.55
40.479 994.163
40.02 993.864
39.515 993.543
39.094 993.216
38.688 992.882
38.097 992.511
37.581 992.246
37.047 991.899
36.294 991.455
35.752 991.185
35.144 990.958
34.659 990.787
34.362 990.661
33.82 990.379
33.234 990.183
32.791 989.945
32.148 989.563
31.642 989.319
31.071 989.159
30.481 989.133
29.529 989.106
25.432 988.932
24.932 988.923
24.353 988.933
23.816 988.925
23.333 988.946
22.826 989.096
22.031 989.172
21.417 989.286
20.835 989.365
19.512 989.479
19.009 989.502
18.418 989.543
17.838 989.591
17.282 989.581
16.949 989.636
16.691 989.842
16.478 990.045
16.235 990.11
15.687 990.105
15.251 990.17
14.726 990.304
14.129 990.324
13.5 990.461
12.802 990.568
12.248 990.667
11.571 990.688
10.965 990.829
10.411 990.861
9.91 990.852
9.385 990.884
8.799 990.98
8.226 991.021
7.619 991.002
6.613 990.958
4.971 990.925
4.704 990.901
4.441 990.816
4.337 990.675
4.385 990.549
4.601 990.4
5.053 990.232
5.424 990.168
5.995 990.177
6.539 990.148
7.008 990.021
7.565 989.992
8.125 989.951
8.6 989.833
9.148 989.803
9.648 989.826
10.154 989.783
10.672 989.685
11.268 989.61
12.024 989.459
12.702 989.387
13.305 989.273
13.939 989.25
14.387 989.177
14.984 989.008
15.47 988.885
15.989 988.818
17.283 988.49
17.975 988.411
18.513 988.414
19.033 988.374
19.654 988.228
20.142 988.079
20.861 988.039
21.432 988.021
21.821 987.975
22.59 987.806
23.101 987.711
23.604 987.636
24.262 987.629
24.763 987.651
25.835 987.708
26.365 987.669
26.894 987.531
27.362 987.498
29.989 987.625
30.509 987.627
31.251 987.565
31.76 987.631
32.316 987.779
32.858 988.012
33.349 988.234
33.939 988.532
34.42 988.708
34.917 988.834
35.606 989.071
36.123 989.259
36.611 989.486
37.214 989.882
37.797 990.255
38.213 990.55
38.67 990.963
39.248 991.348
39.784 991.719
40.708 992.284
41.172 992.592
41.893 993.084
42.571 993.492
42.99 993.765
43.796 994.414
44.351 994.917
44.802 995.342
45.341 995.788
45.434 995.976
45.433 996.277
45.34 996.341
44.99 996.723
44.549 997.079
44.022 997.284
43.983 997.329
105
37.479 995.16
37.312 995.27
37.25 995.23
37.105 995.261
36.608 995.135
35.958 994.78
35.302 994.458
34.771 994.224
34.251 994.08
33.791 993.924
32.822 993.386
32.382 993.076
32.014 992.649
31.511 992.352
31.104 992.138
30.933 991.994
30.687 991.643
30.451 991.501
30.22 991.47
29.513 991.617
28.713 991.587
28.211 991.529
27.706 991.41
27.262 991.277
26.924 991.305
26.475 991.439
25.951 991.463
25.282 991.438
24.689 991.457
24.059 991.531
23.519 991.706
23.03 991.816
22.452 991.831
21.951 991.807
21.307 991.858
20.627 991.931
20.056 991.949
19.218 991.931
18.667 991.895
18.22 991.894
17.563 992.019
16.939 992.072
16.344 992.085
15.655 992.194
14.905 992.165
14.315 992.098
13.806 992.016
13.46 991.897
13.402 991.738
13.47 991.643
13.55 991.583
14.554 991.333
15.115 991.309
15.718 991.323
16.25 991.259
16.804 991.141
17.5 990.962
17.987 990.817
18.438 990.764
18.973 990.758
20.289 990.712
20.846 990.645
21.359 990.563
21.991 990.495
22.523 990.399
23.288 990.329
24.065 990.202
24.657 990.173
25.283 990.185
25.923 990.223
26.448 990.223
27.676 990.187
29.829 990.265
30.528 990.314
31.107 990.403
31.689 990.53
32.191 990.779
32.534 990.954
32.647 991.155
32.641 991.679
32.68 991.859
32.804 991.994
33.009 992.035
33.099 992.021
33.572 991.656
33.958 991.574
34.363 991.685
34.972 991.983
35.346 992.182
35.496 992.353
35.597 992.538
35.668 992.855
35.82 992.972
36.118 992.984
36.339 992.913
36.83 992.959
37.395 993.241
37.877 993.543
38.179 993.802
38.242 993.955
38.126 994.145
37.814 994.464
37.603 994.962
37.633 995.091
37.562 995.282
152
39.176 1000.95
38.833 1000.51
38.723 1000.18
38.629 999.862
38.346 999.442
37.994 998.962
37.801 998.75
37.254 998.482
36.737 998.252
36.165 997.889
35.623 997.571
35.254 997.309
34.942 996.822
34.747 996.712
34.206 996.681
33.582 996.636
32.906 996.422
32.29 996.147
31.767 995.869
31.541 995.782
31.018 995.666
30.799 995.639
30.707 995.85
30.966 996.387
30.987 996.882
30.858 997.257
30.759 997.407
30.393 997.551
29.911 997.416
29.466 997.15
28.967 996.841
28.378 996.566
27.76 996.301
26.969 996.065
26.491 995.914
25.919 995.774
25.318 995.53
24.818 995.353
24.276 995.295
23.742 995.286
23.165 995.263
22.509 995.243
21.818 995.161
21.279 995.018
20.576 994.92
20.005 994.831
19.419 994.718
18.697 994.624
15.198 994.491
14.162 994.459
13.804 994.421
13.675 994.389
13.503 994.209
13.514 994.096
13.427 993.921
13.267 993.798
13.009 993.719
12.31 993.684
11.089 993.662
10.436 993.682
9.8 993.674
9.261 993.643
8.498 993.617
7.342 993.52
6.678 993.478
6.111 993.456
5.647 993.363
5.022 993.177
4.339 992.99
3.761 992.92
3.171 992.873
2.319 992.795
2.049 992.698
1.901 992.494
1.823 992.336
1.777 991.893
1.877 991.343
2.031 991.109
2.228 991.052
2.619 991.191
3.125 991.525
3.589 991.809
3.817 991.9
4.328 991.979
4.929 992.174
5.489 992.298
6.008 992.427
6.508 992.471
7.874 992.519
8.502 992.556
9.176 992.52
9.806 992.426
10.304 992.381
11.904 992.328
12.408 992.355
13.051 992.509
13.552 992.681
14.188 992.853
14.796 993.052
15.409 993.129
16.029 993.158
17.117 993.199
18.142 993.251
18.834 993.264
19.461 993.231
19.974 993.15
20.654 993.117
21.178 993.133
21.693 993.1
22.329 993.024
22.896 993.003
23.325 993.081
23.78 993.318
24.218 993.622
24.68 993.855
25.238 994.115
25.932 994.41
26.543 994.549
27.156 994.708
27.732 994.783
28.345 994.943
28.705 995.032
29.216 995.07
29.538 995.128
30.02 995.291
30.326 995.377
30.512 995.356
30.586 995.425
30.79 995.119
31.02 994.878
31.309 994.765
31.883 994.662
32.398 994.511
32.88 994.556
33.482 994.859
34.028 995.096
34.596 995.309
35.287 995.526
35.883 995.808
36.46 996.119
38.283 997.252
39.256 997.814
39.664 998.147
40.064 998.547
40.569 999.028
40.799 999.26
41.022 999.576
41.092 999.793
40.903 1000.19
40.266 1000.6
39.696 1001.01
39.423 1001.06
31
30.579 994.231
29.977 994.178
29.4 994.071
28.858 993.953
28.35 993.879
27.779 993.785
27.087 993.61
26.354 993.532
25.663 993.4
24.946 993.217
24.426 993.014
24.171 992.827
24.12 992.686
24.191 992.504
24.439 992.342
24.747 992.262
25.528 992.262
26.641 992.409
27.204 992.446
28.407 992.486
29.008 992.566
29.563 992.788
29.939 992.868
30.529 992.845
30.976 992.981
31.499 993.264
31.717 993.386
32.018 993.669
31.911 993.969
31.62 994.154
31.118 994.233
92
28.304 999.753
27.19 999.214
26.658 998.777
26.24 998.604
25.774 998.532
25.201 998.524
24.532 998.506
23.913 998.456
23.21 998.237
22.742 998.051
22.159 997.954
21.144 997.904
20.257 997.871
19.472 997.85
19.084 997.796
18.455 997.517
18.034 997.372
17.482 997.299
15.127 997.218
14.526 997.184
14.029 997.115
13.325 997.036
12.788 996.989
12.217 996.891
11.598 996.774
11.097 996.699
10.572 996.635
10.041 996.474
9.368 996.353
8.741 996.287
8.106 996.203
6.267 995.941
5.757 995.883
5.07 995.879
4.531 995.895
3.995 995.859
3.421 995.796
2.689 995.781
2.221 995.776
1.912 995.702
1.79 995.553
1.667 995.126
1.671 994.53
1.715 994.166
1.777 993.979
1.916 993.827
2.085 993.799
2.573 994.035
2.999 994.303
3.456 994.543
3.996 994.635
5.095 994.672
5.98 994.727
6.498 994.812
7.073 994.874
8.217 995.012
8.846 995.062
9.785 995.111
10.48 995.138
11.658 995.217
12.186 995.267
12.721 995.369
13.275 995.49
13.927 995.583
15.502 995.638
17.044 995.697
17.57 995.723
18.15 995.794
20.565 996.133
21.261 996.278
21.777 996.353
22.292 996.373
22.921 996.392
23.563 996.418
24.2 996.434
24.703 996.522
25.269 996.689
25.788 996.756
26.398 996.897
26.869 997.11
27.459 997.406
27.972 997.635
28.599 997.759
29.111 997.88
29.404 998.022
29.638 998.242
29.731 998.467
29.747 998.642
29.7 998.848
29.367 999.222
28.94 999.57
28.532 999.754
39
41.697 999.342
41.481 999.273
41.357 999.1
41.294 998.724
41.266 998.536
41.059 998.147
40.578 997.633
40.15 997.213
39.893 996.997
39.37 996.707
38.137 996.123
37.938 996.017
37.563 995.654
37.526 995.493
37.568 995.307
37.84 995.066
38.065 994.952
38.333 994.515
38.458 994.334
38.639 994.263
38.925 994.289
39.293 994.495
39.776 994.856
40.24 995.172
40.793 995.52
41.357 995.896
41.696 996.148
42.144 996.586
42.54 996.946
42.961 997.279
43.295 997.575
43.452 997.767
43.46 998.076
43.164 998.36
43.039 998.409
42.975 998.505
42.502 998.875
42.157 999.227
41.975 999.352
82
1.399 1004.43
1.309 1004.19
1.326 1003.54
1.362 1002.94
1.53 998.701
1.574 997.145
1.673 996.605
1.858 996.427
2.031 996.434
2.606 996.753
3.047 997.014
3.508 997.346
3.521 997.424
3.62 997.51
3.554 997.621
3.735 998.133
4.137 998.558
4.769 998.916
5.343 999.186
5.834 999.376
6.363 999.517
7.205 999.639
7.686 999.735
8.09 999.935
8.354 1000.18
8.52 1000.44
8.522 1000.59
8.754 1001.17
8.99 1001.5
9.345 1001.94
9.579 1002.11
9.686 1002.05
9.731 1001.8
9.519 1001.21
9.303 1000.87
8.898 1000.45
8.814 1000.45
8.766 1000.39
8.749 1000.28
8.691 1000.25
8.906 1000.02
9.194 999.965
9.474 999.984
10.094 1000.22
10.345 1000.31
10.621 1000.56
10.901 1001.02
11.286 1001.52
11.384 1001.85
11.281 1002.36
11.336 1002.47
11.611 1002.43
11.924 1002.35
12.174 1002.33
12.463 1002.4
12.753 1002.59
13.119 1003.07
13.299 1003.46
13.283 1003.66
13.199 1003.81
13.001 1003.96
12.457 1004
11.854 1003.97
11.47 1003.94
10.965 1003.84
10.401 1003.67
10.159 1003.7
9.831 1003.84
9.149 1003.9
8.251 1003.86
7.678 1003.85
6.57 1003.8
6.124 1003.86
5.582 1003.99
5.079 1004
4.445 1003.96
4.005 1004.01
3.426 1004.16
2.768 1004.22
2.244 1004.39
1.927 1004.53
1.577 1004.55
65
14.227 1003.55
14.105 1003.5
13.755 1002.95
13.424 1002.48
13.149 1001.94
12.946 1001.62
12.539 1001.26
12.119 1000.93
11.565 1000.56
11.288 1000.26
10.829 999.581
10.259 999.384
9.896 999.239
9.02 999.148
8.588 999.063
7.98 998.81
7.592 998.64
6.968 998.49
6.465 998.467
5.913 998.419
5.481 998.281
4.316 997.711
3.676 997.472
3.571 997.317
3.717 997.221
3.739 997.154
4.153 997.021
5.292 997.034
5.87 997.07
6.402 997.135
6.951 997.233
7.46 997.338
8.139 997.42
8.754 997.51
9.266 997.591
10.011 997.668
10.618 997.813
11.214 997.982
11.561 998.096
11.983 998.405
12.321 998.913
12.824 999.366
13.198 999.718
13.463 999.991
13.901 1000.34
14.006 1000.58
13.963 1000.92
13.888 1001.11
13.967 1001.24
14.209 1001.16
14.753 1000.87
15.139 1000.68
15.393 1000.69
15.66 1000.81
16.052 1001.18
16.52 1001.64
16.942 1002.08
17.065 1002.28
17.067 1002.5
16.907 1002.66
16.513 1002.84
15.98 1003
15.458 1003.19
14.84 1003.49
14.49 1003.61
47
37.568 1002.35
37.201 1001.93
36.858 1001.47
36.541 1000.99
36.163 1000.58
35.658 1000.11
35.16 999.784
34.631 999.496
34.172 999.103
33.774 998.718
33.41 998.447
33.081 998.405
32.743 998.533
32.604 998.718
32.385 999.219
32.222 999.454
32.121 999.538
31.842 999.558
31.686 999.527
31.375 999.328
31.026 998.946
30.871 998.657
30.88 998.343
30.999 998.064
31.507 997.361
31.767 997.121
31.991 997.032
32.44 997.063
33.099 997.292
33.631 997.524
34.255 997.789
34.873 998.012
35.352 998.246
35.87 998.517
36.253 998.795
36.525 999.078
36.877 999.543
37.275 999.749
37.463 999.826
37.652 999.949
38.616 1000.97
38.831 1001.35
38.835 1001.57
38.735 1001.82
38.476 1002.08
38.032 1002.37
37.795 1002.44
99
62.33 1013.55
61.547 1013.42
61.032 1013.41
60.725 1013.29
60.797 1013.16
60.741 1012.98
60.751 1012.81
60.558 1012.49
60.335 1012.37
59.839 1012.22
59.503 1012.06
58.578 1011.33
58.147 1011.03
57.667 1010.76
57.223 1010.48
56.325 1009.55
55.957 1009.15
55.538 1008.66
55.203 1008.4
54.263 1007.81
53.692 1007.43
53.334 1007.15
52.988 1006.76
52.606 1006.51
52.097 1006.26
51.751 1006
51.409 1005.66
50.738 1005.17
50.242 1004.8
49.759 1004.46
49.446 1004.2
48.988 1003.74
48.108 1002.96
47.578 1002.44
46.797 1001.67
46.298 1001.23
45.69 1000.72
45.341 1000.33
45.032 999.998
44.616 999.663
44.144 999.201
43.866 998.907
43.813 998.594
43.829 998.334
44.001 998.125
44.526 997.802
44.867 997.514
44.902 997.438
45.124 997.333
45.33 997.341
45.548 997.535
45.866 998.032
46.201 998.434
46.322 998.879
46.335 998.977
46.477 999.098
46.565 999.068
46.954 999.158
47.299 999.457
48.144 1000.36
48.482 1000.74
48.842 1001.12
49.416 1001.64
49.961 1002.17
51.003 1003.3
51.476 1003.73
51.945 1004.07
52.558 1004.48
52.962 1004.69
53.842 1005.2
54.285 1005.47
54.741 1005.79
55.296 1006.24
55.786 1006.56
56.247 1006.9
56.788 1007.32
57.106 1007.64
57.356 1007.93
57.857 1008.31
58.325 1008.72
58.833 1009
59.165 1009.27
59.502 1009.67
59.943 1010.03
60.613 1010.58
61.06 1010.85
61.519 1011.15
61.94 1011.42
62.042 1011.49
62.703 1011.58
63.119 1011.66
63.587 1011.87
63.841 1012.12
63.86 1012.35
63.825 1012.65
63.843 1013.25
63.754 1013.51
63.588 1013.64
63.1 1013.68
37
17.468 1001.79
17.136 1001.37
16.402 1000.35
16.047 999.994
15.575 999.777
14.777 999.66
14.229 999.469
13.591 999.154
13.14 998.916
12.987 998.823
12.822 998.636
12.673 998.515
12.643 998.443
12.414 998.293
12.302 998.12
12.509 998.067
13.011 998.04
13.53 998.048
14.104 998.078
14.858 998.161
15.516 998.277
16.195 998.388
17.054 998.428
17.739 998.488
18.279 998.581
18.945 998.711
19.551 998.781
19.748 998.886
19.87 999.168
19.835 999.509
19.647 1000.02
19.379 1000.45
18.99 1000.88
18.505 1001.32
18.037 1001.78
17.865 1001.87
17.668 1001.9
35
22.829 1003.51
22.381 1003.15
22.093 1002.9
21.908 1002.64
21.793 1002.02
21.733 1001.92
21.207 1001.53
20.752 1000.78
20.542 1000.43
20.392 999.91
20.403 999.486
20.697 999.037
20.837 998.895
21.007 998.788
21.324 998.712
21.682 998.749
22.163 998.941
22.599 999.113
22.809 999.259
22.934 999.449
22.961 999.749
22.841 1000.28
22.691 1000.76
22.669 1001.03
22.861 1001.21
23.358 1001.45
23.568 1001.64
23.874 1002.04
24.06 1002.36
24.262 1002.7
24.277 1002.92
24.157 1003.13
23.788 1003.36
23.322 1003.55
23.175 1003.59
27
25.252 1002.54
25.03 1002.42
24.691 1002.03
24.472 1001.68
24.235 1001.39
23.937 1000.83
23.713 1000.34
23.613 999.799
23.683 999.507
23.861 999.299
24.174 999.204
24.68 999.164
25.12 999.276
25.581 999.527
26.025 999.716
26.637 999.782
27.039 999.915
27.506 1000.13
27.658 1000.31
27.701 1000.47
27.685 1000.65
27.445 1000.98
26.942 1001.36
26.486 1001.77
26.089 1002.15
25.69 1002.47
25.469 1002.55
25
27.874 1002.35
27.532 1002.1
27.449 1002.1
27.48 1001.97
27.434 1001.75
27.803 1001.33
28.264 1000.96
28.667 1000.65
29.085 1000.32
29.639 999.824
30.135 999.367
30.422 999.262
30.637 999.298
31.012 999.602
31.244 999.894
31.341 1000.27
31.33 1000.36
31.063 1000.7
30.569 1001.08
30.061 1001.34
29.755 1001.5
29.351 1001.92
29.012 1002.18
28.563 1002.42
28.279 1002.45
40
38.929 1004.67
38.581 1004.45
38.192 1003.81
37.946 1003.35
37.987 1003.09
38.114 1002.91
38.636 1002.63
39.211 1002.36
39.663 1002.14
40.242 1001.66
40.658 1001.31
41.139 1001.02
41.651 1000.52
42.084 1000.19
42.379 999.873
43.084 999.354
43.242 999.346
43.463 999.456
43.813 999.912
44.129 1000.31
44.237 1000.62
44.207 1000.87
43.873 1001.32
43.43 1001.68
43.24 1001.81
42.941 1001.89
42.584 1001.93
42.47 1002
42.356 1001.96
42.186 1002.33
42.094 1002.55
41.981 1002.7
41.394 1003.15
40.954 1003.41
40.492 1003.6
40.138 1004.05
39.913 1004.45
39.764 1004.52
39.693 1004.63
39.232 1004.71
95
17.685 1007.12
17.083 1007.09
16.527 1007.04
16.354 1006.97
16.226 1006.82
16.186 1006.57
16.327 1006.4
16.569 1006.32
16.959 1006.28
17.568 1006.09
18.062 1006
18.618 1005.87
19.125 1005.82
19.61 1005.74
20.882 1005.37
21.406 1005.24
21.903 1005.04
22.472 1004.88
22.993 1004.83
23.236 1004.77
23.558 1004.41
23.815 1004.16
24.3 1003.96
24.808 1003.81
25.161 1003.68
25.644 1003.39
26.081 1003.06
26.504 1002.72
26.777 1002.53
27.036 1002.47
27.141 1002.67
27.139 1002.78
27.185 1002.98
27.303 1003.3
27.69 1003.78
27.935 1003.86
28.191 1003.89
28.374 1003.81
28.484 1003.58
28.507 1003.41
28.79 1003.07
29.267 1002.82
29.785 1002.49
30.241 1002.34
30.551 1002.08
30.899 1001.64
31.295 1001.29
31.657 1001
32.237 1000.76
32.457 1000.48
32.485 1000.34
32.76 999.959
33.076 999.706
33.34 999.6
33.682 999.628
34.005 999.753
34.441 1000.08
34.665 1000.32
34.753 1000.59
34.733 1000.82
34.522 1001.21
34.305 1001.43
33.846 1001.63
33.482 1001.74
33.284 1001.93
33.042 1002.34
32.54 1002.77
32.19 1002.97
31.868 1003.03
31.584 1003.03
31.375 1003.15
31.132 1003.53
30.896 1003.73
30.313 1004.02
29.782 1004.34
28.801 1004.8
28.186 1004.99
27.689 1005.11
27.034 1005.14
26.595 1005.24
25.761 1005.58
25.101 1005.97
24.59 1006.17
24.203 1006.28
23.823 1006.46
23.37 1006.56
22.862 1006.59
22.184 1006.8
21.631 1006.89
21.125 1006.92
20.536 1007.07
20.083 1007.12
19.448 1007.08
18.87 1007.09
18.305 1007.13
23
19.724 1004.54
19.376 1004.25
19.037 1003.81
18.757 1003.38
18.49 1003
18.398 1002.64
18.458 1002.41
18.655 1002.13
19.488 1001.4
19.784 1001.27
19.971 1001.3
20.132 1001.41
20.402 1001.85
20.625 1002.25
21.03 1002.61
21.388 1002.87
21.723 1003.33
21.876 1003.56
21.865 1003.87
21.729 1004.08
21.436 1004.24
20.316 1004.58
20.051 1004.61
62
1.477 1006.84
1.345 1006.77
1.243 1006.61
1.208 1006.18
1.233 1005.69
1.303 1005.34
1.454 1005.16
1.713 1005.1
2.394 1005.15
3.652 1005.2
4.149 1005.19
4.7 1005.06
5.214 1005.01
5.806 1004.98
6.411 1004.88
6.928 1004.83
7.45 1004.84
8.665 1004.9
9.7 1004.93
10.299 1005.01
10.672 1005.04
11.878 1004.88
12.472 1004.84
12.994 1004.82
13.56 1004.7
14.179 1004.61
14.699 1004.48
15.211 1004.26
15.761 1004.09
17.127 1003.43
17.535 1003.24
17.843 1003.21
18.054 1003.28
18.269 1003.49
18.614 1003.99
18.818 1004.36
18.837 1004.69
18.717 1004.88
18.452 1004.99
17.898 1005.11
17.122 1005.4
16.589 1005.58
16.163 1005.9
16.09 1006
15.673 1006.23
15.081 1006.37
14.473 1006.37
13.897 1006.35
12.584 1006.3
11.925 1006.31
10.647 1006.44
10.111 1006.46
9.514 1006.43
7.884 1006.38
5.742 1006.27
5.05 1006.31
4.418 1006.41
3.916 1006.45
3.19 1006.45
2.7 1006.57
2.174 1006.77
1.763 1006.87
57
47.893 1013.36
47.272 1013.2
46.814 1013.07
46.115 1012.77
45.688 1012.51
45.266 1012.02
44.755 1011.47
44.385 1011.1
44.05 1010.72
43.675 1010.25
43.085 1009.45
42.678 1008.88
42.286 1008.34
41.93 1007.86
41.452 1007.26
41.212 1006.8
41.017 1006.59
40.751 1006.51
40.453 1006.63
40.382 1006.69
40.064 1006.73
39.876 1006.68
39.516 1006.34
39.309 1006.02
39.222 1005.71
39.234 1005.33
39.405 1004.98
39.454 1004.76
39.586 1004.85
39.698 1004.77
39.975 1004.7
40.188 1004.59
40.558 1004.61
40.814 1004.74
41.196 1005.2
41.593 1005.64
41.881 1006.12
42.097 1006.34
42.584 1006.45
42.89 1006.44
43.091 1006.63
43.55 1007.29
44.323 1008.04
44.838 1008.6
45.751 1009.68
46.171 1010.04
46.616 1010.33
46.991 1010.62
47.336 1011.03
47.739 1011.56
48.171 1012.17
48.559 1012.54
48.753 1012.86
48.801 1013.15
48.754 1013.31
48.689 1013.37
48.307 1013.4
264
39.959 1016.75
39.305 1016.53
36.897 1015.75
36.365 1015.59
34.872 1015.16
33.449 1014.78
31.769 1014.37
31.263 1014.27
30.495 1014.1
29.941 1013.99
29.422 1013.87
28.865 1013.74
28.247 1013.62
27.646 1013.5
26.995 1013.35
26.288 1013.2
24.101 1012.75
22.726 1012.5
22.189 1012.42
20.455 1012.17
19.928 1012.1
19.115 1012.02
18.374 1011.94
16.8 1011.81
16.278 1011.79
15.511 1011.74
14.437 1011.67
12.888 1011.59
8.874 1011.43
7.753 1011.4
5.677 1011.32
4.668 1011.27
3.415 1011.22
2.829 1011.18
1.738 1011.09
1.319 1011
1.168 1010.88
1.062 1010.66
1.073 1010.44
1.13 1010.31
1.332 1010.18
1.717 1010.12
2.429 1010.2
3.152 1010.28
3.675 1010.27
4.28 1010.27
4.874 1010.29
5.413 1010.29
6.178 1010.33
6.78 1010.34
9.114 1010.44
12.162 1010.57
13.053 1010.58
13.662 1010.6
16.392 1010.71
18.018 1010.76
18.57 1010.8
19.319 1010.85
19.876 1010.87
20.65 1010.9
21.154 1010.99
21.708 1011.15
22.375 1011.27
22.906 1011.38
23.521 1011.43
24.202 1011.52
24.91 1011.6
25.658 1011.72
26.396 1011.77
26.989 1011.81
27.476 1011.88
28.088 1012.12
28.612 1012.3
29.782 1012.65
30.461 1012.77
31.005 1012.81
31.535 1012.84
32.147 1012.84
32.927 1012.71
33.458 1012.66
34.155 1012.74
34.447 1012.82
34.671 1012.97
35.004 1013.4
35.352 1013.71
35.834 1013.9
36.203 1013.89
36.783 1013.81
37.558 1013.82
38.127 1013.9
38.675 1014.1
39.031 1014.15
39.276 1014.1
39.433 1013.97
39.475 1013.77
39.393 1013.48
39.116 1013.07
38.837 1012.85
38.626 1012.8
38.467 1012.86
37.962 1012.85
36.674 1012.88
36.109 1012.75
35.752 1012.61
35.305 1012.35
34.814 1011.96
34.38 1011.48
34.191 1011.04
34.185 1010.54
34.238 1010.31
34.376 1010.12
34.578 1010
34.894 1009.93
35.329 1009.9
35.615 1009.81
36.122 1009.52
36.36 1009.29
36.433 1009.14
36.385 1009.03
36.414 1008.97
36.237 1008.88
35.946 1008.94
35.81 1009.13
35 1009.16
34.465 1009.14
33.919 1009.18
33.547 1009.27
33.024 1009.29
32.4 1009.36
31.552 1009.47
30.775 1009.6
29.597 1009.9
29.001 1009.96
28.487 1009.99
28.003 1010.1
27.929 1010.15
27.512 1010.27
27.012 1010.55
26.491 1010.59
25.531 1010.49
25.024 1010.42
24.527 1010.35
23.943 1010.31
23.561 1010.24
23.312 1010.09
23.199 1009.97
23.009 1009.89
22.461 1009.81
21.954 1009.7
21.15 1009.66
20.558 1009.65
19.809 1009.61
18.435 1009.54
17.898 1009.46
17.335 1009.34
16.595 1009.27
15.311 1009.19
14.181 1009.14
11.663 1009.04
6.351 1008.83
5.503 1008.78
4.944 1008.77
4.341 1008.77
3.819 1008.76
3.24 1008.78
2.584 1008.88
1.912 1009.06
1.483 1009.19
1.266 1009.16
1.155 1009.02
1.099 1008.67
1.128 1008.22
1.198 1007.97
1.352 1007.77
1.529 1007.71
2.139 1007.7
2.652 1007.75
3.277 1007.75
3.785 1007.72
4.501 1007.73
5.058 1007.68
5.615 1007.59
6.309 1007.56
7.053 1007.59
9.194 1007.69
9.74 1007.71
10.541 1007.71
11.432 1007.67
12.079 1007.61
12.827 1007.58
13.724 1007.6
14.314 1007.67
14.73 1007.8
16.328 1007.98
16.829 1008
17.435 1008.05
18.17 1008.14
18.719 1008.21
19.368 1008.27
19.907 1008.26
20.295 1008.17
21.533 1008.13
22.081 1008.04
22.808 1008
23.259 1007.98
23.526 1008.03
23.888 1008.25
24.281 1008.61
24.537 1008.72
24.552 1008.78
25.077 1009
25.677 1009.03
26.18 1009.04
26.529 1009.01
26.927 1008.86
27.271 1008.7
27.692 1008.62
28.268 1008.54
28.756 1008.41
29.351 1008.3
29.927 1008.21
30.439 1008.14
30.945 1008.04
31.551 1007.93
32.154 1007.76
32.789 1007.56
33.482 1007.39
33.9 1007.29
34.463 1007.26
34.748 1007.3
35.199 1007.48
35.611 1007.85
35.768 1007.94
35.863 1007.96
36.023 1007.82
36.17 1007.36
36.382 1007.14
36.523 1007.21
36.686 1007.22
36.923 1007.72
36.984 1007.93
37.047 1008.29
37.337 1008.9
37.536 1009.24
37.996 1010.56
38.172 1010.86
38.388 1010.94
38.847 1010.55
39.03 1010.58
39.437 1010.92
40.038 1011.5
40.406 1011.95
40.664 1012.46
40.801 1013.04
40.797 1013.68
40.746 1014.03
40.649 1014.31
40.539 1014.77
40.563 1015.31
40.634 1015.64
40.677 1016.31
40.638 1016.58
40.546 1016.75
40.373 1016.82
26
31.765 1011.85
30.895 1011.81
29.837 1011.78
29.273 1011.7
28.774 1011.54
28.207 1011.41
27.946 1011.26
27.881 1011.13
27.948 1010.93
28.019 1010.85
28.265 1010.75
29.444 1010.71
29.991 1010.61
30.615 1010.55
31.12 1010.55
31.667 1010.43
32.954 1010.13
33.35 1010.16
33.553 1010.29
33.737 1010.62
33.77 1010.86
33.721 1011.41
33.61 1011.6
33.44 1011.76
33.081 1011.88
32.531 1011.88
36
69.589 1013.74
69.048 1013.71
68.495 1013.62
67.976 1013.38
67.429 1013.02
67.069 1012.88
66.395 1013.01
65.876 1013.15
65.31 1013.34
64.902 1013.38
64.694 1013.33
64.56 1013.18
64.481 1012.95
64.412 1012.3
64.432 1011.98
64.714 1011.73
65.198 1011.57
65.796 1011.47
66.458 1011.45
67.005 1011.52
67.418 1011.63
67.925 1011.89
68.437 1012.12
68.884 1012.26
69.554 1012.33
70.115 1012.36
70.735 1012.39
71.435 1012.4
71.952 1012.44
72.159 1012.54
72.252 1012.67
72.212 1012.84
71.898 1013.17
71.504 1013.42
70.956 1013.63
70.367 1013.74
