0.3
0.7
11
37.958 997.536
38.008 997.387
38 997.175
37.878 996.944
37.662 996.827
37.583 996.815
37.4 996.944
37.341 997.167
37.439 997.506
37.531 997.657
37.819 997.707
33
35.384 999.432
35.919 999.279
36.234 999.242
36.526 999.314
36.755 999.418
37.036 999.478
37.419 999.458
37.957 999.289
38.328 999.107
38.583 999.068
39.89 999.2
40.284 999.186
40.542 999.125
40.781 998.996
40.932 998.851
41.114 998.8
41.092 998.715
40.978 998.661
40.967 998.611
40.377 998.434
39.772 998.396
39.252 998.388
38.581 998.5
38.183 998.585
37.576 998.516
36.843 998.528
36.283 998.56
35.739 998.621
35.006 998.888
34.646 999.076
34.617 999.316
34.656 999.397
34.881 999.533
85
62.403 1001.49
62.838 1001.31
62.969 1001.09
62.768 1000.93
62.168 1000.81
61.429 1000.76
60.094 1000.72
59.496 1000.69
56.852 1000.6
56.381 1000.49
55.872 1000.32
55.2 1000.27
54.747 1000.18
54.229 1000.01
53.668 999.925
53.145 999.745
52.627 999.633
51.881 999.581
51.263 999.504
50.746 999.465
49.38 999.407
48.873 999.403
48.375 999.46
47.804 999.573
47.221 999.649
46.669 999.64
46.153 999.642
45.568 999.667
45.038 999.677
44.491 999.598
44.017 999.562
43.511 999.749
42.898 999.985
42.374 1000.16
41.765 1000.35
41.166 1000.41
40.612 1000.29
40.106 1000.08
39.936 1000.05
39.708 1000.1
39.57 1000.27
39.365 1000.89
39.391 1000.99
39.196 1001.13
39.201 1001.27
39.145 1001.29
39.574 1001.33
40.105 1001.3
40.642 1001.26
41.329 1001.13
41.898 1000.99
42.847 1000.9
43.402 1000.78
43.883 1000.62
44.382 1000.49
44.903 1000.45
45.453 1000.5
45.742 1000.62
46.148 1000.97
46.298 1001.02
46.632 1000.94
46.992 1000.72
47.361 1000.46
47.766 1000.37
48.603 1000.34
49.256 1000.31
49.781 1000.25
50.504 1000.26
51.115 1000.34
51.761 1000.38
52.276 1000.46
52.765 1000.57
53.333 1000.65
54.044 1000.76
54.62 1000.93
55.092 1001.02
55.598 1001.05
56.137 1001.2
56.535 1001.32
57.165 1001.36
59.408 1001.44
60.027 1001.47
60.717 1001.52
61.295 1001.55
61.82 1001.57
199
62.198 1007.16
62.526 1006.98
62.795 1006.72
62.826 1006.53
62.705 1006.27
62.412 1006.13
61.896 1006.07
61.435 1006.15
60.861 1006.39
60.579 1006.49
60.425 1006.65
60.219 1006.53
60.038 1006.48
59.927 1006.61
59.398 1006.32
59.101 1006.24
58.426 1006.18
57.572 1006.13
56.737 1006.11
55.325 1006.08
54.737 1006.04
54.211 1005.97
53.633 1005.9
52.921 1005.88
52.301 1005.8
51.655 1005.69
49.765 1005.6
48.948 1005.54
48.174 1005.51
47.443 1005.46
46.675 1005.38
46.134 1005.39
45.413 1005.43
44.83 1005.45
44.282 1005.43
43.705 1005.43
43.239 1005.45
42.646 1005.61
42.346 1005.61
42.137 1005.54
41.768 1005.22
41.515 1004.77
41.358 1004.55
41.164 1004.4
41.041 1004.13
41.195 1003.88
41.475 1003.72
42.056 1003.64
42.639 1003.59
43.184 1003.57
43.991 1003.56
44.715 1003.51
45.244 1003.46
45.825 1003.44
46.351 1003.45
48.024 1003.54
48.608 1003.56
49.109 1003.56
50.828 1003.62
51.579 1003.67
52.186 1003.69
53.093 1003.71
53.685 1003.74
54.318 1003.84
54.832 1003.98
55.36 1004.07
55.931 1004.09
56.766 1004.12
57.287 1004.13
60.207 1004.23
60.656 1004.2
60.895 1004.13
61.515 1004.17
62.066 1004.24
62.415 1004.25
63.567 1003.99
63.897 1003.93
64.191 1003.7
64.154 1003.64
63.478 1003.43
62.795 1003.33
62.29 1003.35
61.709 1003.45
61.106 1003.52
60.186 1003.51
59.658 1003.49
58.895 1003.43
57.409 1003.37
55.754 1003.33
55.185 1003.26
54.605 1003.09
54.027 1003
53.246 1002.96
52.485 1002.94
51.82 1002.91
51.266 1002.87
50.454 1002.83
48.285 1002.76
47.775 1002.7
47.23 1002.52
46.787 1002.46
46.3 1002.53
45.792 1002.66
45.049 1002.68
44.463 1002.67
43.815 1002.7
43.273 1002.73
42.695 1002.79
42.312 1002.85
41.774 1002.96
41.251 1002.98
40.738 1003.06
40.173 1003.18
39.649 1003.33
39.2 1003.47
38.947 1003.45
38.704 1003.35
38.439 1003.02
38.371 1002.5
38.353 1001.96
38.427 1001.67
38.574 1001.47
38.566 1001.25
38.459 1001.23
38.085 1000.92
37.85 1000.44
37.673 1000.15
37.568 1000.08
37.443 1000.05
37.24 1000.09
37.11 1000.25
37.114 1000.55
37.216 1000.98
37.18 1001.29
37.089 1001.49
37.12 1001.59
37.548 1001.98
37.602 1002.03
37.716 1002.47
37.776 1002.81
37.872 1003.01
37.897 1003.27
37.828 1003.91
37.901 1004.12
38.117 1004.37
38.385 1004.46
38.739 1004.38
39.035 1004.19
39.595 1004.02
40.074 1003.94
40.446 1003.97
40.683 1004.05
40.953 1004.31
41.051 1004.78
41.238 1005.27
41.296 1005.45
41.302 1005.62
41.255 1005.77
41.309 1005.98
41.655 1006.19
42.199 1006.37
42.513 1006.39
43.033 1006.29
43.685 1006.33
44.284 1006.34
44.833 1006.25
45.594 1006.27
46.291 1006.34
47.009 1006.35
47.555 1006.29
48.101 1006.31
48.629 1006.36
49.196 1006.35
49.738 1006.36
50.282 1006.38
50.801 1006.39
51.433 1006.46
51.976 1006.56
52.606 1006.6
53.154 1006.62
53.668 1006.64
54.362 1006.74
54.859 1006.8
55.444 1006.84
56.958 1006.9
57.619 1006.91
58.184 1006.94
58.807 1006.91
59.46 1006.72
59.592 1006.67
59.933 1006.68
60.207 1006.81
60.323 1006.78
60.455 1006.86
60.531 1006.97
60.857 1007.07
61.317 1007.06
61.717 1007.1
61.901 1007.18
47
56.618 1009.67
57.295 1009.57
57.833 1009.47
58.506 1009.36
59.243 1009.21
59.736 1009.1
60.025 1008.93
60.078 1008.74
59.74 1008.22
59.635 1008.18
59.571 1008.09
59.419 1008.06
59.195 1008.21
58.961 1008.51
58.773 1008.66
58.501 1008.75
57.979 1008.8
57.226 1008.83
56.666 1008.86
56.045 1008.97
55.453 1009
54.554 1008.96
53.958 1008.87
53.457 1008.76
52.827 1008.67
52.108 1008.59
51.55 1008.46
50.928 1008.33
49.699 1008.15
49.128 1008.11
48.601 1008.09
48.018 1008.2
47.864 1008.21
47.543 1008.35
47.583 1008.57
48.131 1008.76
48.782 1008.94
49.371 1008.99
50.03 1009.06
51.181 1009.24
52.141 1009.35
52.879 1009.48
53.451 1009.57
54.021 1009.61
54.595 1009.64
55.207 1009.65
55.979 1009.7
143
57.465 1012.84
58.31 1012.68
59.021 1012.55
59.599 1012.44
60.266 1012.19
60.97 1011.89
61.754 1011.5
62.189 1011.25
62.693 1010.92
64.572 1009.88
65.088 1009.62
66.236 1009.09
66.997 1008.68
68.367 1007.92
68.81 1007.63
69.371 1007.23
70.15 1006.5
70.582 1006.06
71.007 1005.54
71.291 1005.07
71.697 1004.38
72.016 1003.75
72.187 1003.35
72.366 1002.81
72.572 1002.32
72.681 1001.95
72.76 1001.33
72.893 1000.75
72.948 1000.4
72.86 999.666
72.69 998.979
72.426 998.624
71.935 998.251
71.454 997.837
71.019 997.658
70.496 997.554
70.007 997.42
69.473 997.359
68.777 997.36
68.207 997.433
67.544 997.512
66.832 997.617
65.382 997.794
64.815 997.83
64.161 997.849
63.491 997.842
62.323 997.794
61.232 997.769
60.595 997.646
59.917 997.555
58.782 997.253
57.556 996.969
57.056 996.831
56.262 996.679
55.697 996.578
55.164 996.51
54.524 996.471
52.497 996.39
51.825 996.382
51.265 996.451
50.768 996.496
50.23 996.486
49.371 996.519
48.347 996.57
47.754 996.563
47.217 996.541
46.665 996.526
46.14 996.499
45.258 996.361
44.531 996.303
43.888 996.236
43.285 996.118
42.455 995.943
41.81 995.765
40.575 995.495
40.073 995.395
39.517 995.255
38.95 995.15
38.348 995.059
37.84 994.926
37.275 994.76
36.71 994.683
35.875 994.664
35.374 994.642
34.848 994.61
34.213 994.641
33.692 994.797
33.218 994.96
32.673 995.095
32.235 995.266
31.679 995.691
31.278 995.965
31.003 996.23
30.661 996.865
30.378 997.349
30.267 997.571
30.233 997.945
30.262 998.508
30.264 999.02
30.258 999.625
30.316 1000.09
30.635 1000.85
30.799 1001.35
31.029 1001.84
31.322 1002.35
31.596 1002.85
31.944 1003.33
32.35 1003.8
32.888 1004.38
33.277 1004.75
33.727 1005.13
34.204 1005.51
35.496 1006.6
35.922 1006.9
36.383 1007.17
36.851 1007.5
37.43 1007.86
38.222 1008.3
39.801 1009.13
40.549 1009.51
41.161 1009.79
41.773 1010.05
42.53 1010.32
42.996 1010.5
43.708 1010.75
44.364 1011.02
45.594 1011.38
46.087 1011.54
46.938 1011.7
47.811 1011.9
48.36 1012.05
48.879 1012.15
49.398 1012.23
50.009 1012.33
50.985 1012.47
51.734 1012.53
52.736 1012.69
53.872 1012.74
54.531 1012.79
55.424 1012.85
55.979 1012.84
56.575 1012.85
57.08 1012.86
125
54.914 1011.5
54.161 1011.4
53.536 1011.36
52.893 1011.31
51.794 1011.14
50.962 1011.02
50.33 1010.88
49.827 1010.75
48.928 1010.54
48.266 1010.37
47.318 1010.08
46.637 1009.84
45.518 1009.45
44.596 1009.09
43.805 1008.78
43.03 1008.47
41.851 1007.99
41.123 1007.67
40.1 1007.17
39.385 1006.79
38.661 1006.39
38.227 1006.12
37.754 1005.79
36.947 1005.2
36.391 1004.75
35.74 1004.18
35.271 1003.74
34.703 1003.14
34.274 1002.59
33.747 1001.77
33.452 1001.18
33.164 1000.47
32.964 999.857
32.893 999.451
32.883 998.83
32.907 998.157
33.046 997.675
33.343 997.247
33.738 996.822
34.124 996.515
34.722 996.237
35.067 996.13
35.488 996.163
35.644 996.246
36.079 996.255
36.59 996.092
37.435 996.119
38.035 996.204
39.197 996.392
40.074 996.577
41.429 996.85
42.207 997.041
42.696 997.149
43.247 997.263
43.997 997.389
44.629 997.463
45.352 997.528
46.118 997.631
46.685 997.66
47.228 997.639
47.736 997.633
48.353 997.631
49.867 997.55
50.636 997.527
51.138 997.479
51.729 997.415
52.391 997.399
53.095 997.417
54.18 997.46
54.722 997.487
55.439 997.54
55.992 997.619
56.625 997.747
58.7 998.267
59.267 998.422
59.759 998.522
60.266 998.6
60.786 998.706
62.517 998.882
63.124 998.917
63.696 998.942
64.281 999.02
64.808 999.077
65.581 999.057
66.374 999.008
66.978 998.8
67.61 998.593
68.418 998.5
69.203 998.486
69.762 998.529
70.29 998.683
70.763 998.885
71.119 999.183
71.337 999.52
71.414 1000.18
71.393 1000.72
71.321 1001.26
71.17 1001.81
70.954 1002.31
70.614 1002.98
70.349 1003.42
69.845 1004.05
69.362 1004.57
68.956 1004.93
68.473 1005.25
67.778 1005.67
67.177 1006.07
66.55 1006.47
65.638 1006.99
65.212 1007.26
64.342 1007.89
63.647 1008.45
63.138 1008.83
62.561 1009.22
62.085 1009.54
61.526 1009.97
61.084 1010.26
60.05 1010.83
59.538 1011.06
58.885 1011.26
58.323 1011.38
57.675 1011.47
57.01 1011.52
56.413 1011.53
55.468 1011.54
