0.3
0.7
54
73.642 978.977
74.122 978.743
74.657 978.25
75.013 977.869
75.412 977.195
75.779 976.145
75.922 975.618
76.077 974.851
76.125 974.34
76.191 973.543
76.277 973.023
76.274 971.748
76.267 971.151
76.178 970.473
76.054 969.98
75.772 969.012
75.549 968.513
75.237 968.11
74.784 967.631
74.35 967.234
73.601 966.834
73.038 966.558
72.569 966.414
71.285 966.359
70.811 966.372
70.148 966.562
69.522 966.663
69.112 966.757
68.525 967.004
68.034 967.272
67.47 967.685
67.008 968.206
66.727 968.616
66.561 968.967
66.453 969.514
66.434 970.043
66.393 970.65
66.412 970.964
66.608 971.582
66.801 972.182
67.049 972.851
67.25 973.33
67.781 974.403
68 974.866
68.251 975.333
68.791 976.144
69.354 976.858
69.751 977.309
70.374 977.927
70.8 978.281
71.457 978.688
71.705 978.809
72.171 978.93
73.524 978.989
33
71.152 975.033
70.933 974.857
70.887 974.605
70.885 974.241
70.671 973.77
70.202 973.34
70.098 973.046
70.125 972.896
69.991 972.657
69.769 972.572
69.497 972.281
69.406 971.972
69.455 971.652
69.551 971.449
69.874 971.041
70.351 970.535
70.71 970.217
71.061 970.199
71.366 970.288
71.481 970.373
71.645 970.603
72.053 970.913
72.44 971.321
72.692 971.769
72.781 972.041
72.841 972.518
72.783 972.898
72.85 973.465
72.882 974.204
72.809 974.577
72.657 974.956
72.415 975.088
71.659 975.093
11
26.126 985.578
26.271 985.33
26.324 985.108
26.253 984.905
26.015 984.703
25.749 984.661
25.599 984.72
25.451 984.9
25.428 985.091
25.568 985.34
25.907 985.615
120
26.473 992.513
26.989 992.236
27.572 992.119
28.164 992.017
28.687 991.973
29.428 991.847
30.127 991.851
30.668 991.863
31.225 991.837
31.694 991.711
31.834 991.64
31.997 991.448
32.03 991.309
31.964 991.111
31.596 990.807
31.039 990.732
30.539 990.831
30.109 990.96
29.697 990.984
29.115 990.945
28.561 990.972
28.277 991.003
27.749 991.183
27.211 991.255
26.93 991.373
26.666 991.402
26.382 991.363
26.012 991.141
26.018 990.859
26.069 990.664
26.258 990.358
26.937 989.891
27.518 989.681
28.159 989.584
28.803 989.461
29.204 989.347
29.318 989.178
29.332 988.956
29.161 988.829
28.607 988.684
28.09 988.727
27.45 988.982
27.104 989.048
26.897 989.002
26.597 988.772
26.537 988.63
26.535 988.398
26.6 988.189
26.96 987.892
27.352 987.622
27.479 987.349
27.378 987.182
26.871 986.945
26.389 986.87
26.175 986.901
25.677 987.216
25.11 987.425
24.564 987.54
24.296 987.508
24.106 987.316
24.104 987.12
24.193 986.649
24.255 986.069
24.408 985.542
24.287 985.359
24.025 985.29
23.768 985.275
23.461 985.341
23.118 985.515
22.948 985.752
23.055 985.935
23.51 986.081
23.707 986.299
23.825 986.507
23.935 987.321
23.883 987.585
23.634 987.808
23.422 987.906
23.122 987.966
22.821 987.95
22.377 987.793
22.344 987.76
22.122 987.886
21.941 988.18
21.961 988.402
22.452 988.722
23.044 989.163
23.314 989.349
23.423 989.33
23.503 989.171
23.605 988.867
23.772 988.679
24.108 988.507
24.834 988.405
25.364 988.265
25.698 988.233
26.026 988.293
26.259 988.421
26.337 988.723
26.211 989.308
26.093 989.61
25.921 989.79
25.551 989.984
25.13 990.098
24.605 990.311
24.138 990.564
24.076 990.653
24.103 990.769
24.19 990.828
24.514 990.865
25.043 990.792
25.466 990.842
25.922 991.192
25.853 991.283
25.863 991.359
25.585 991.904
25.586 992.12
25.774 992.414
25.942 992.527
26.182 992.573
8
33.749 991.503
33.852 991.386
33.919 991.2
33.76 991.034
33.469 991.089
33.268 991.251
33.328 991.475
33.569 991.561
55
31.988 994.609
32.82 994.601
33.335 994.616
34.07 994.543
34.542 994.453
34.827 994.382
35.362 994.325
35.726 994.158
36.235 994.073
36.424 993.98
36.542 993.816
36.552 993.597
36.424 993.186
36.299 992.97
36.035 992.871
35.927 992.866
35.653 992.981
35.298 993.238
35.09 993.308
34.397 993.347
33.659 993.395
33.083 993.339
32.55 993.322
32.141 993.414
31.648 993.553
31.302 993.585
30.69 993.544
30.113 993.527
29.549 993.53
29.165 993.465
28.669 993.203
28.42 993.188
28.188 993.284
28.016 993.427
27.854 993.71
27.604 993.946
27.239 993.887
27.08 993.715
26.876 993.552
26.696 993.518
26.573 993.551
26.411 993.756
26.385 994.089
26.501 994.272
26.62 994.362
26.756 994.323
27.001 994.344
27.464 994.106
27.623 994.055
27.716 994.136
29.021 994.547
29.592 994.64
30.233 994.695
30.808 994.701
31.332 994.715
56
28.842 997.641
29.199 997.597
29.815 997.417
30.408 997.286
30.98 997.26
31.52 997.088
32.075 996.98
32.763 996.976
33.303 996.951
33.831 996.887
34.646 996.917
35.611 996.966
36.15 996.974
36.461 996.934
36.974 996.807
37.74 996.776
38.816 996.623
39.859 996.691
40.587 996.839
41.171 996.907
41.888 996.948
42.498 996.919
42.941 996.86
43.016 996.775
42.779 996.535
42.196 996.261
41.684 996.141
40.938 995.905
40.266 995.774
39.599 995.541
38.468 995.465
38.022 995.459
37.512 995.556
36.908 995.782
36.507 995.932
36.249 995.965
35.598 995.953
35.061 995.935
34.463 995.899
34.082 995.912
33.544 996.014
32.616 996.043
31.925 996.14
31.591 996.194
30.983 996.134
30.512 996.094
30.067 996.249
29.73 996.399
29.129 996.477
28.719 996.491
28.212 996.595
27.997 996.717
27.8 996.99
27.805 997.282
28.018 997.576
28.333 997.686
297
63.368 1004.92
63.79 1004.57
64.084 1004.45
64.644 1004.31
65.284 1004.21
65.757 1004.15
66.16 1003.99
66.243 1003.9
66.477 1003.9
67.027 1004.03
67.565 1004.05
68.136 1004.02
68.825 1003.87
69.321 1003.8
69.862 1003.79
70.157 1003.75
70.626 1003.57
70.909 1003.43
71.043 1003.21
71.016 1002.96
70.736 1002.53
70.465 1002.23
70.272 1002.13
70.182 1002.24
70.238 1002.82
70.116 1003.11
69.912 1003.34
69.653 1003.42
68.989 1003.47
68.636 1003.54
68.125 1003.52
67.496 1003.41
67.215 1003.4
66.617 1003.53
66.383 1003.65
66 1003.67
65.507 1003.59
65.01 1003.52
64.311 1003.52
64.057 1003.57
63.521 1003.85
63.064 1004.11
62.84 1004.2
62.299 1004.19
61.595 1004.11
59.936 1004.03
59.404 1004
58.801 1003.93
58.125 1003.83
57.552 1003.72
56.314 1003.5
54.657 1003.17
53.976 1002.96
53.348 1002.78
52.79 1002.64
52.268 1002.47
51.446 1002.16
50.2 1001.68
49.6 1001.52
49.047 1001.42
48.504 1001.33
47.862 1001.3
47.352 1001.25
46.961 1001.09
46.804 1000.94
46.744 1000.77
46.754 1000.55
46.99 1000
47.054 999.765
47.016 999.674
47.114 999.654
47.203 999.495
47.63 999.239
47.923 999.219
48.436 999.395
48.784 999.512
49.283 999.567
50.046 999.598
50.763 999.686
51.431 999.756
52.01 999.884
52.827 1000.17
53.371 1000.38
54.164 1000.75
55.053 1001.09
55.619 1001.29
56.435 1001.51
57.136 1001.66
58.512 1001.97
59.039 1002.06
59.832 1002.12
60.39 1002.14
60.924 1002.14
61.711 1001.98
62.554 1001.75
63.143 1001.61
63.752 1001.52
64.412 1001.46
65.187 1001.37
65.932 1001.26
66.439 1001.23
66.936 1001.22
67.226 1001.17
67.439 1001.09
68.285 1000.97
68.816 1000.99
69.111 1001.08
69.563 1001.31
69.935 1001.38
69.914 1001.26
69.976 1001.14
69.912 1000.9
69.661 1000.65
69.252 1000.54
68.485 1000.51
67.744 1000.56
67.176 1000.64
66.764 1000.7
65.878 1000.69
65.227 1000.7
64.68 1000.74
64.151 1000.8
62.759 1000.98
62.258 1001.06
61.696 1001.2
61.089 1001.37
60.475 1001.43
59.643 1001.39
58.802 1001.27
58.098 1001.12
57.479 1000.99
56.831 1000.85
56.152 1000.66
55.426 1000.41
54.904 1000.21
54.316 999.949
53.85 999.757
53.084 999.452
51.985 999.033
51.362 998.885
50.519 998.799
49.869 998.647
49.378 998.586
48.437 998.568
47.923 998.522
47.268 998.411
47.002 998.327
46.58 998.009
46.258 997.824
45.715 997.704
45.177 997.688
44.589 997.747
43.985 997.841
43.477 998.035
42.772 998.141
42.153 998.283
41.776 998.367
40.437 998.391
39.871 998.372
39.33 998.425
38.72 998.515
38.067 998.508
37.442 998.545
36.94 998.528
36.192 998.477
35.585 998.482
35.093 998.594
34.667 998.666
34.108 998.652
33.344 998.611
32.569 998.605
32.066 998.656
31.384 998.792
30.8 998.887
30.173 999.022
29.622 999.149
29.091 999.264
28.639 999.367
28.284 999.585
28.11 999.797
28.067 1000.09
28.211 1000.35
28.461 1000.5
29.005 1000.61
29.532 1000.46
29.851 1000.33
30.439 1000.04
30.681 999.919
31.225 999.787
31.773 999.64
32.449 999.591
33.233 999.646
33.802 999.63
34.4 999.494
34.999 999.442
35.891 999.489
36.411 999.494
37.002 999.467
37.596 999.445
38.269 999.477
38.924 999.408
39.595 999.319
40.318 999.297
41.7 999.118
42.24 999.074
43.618 998.987
44.135 998.818
44.592 998.764
45.165 998.765
45.93 998.808
46.403 998.893
46.72 999.121
46.88 999.448
46.897 999.608
46.516 1000.05
46.216 1000.48
45.931 1000.77
45.581 1000.86
44.905 1000.86
44.399 1000.84
43.67 1000.8
42.872 1000.83
41.99 1000.95
41.185 1001.01
40.663 1001.01
40.019 1001.06
39.49 1001.1
38.839 1001.16
38.174 1001.15
37.229 1001.13
36.693 1001.1
35.998 1001.03
35.632 1001.07
35.055 1001.19
34.437 1001.18
34.013 1001.19
33.505 1001.32
33.002 1001.4
31.913 1001.59
31.413 1001.6
30.941 1001.65
30.351 1001.78
29.766 1001.98
29.268 1002.16
29.06 1002.35
29.084 1002.62
29.289 1002.78
29.835 1002.89
30.256 1002.91
30.433 1002.81
31.154 1002.68
31.634 1002.54
32.139 1002.43
32.808 1002.39
33.587 1002.33
34.073 1002.19
34.781 1002.01
35.339 1001.89
35.809 1001.87
36.611 1001.91
37.418 1001.95
38.711 1001.99
39.887 1001.94
40.601 1001.95
41.129 1001.91
41.798 1001.82
42.502 1001.8
43.362 1001.76
43.903 1001.75
44.482 1001.61
45.212 1001.61
45.872 1001.66
46.463 1001.8
46.895 1001.92
47.908 1002
48.418 1002.04
48.963 1002.15
49.519 1002.32
50.6 1002.68
51.867 1003.16
52.363 1003.31
52.948 1003.51
53.449 1003.63
54.082 1003.79
54.663 1003.93
55.17 1004.05
55.755 1004.17
56.26 1004.27
56.756 1004.35
57.717 1004.5
58.334 1004.61
59.089 1004.7
59.779 1004.75
61.696 1004.83
62.236 1004.79
62.796 1004.81
63.199 1004.93
90
60.86 1008.12
60.98 1007.98
60.95 1007.82
60.881 1007.57
60.965 1007.49
60.794 1007.37
60 1007.23
59.493 1007.07
58.87 1006.83
58.319 1006.66
56.642 1006.44
56.081 1006.38
55.39 1006.26
54.663 1006.11
53.549 1005.83
52.905 1005.69
52.356 1005.54
51.789 1005.45
51.222 1005.3
49.911 1004.8
49.396 1004.61
48.866 1004.48
48.366 1004.33
48.008 1004.26
46.759 1004.16
46.056 1004.14
45.309 1004.09
44.623 1004.01
43.92 1003.9
43.163 1003.76
42.542 1003.73
42.002 1003.76
41.151 1003.77
40.582 1003.76
40.054 1003.75
39.35 1003.73
38.68 1003.79
37.937 1003.8
37.448 1003.81
36.947 1003.87
36.653 1003.83
36.405 1003.69
36 1003.26
35.72 1003.12
35.53 1003.26
35.225 1003.59
34.99 1003.73
34.457 1003.87
34.343 1004.03
34.529 1004.24
34.841 1004.37
35.503 1004.52
36.047 1004.63
36.624 1004.65
37.239 1004.58
38.016 1004.6
39.077 1004.57
39.731 1004.49
40.329 1004.49
41.178 1004.52
41.755 1004.54
42.306 1004.54
42.812 1004.55
43.402 1004.62
43.998 1004.71
44.843 1004.82
45.611 1004.86
46.233 1004.89
46.76 1004.93
47.446 1004.98
47.952 1005.06
48.498 1005.2
49.065 1005.33
50.23 1005.77
50.832 1005.94
51.332 1006.11
51.881 1006.24
53.153 1006.52
53.767 1006.66
54.286 1006.81
55.15 1007
55.669 1007.08
56.964 1007.25
57.603 1007.31
58.145 1007.42
58.636 1007.57
59.166 1007.76
59.689 1007.96
60.242 1008.08
60.603 1008.14
137
59.32 1011.42
59.759 1011.28
60.51 1011.29
61.034 1011.22
61.88 1010.98
62.4 1010.81
63.012 1010.6
63.492 1010.39
64.154 1010.1
64.728 1009.91
65.304 1009.8
65.844 1009.71
66.312 1009.57
66.533 1009.44
66.617 1009.25
66.52 1009.11
66.105 1009
65.538 1008.99
64.966 1009.07
64.451 1009.23
63.8 1009.52
62.96 1009.85
62.486 1010.01
61.396 1010.37
60.894 1010.55
60.286 1010.61
59.587 1010.57
59.066 1010.51
58.468 1010.32
57.973 1010.11
57.478 1009.95
56.781 1009.86
56.247 1009.79
55.702 1009.67
55.136 1009.61
54.522 1009.55
54.003 1009.48
53.462 1009.3
52.941 1009.07
52.165 1008.95
51.47 1008.87
50.555 1008.84
50.165 1008.79
49.637 1008.62
49.143 1008.43
48.683 1008.23
48.039 1007.98
47.344 1007.68
46.738 1007.5
46.229 1007.44
45.481 1007.36
44.93 1007.31
44.299 1007.24
43.798 1007.14
43.214 1006.99
42.609 1006.79
41.889 1006.65
41.26 1006.54
39.993 1006.33
39.314 1006.27
38.968 1006.34
38.476 1006.47
37.809 1006.62
37.329 1006.73
36.797 1006.74
36.254 1006.63
35.79 1006.44
35.078 1006.04
34.58 1005.76
33.928 1005.31
33.632 1004.96
33.43 1004.47
33.356 1004.26
33.177 1004.11
32.659 1004.11
32.136 1004.16
31.675 1004.19
31.385 1004.29
31.073 1004.58
31.1 1004.74
31.372 1004.91
31.999 1005.05
32.686 1005.08
32.919 1005.18
33.133 1005.5
33.278 1005.82
33.475 1006.01
34.019 1006.34
34.445 1006.64
35.148 1007.1
35.672 1007.36
36.142 1007.54
36.586 1007.63
37.139 1007.53
37.436 1007.46
37.828 1007.28
38.408 1007.13
38.793 1007.01
39.497 1007.06
40.016 1007.14
40.753 1007.22
41.315 1007.31
41.987 1007.38
42.374 1007.47
43.018 1007.78
43.352 1007.88
43.965 1007.93
44.472 1008
45.091 1008.08
45.625 1008.12
46.345 1008.16
46.839 1008.26
47.324 1008.49
47.757 1008.75
48.436 1009.04
48.946 1009.22
49.513 1009.31
50.168 1009.47
50.896 1009.54
51.551 1009.62
52.056 1009.7
52.547 1009.82
53.1 1010.01
53.62 1010.19
54.129 1010.29
54.725 1010.33
55.3 1010.38
55.943 1010.48
56.455 1010.58
56.988 1010.64
57.526 1010.68
58.146 1010.79
58.416 1010.93
58.553 1011.1
58.725 1011.59
58.767 1011.66
58.883 1011.73
15
66.926 1007.13
67.164 1006.96
67.238 1006.78
67.192 1006.53
67.123 1006.41
66.931 1006.3
66.417 1006.2
65.911 1006.15
65.559 1006.16
65.331 1006.26
65.185 1006.42
65.293 1006.74
65.666 1007.08
65.934 1007.2
66.332 1007.26
17
63.913 1007.73
64.217 1007.59
64.269 1007.4
64.146 1007.16
63.856 1006.93
63.405 1006.71
63.144 1006.64
62.689 1006.67
62.107 1006.82
61.725 1006.97
61.591 1007.05
61.476 1007.24
61.573 1007.39
61.817 1007.49
62.439 1007.6
63.09 1007.7
63.507 1007.76
69
56.241 1012.63
56.777 1012.57
57.226 1012.49
57.422 1012.37
57.319 1012.27
56.582 1012.2
56.053 1012.14
55.178 1012.11
54.485 1012.08
53.076 1012.02
52.694 1011.97
52.235 1011.71
51.979 1011.58
51.734 1011.64
51.695 1011.68
51.366 1011.75
50.905 1011.71
50.631 1011.57
50.208 1011.27
49.57 1011.16
49.002 1011.01
48.499 1010.91
47.93 1010.83
47.245 1010.75
46.123 1010.71
45.55 1010.58
44.41 1010.17
44.012 1010.03
43.371 1009.9
42.654 1009.69
42.052 1009.47
41.559 1009.28
41.002 1009.11
39.875 1008.84
39.58 1008.74
39.284 1008.51
38.929 1008.06
38.74 1007.98
38.585 1008.09
38.501 1008.4
38.574 1008.92
38.724 1009.17
38.935 1009.36
39.22 1009.49
39.855 1009.59
40.382 1009.69
41.146 1009.89
41.671 1010.08
42.145 1010.26
42.857 1010.53
43.425 1010.69
43.934 1010.84
44.572 1010.98
45.084 1011.18
45.563 1011.34
46.228 1011.41
46.873 1011.44
47.389 1011.49
48.238 1011.6
48.81 1011.71
49.572 1011.86
50.017 1011.94
50.564 1012.15
51.013 1012.29
52.073 1012.49
52.57 1012.55
53.192 1012.59
54.907 1012.65
55.585 1012.67
204
56.197 1015.43
56.928 1015.3
57.436 1015.26
57.938 1015.27
59.307 1015.05
60.185 1014.84
60.868 1014.67
61.614 1014.45
62.351 1014.22
63.209 1013.9
65.569 1012.99
66.654 1012.58
67.247 1012.3
68.448 1011.69
68.89 1011.43
69.646 1010.91
70.142 1010.52
70.669 1010.09
71.079 1009.64
71.467 1009.18
71.84 1008.74
72.58 1007.63
72.854 1007.2
73.424 1005.89
73.758 1005.07
74.007 1004.5
74.186 1004.03
74.673 1002.25
74.731 1001.78
74.743 1001.25
74.728 1000.66
74.564 999.852
74.474 999.284
74.211 998.836
73.789 998.445
73.358 998.068
72.943 997.806
72.325 997.642
71.798 997.466
71.177 997.359
70.441 997.291
69.813 997.281
68.843 997.328
68.301 997.36
67.667 997.438
67.166 997.471
66.46 997.526
65.817 997.642
64.995 997.778
64.291 997.911
63.707 998.076
63.164 998.208
62.653 998.307
61.947 998.43
61.054 998.577
60.468 998.601
59.912 998.557
59.003 998.369
58.286 998.203
57.791 998.042
57.212 997.81
56.578 997.485
55.935 997.221
55.453 996.999
54.841 996.682
53.519 996.212
52.928 996.054
52.405 995.864
51.751 995.781
51.03 995.592
50.475 995.496
49.794 995.423
48.997 995.274
48.475 995.192
47.886 995.092
47.316 994.99
46.556 994.815
45.915 994.64
45.358 994.445
44.646 994.09
44.215 993.827
43.644 993.581
43.218 993.283
42.904 993.047
42.437 992.779
41.898 992.447
41.393 992.097
40.855 991.853
40.247 991.402
39.715 990.997
39.131 990.67
38.453 990.329
37.971 990.114
37.432 989.91
36.881 989.6
36.356 989.294
35.763 989.13
35.124 988.891
34.547 988.652
33.267 988.101
32.735 987.797
32.048 987.373
31.669 987.121
31.267 986.762
30.736 986.304
30.222 985.879
29.479 985.035
29.023 984.525
28.608 984.023
28.049 983.445
27.564 982.998
27.128 982.641
26.575 982.249
26.045 981.952
25.522 981.646
25.079 981.459
24.742 981.403
23.938 981.388
23.372 981.356
22.888 981.359
22.547 981.454
22.053 981.715
21.44 981.944
21.035 982.142
19.372 983.383
19.046 983.704
18.711 984.226
18.449 984.661
18.078 985.161
17.815 985.619
17.552 986.283
17.386 986.763
17.322 987.297
17.277 988.308
17.292 988.705
17.407 989.106
17.649 989.584
17.918 990.095
18.267 990.738
19.235 991.93
19.576 992.337
19.954 992.81
20.406 993.317
21.018 993.976
21.343 994.38
21.657 994.864
22.08 995.556
22.25 995.84
22.477 996.399
22.694 996.751
22.997 997.686
23.414 999.128
23.538 999.627
23.64 1000.03
23.661 1000.87
23.799 1001.45
24.055 1002.47
24.209 1002.9
24.664 1003.64
24.959 1004.08
25.295 1004.46
25.75 1004.86
26.125 1005.22
26.603 1005.55
27.058 1005.83
27.589 1006.16
28.182 1006.53
28.755 1006.86
29.223 1007.18
29.98 1007.59
30.41 1007.86
31.134 1008.26
31.757 1008.61
32.472 1009.01
33.184 1009.36
33.792 1009.74
34.371 1010.04
34.86 1010.29
35.332 1010.57
36.096 1010.97
36.765 1011.31
37.501 1011.65
38.036 1011.92
38.688 1012.24
39.74 1012.73
40.45 1013.02
41.019 1013.21
41.918 1013.58
42.638 1013.8
43.277 1013.99
43.908 1014.18
44.797 1014.36
45.333 1014.5
45.86 1014.57
46.562 1014.65
47.053 1014.79
47.543 1014.88
49.048 1014.92
49.573 1014.98
50.403 1015.17
50.91 1015.24
52.519 1015.29
54.757 1015.39
55.637 1015.43
191
52.869 1014.14
52.306 1014.11
51.672 1014.04
50.886 1013.91
50.338 1013.84
49.789 1013.82
48.854 1013.79
48.271 1013.75
47.686 1013.65
47.038 1013.51
46.532 1013.45
45.985 1013.38
45.484 1013.25
44.981 1013.16
44.444 1013.05
43.532 1012.81
42.968 1012.64
42.252 1012.39
41.776 1012.22
41.066 1011.94
40.572 1011.73
39.089 1011.08
38.595 1010.85
37.855 1010.48
36.519 1009.75
35.819 1009.34
35.259 1009.03
34.411 1008.56
33.687 1008.13
33.079 1007.75
32.191 1007.16
31.546 1006.72
30.6 1006.1
30.096 1005.72
29.63 1005.38
28.958 1004.79
28.495 1004.36
28.157 1003.98
27.78 1003.44
27.518 1003.01
27.297 1002.55
26.913 1001.49
26.767 1001.07
26.701 1000.54
26.604 999.909
26.431 999.307
26.336 998.875
26.303 998.211
26.205 997.491
26.146 996.942
26.111 996.33
25.995 995.482
25.974 994.974
25.918 994.566
25.939 994.428
25.853 994.367
25.787 994.04
25.62 993.802
25.421 993.629
24.969 993.388
23.921 992.58
23.163 992.12
22.244 991.427
21.694 990.946
21.252 990.513
20.895 990.068
20.571 989.632
20.188 989.031
20.023 988.649
19.865 988.085
19.775 987.483
19.776 986.976
19.911 986.422
20.15 985.869
20.649 985.127
21.048 984.62
21.701 984.013
22.225 983.655
22.955 983.337
23.453 983.181
23.98 983.124
24.781 983.172
25.503 983.369
25.971 983.591
26.453 983.902
26.932 984.305
27.545 984.865
27.972 985.304
28.448 985.777
28.978 986.396
29.436 986.856
30.976 988.177
31.468 988.552
31.883 988.853
32.42 989.197
32.96 989.574
33.379 989.917
33.757 990.175
34.248 990.415
34.783 990.664
35.505 991.176
36.066 991.592
37.417 992.453
37.909 992.777
38.403 993.058
39.342 993.532
40.655 994.079
41.696 994.491
42.822 994.959
43.192 995.076
43.782 995.154
44.259 995.292
44.792 995.525
45.545 995.75
46.53 995.99
47.033 996.094
47.584 996.184
48.138 996.261
48.796 996.362
49.498 996.451
50.102 996.517
50.755 996.614
51.478 996.759
52.019 996.834
52.586 996.948
54.31 997.507
55.545 998.075
56.034 998.281
56.593 998.562
57.128 998.823
57.601 999.027
58.171 999.24
58.934 999.441
59.581 999.565
60.103 999.628
60.667 999.636
61.236 999.581
62.136 999.429
62.708 999.322
63.462 999.145
64.23 998.953
65.134 998.769
66.258 998.579
66.775 998.519
68.27 998.369
68.8 998.331
69.552 998.288
70.108 998.272
70.662 998.292
71.216 998.376
71.718 998.5
72.353 998.698
72.721 998.848
73.156 999.188
73.369 999.524
73.529 1000.11
73.61 1000.7
73.641 1001.36
73.594 1001.91
73.489 1002.44
73.312 1003.08
73.111 1003.74
72.867 1004.4
72.543 1005.21
72.298 1005.77
71.732 1006.92
71.375 1007.49
70.657 1008.37
70.289 1008.77
69.781 1009.22
69.258 1009.62
68.71 1010.02
68.211 1010.33
67.669 1010.62
67.187 1010.88
66.607 1011.16
66.035 1011.42
65.558 1011.64
63.605 1012.41
62.934 1012.7
61.695 1013.17
61.195 1013.34
60.65 1013.51
59.518 1013.82
58.878 1013.94
58.203 1014.04
57.606 1014.12
56.969 1014.11
56.338 1014.11
55.588 1014.2
54.896 1014.22
