0.3
0.7
9
47.252 929.116
58.41 929.116
58.409 927.97
58.41 927.824
47.252 927.824
44.856 929.116
24.736 929.116
24.735 930.406
44.856 930.406
5
29.946 954.011
29.947 953.602
28.905 953.602
28.904 955.418
29.946 955.418
5
51.377 954.066
51.378 953.602
49.776 953.602
49.777 955.418
51.378 955.418
5
34.806 954.822
34.805 953.602
33.203 953.602
33.202 955.418
34.805 955.418
4
37.262 953.602
35.999 953.602
35.999 955.418
37.261 955.418
4
48.581 953.602
47.897 953.602
47.897 955.418
48.582 955.418
4
55.146 953.602
54.633 953.602
54.632 955.418
55.145 955.418
4
37.262 972.82
35.999 972.82
35.999 974.636
37.261 974.636
5
29.946 973.229
29.947 972.82
28.905 972.82
28.904 974.636
29.946 974.636
5
51.377 973.284
51.378 972.82
49.776 972.82
49.777 974.636
51.378 974.636
5
34.806 974.04
34.805 972.82
33.203 972.82
33.202 974.636
34.805 974.636
4
48.581 972.82
47.897 972.82
47.897 974.636
48.582 974.636
4
55.146 972.82
54.633 972.82
54.632 974.636
55.145 974.636
5
29.946 992.433
29.947 992.024
28.905 992.024
28.904 993.84
29.946 993.84
5
51.377 992.488
51.378 992.024
49.776 992.024
49.777 993.84
51.378 993.84
5
34.806 993.244
34.805 992.024
33.203 992.024
33.202 993.84
34.805 993.84
4
37.262 992.024
35.999 992.024
35.999 993.84
37.261 993.84
4
48.581 992.024
47.897 992.024
47.897 993.84
48.582 993.84
4
55.146 992.024
54.633 992.024
54.632 993.84
55.145 993.84
8
38.48 1019.37
58.409 1019.37
58.41 1016.78
38.48 1016.78
36.234 1018.08
24.735 1018.08
24.737 1020.66
36.234 1020.66
