0.3
0.7
4
55.741 953.518
27.192 953.518
27.191 955.172
55.74 955.172
4
55.741 972.736
27.192 972.736
27.191 974.39
55.74 974.39
4
55.741 991.952
27.192 991.952
27.191 993.606
55.74 993.606
299
24.866 1020.66
30.544 1020.66
30.544 1022.76
30.545 1023.16
31.479 1023.16
31.812 1022.94
32.306 1022.82
32.798 1022.94
33.132 1023.16
34.065 1023.16
34.066 1021.06
34.065 1020.66
48.132 1020.66
48.132 1022.76
48.133 1023.16
49.067 1023.16
49.4 1022.94
49.894 1022.82
50.386 1022.94
50.72 1023.16
51.653 1023.16
51.654 1021.06
51.653 1020.66
56.861 1020.66
56.86 1023.16
58.628 1023.16
58.629 1020.93
58.628 1020.66
66.858 1020.66
66.857 1013.52
67.538 1013.52
67.538 1011.07
67.596 1010.77
68.026 1010.15
69.092 1007.87
69.662 1005.77
70.556 1005.77
71.12 1005.68
71.653 1005.43
72.122 1005.13
72.999 1004.52
73.541 1003.9
73.886 1003.19
74.008 1002.42
73.886 1001.65
73.541 1000.94
73 1000.32
72.365 999.856
71.885 999.567
71.514 999.341
71.027 999.136
70.556 999.06
69.662 999.06
69.092 997.02
68.028 994.738
67.668 994.25
67.552 993.982
67.538 993.164
67.538 992.18
67.567 991.647
67.668 991.426
68.028 990.936
69.092 988.656
69.662 986.554
70.556 986.554
71.12 986.466
71.653 986.214
72.122 985.91
72.999 985.3
73.541 984.68
73.886 983.974
74.008 983.204
73.886 982.434
73.541 981.726
73 981.102
72.365 980.638
71.885 980.35
71.514 980.125
71.027 979.919
70.556 979.845
69.662 979.845
69.092 977.805
68.028 975.523
67.668 975.035
67.552 974.765
67.538 973.948
67.538 972.963
67.567 972.431
67.668 972.208
68.028 971.72
69.092 969.438
69.662 967.336
70.263 967.337
70.556 967.336
71.12 967.248
71.653 966.996
72.122 966.692
72.999 966.084
73.541 965.462
73.886 964.756
74.008 963.988
73.886 963.216
73.541 962.51
73 961.886
72.365 961.422
71.885 961.133
71.514 960.907
71.027 960.702
70.556 960.626
69.635 960.626
69.062 958.586
67.995 956.304
67.635 955.816
67.519 955.548
67.504 954.73
67.504 953.746
67.533 953.213
67.634 952.992
67.994 952.502
69.062 950.222
69.636 948.12
70.536 948.12
71.104 948.032
71.641 947.78
72.114 947.476
72.993 946.866
73.539 946.246
73.886 945.54
74.008 944.77
73.886 944
73.539 943.296
72.994 942.674
72.357 942.21
71.875 941.923
71.501 941.699
71.01 941.494
70.536 941.42
69.635 941.42
69.062 939.38
67.994 937.098
67.634 936.61
67.519 936.341
67.502 935.524
67.504 928.954
71.64 928.954
71.64 927.824
59.993 927.824
59.976 925.318
58.281 925.318
58.28 927.824
52.602 927.824
52.602 925.718
52.601 925.318
51.668 925.318
51.334 925.538
50.842 925.66
50.349 925.539
50.015 925.318
49.081 925.318
49.08 927.424
49.081 927.824
35.014 927.824
35.014 925.718
35.013 925.318
34.079 925.318
33.746 925.538
33.252 925.66
32.76 925.539
32.426 925.318
31.493 925.318
31.492 927.424
31.493 927.824
26.285 927.824
26.286 925.318
24.518 925.318
24.517 927.548
24.518 927.824
16.288 927.824
16.289 935.136
15.608 935.136
15.608 935.794
15.579 936.327
15.478 936.548
15.118 937.038
14.054 939.318
13.484 941.42
12.59 941.42
12.024 941.508
11.493 941.76
11.024 942.064
10.147 942.674
9.605 943.296
9.26 944
9.138 944.77
9.26 945.54
9.605 946.248
10.146 946.872
10.781 947.336
11.261 947.624
11.631 947.849
12.117 948.056
12.59 948.13
13.484 948.13
14.054 950.17
15.118 952.452
15.478 952.94
15.594 953.21
15.608 954.027
15.608 955.012
15.579 955.544
15.478 955.766
15.118 956.254
14.054 958.536
13.484 960.638
12.59 960.638
12.024 960.726
11.493 960.978
11.024 961.282
10.147 961.89
9.605 962.512
9.26 963.218
9.138 963.988
9.26 964.758
9.605 965.464
10.146 966.088
10.781 966.552
11.261 966.841
11.631 967.067
12.117 967.272
12.59 967.347
13.484 967.347
14.054 969.387
15.118 971.669
15.478 972.157
15.594 972.425
15.608 973.243
15.608 974.227
15.579 974.76
15.478 974.982
15.118 975.47
14.054 977.752
13.484 979.854
12.883 979.853
12.59 979.854
12.024 979.942
11.493 980.194
11.024 980.498
10.147 981.108
9.605 981.728
9.26 982.434
9.138 983.204
9.26 983.974
9.605 984.682
10.146 985.306
10.781 985.77
11.261 986.058
11.631 986.283
12.117 986.49
12.59 986.564
13.505 986.564
14.078 988.604
15.145 990.886
15.505 991.374
15.621 991.644
15.634 992.461
15.634 993.446
15.607 993.978
15.504 994.2
15.144 994.688
14.077 996.97
13.504 999.072
12.602 999.072
12.034 999.16
11.496 999.412
11.024 999.716
10.147 1000.32
9.605 1000.95
9.26 1001.65
9.138 1002.42
9.26 1003.19
9.605 1003.9
10.146 1004.52
10.781 1004.98
11.261 1005.27
11.638 1005.49
12.129 1005.7
12.603 1005.77
13.505 1005.77
14.078 1007.81
15.146 1010.09
15.507 1010.58
15.621 1010.85
15.642 1015.5
15.642 1019.53
11.506 1019.37
11.506 1020.66
23.153 1020.66
23.17 1023.16
24.865 1023.16
220
23.559 1016.87
23.557 1013.34
23.558 1012.95
23.343 1013.13
22.948 1013.27
22.493 1013.27
22.102 1013.12
21.836 1012.88
21.763 1012.72
21.764 1012.4
21.963 1012.11
22.301 1011.91
22.732 1011.84
23.162 1011.91
23.498 1012.11
23.558 1012.18
23.557 1008.18
22.734 1007.57
21.406 1006.04
20.559 1004.31
20.262 1002.42
20.559 1000.53
21.406 998.798
22.733 997.268
23.556 996.664
23.558 993.365
23.559 993.162
23.343 993.347
22.948 993.486
22.725 993.504
22.287 993.427
21.95 993.226
21.763 992.937
21.764 992.614
21.963 992.321
22.301 992.128
22.732 992.056
23.162 992.129
23.498 992.326
23.558 992.396
23.557 988.962
22.734 988.358
21.406 986.826
20.559 985.092
20.262 983.204
20.559 981.316
21.406 979.582
22.733 978.05
23.556 977.447
23.558 973.947
23.343 974.129
22.948 974.268
22.493 974.266
22.102 974.123
21.836 973.874
21.738 973.562
21.839 973.244
22.116 972.994
22.507 972.857
22.956 972.859
23.345 972.999
23.558 973.179
23.557 969.745
22.734 969.14
21.406 967.61
20.559 965.876
20.262 963.988
20.559 962.098
21.406 960.364
22.733 958.834
23.556 958.23
23.558 954.931
23.559 954.728
23.343 954.913
22.944 955.052
22.493 955.05
22.102 954.907
21.836 954.656
21.763 954.503
21.764 954.18
21.963 953.887
22.301 953.694
22.732 953.622
23.162 953.697
23.498 953.892
23.558 953.962
23.557 950.528
22.734 949.924
21.406 948.392
20.559 946.658
20.262 944.77
20.559 942.882
21.406 941.148
22.733 939.616
23.556 939.013
23.558 935.513
23.343 935.695
22.948 935.834
22.493 935.832
22.102 935.689
21.836 935.44
21.738 935.128
21.839 934.81
22.116 934.56
22.507 934.423
22.956 934.425
23.345 934.565
23.558 934.745
23.557 934.225
23.559 930.406
59.124 930.406
59.126 933.867
59.148 934.172
59.491 933.973
59.935 933.9
60.377 933.977
60.718 934.178
60.906 934.46
60.931 934.635
60.832 934.944
60.55 935.194
60.154 935.331
59.696 935.329
59.302 935.189
59.127 935.055
59.125 938.515
59.125 938.673
60.413 939.616
61.741 941.148
62.588 942.882
62.885 944.77
62.588 946.658
61.741 948.392
60.414 949.924
59.126 950.866
59.126 953.982
59.303 953.846
59.704 953.706
60.167 953.708
60.565 953.851
60.834 954.1
60.933 954.412
60.832 954.73
60.55 954.98
60.154 955.117
59.696 955.115
59.302 954.975
59.127 954.841
59.125 957.89
60.413 958.834
61.741 960.364
62.588 962.098
62.885 963.988
62.588 965.876
61.741 967.61
60.413 969.14
59.125 970.083
59.126 973.161
59.127 973.199
59.303 973.062
59.704 972.922
60.167 972.924
60.565 973.067
60.834 973.318
60.933 973.628
60.832 973.946
60.55 974.198
60.154 974.335
59.696 974.333
59.302 974.193
59.127 974.059
59.126 976.729
59.124 977.107
60.412 978.05
61.741 979.582
62.588 981.316
62.885 983.204
62.588 985.092
61.741 986.826
60.414 988.358
59.126 989.3
59.126 992.416
59.303 992.28
59.704 992.14
60.167 992.142
60.565 992.285
60.834 992.534
60.933 992.846
60.832 993.164
60.55 993.414
60.154 993.551
59.696 993.549
59.302 993.409
59.127 993.302
59.125 993.818
59.125 996.324
60.413 997.268
61.741 998.798
62.588 1000.53
62.885 1002.42
62.588 1004.31
61.741 1006.04
60.414 1007.57
59.126 1008.52
59.126 1011.49
59.148 1011.61
59.491 1011.41
59.935 1011.34
60.377 1011.41
60.718 1011.62
60.906 1011.9
60.931 1012.07
60.832 1012.38
60.55 1012.63
60.154 1012.77
59.696 1012.77
59.302 1012.63
59.127 1012.52
59.125 1013.14
59.124 1016.87
15
66.476 945.426
66.137 945.228
65.943 944.938
65.918 944.77
65.958 944.571
66.137 944.312
66.476 944.114
66.915 944.038
67.354 944.114
67.693 944.312
67.887 944.602
67.887 944.938
67.693 945.228
67.354 945.426
66.915 945.502
15
15.793 945.426
15.453 945.228
15.26 944.938
15.241 944.729
15.335 944.448
15.609 944.2
16.003 944.058
16.46 944.058
16.855 944.2
17.127 944.448
17.208 944.634
17.202 944.938
17.009 945.228
16.669 945.426
16.231 945.502
15
66.476 964.644
66.137 964.444
65.943 964.154
65.918 963.988
65.958 963.789
66.137 963.53
66.476 963.33
66.915 963.256
67.354 963.33
67.693 963.53
67.887 963.82
67.887 964.154
67.693 964.444
67.354 964.644
66.915 964.718
15
15.793 964.644
15.453 964.444
15.26 964.154
15.241 963.947
15.335 963.666
15.609 963.416
16.003 963.276
16.46 963.276
16.855 963.416
17.127 963.666
17.208 963.852
17.203 964.154
17.009 964.444
16.669 964.644
16.231 964.718
15
66.476 983.86
66.137 983.662
65.943 983.372
65.922 983.171
66.019 982.882
66.291 982.634
66.687 982.492
66.915 982.472
67.354 982.548
67.693 982.746
67.887 983.036
67.887 983.372
67.693 983.662
67.354 983.86
66.915 983.936
16
15.793 983.86
15.453 983.662
15.26 983.372
15.241 983.163
15.335 982.882
15.609 982.634
16.003 982.492
16.46 982.492
16.855 982.634
17.127 982.882
17.208 983.068
17.229 983.204
17.189 983.401
17.009 983.662
16.669 983.86
16.231 983.936
15
66.476 1003.08
66.137 1002.88
65.943 1002.59
65.922 1002.39
66.019 1002.1
66.291 1001.85
66.687 1001.71
66.915 1001.69
67.353 1001.76
67.693 1001.96
67.887 1002.25
67.887 1002.59
67.693 1002.88
67.353 1003.08
66.915 1003.15
16
15.793 1003.08
15.453 1002.88
15.26 1002.59
15.241 1002.38
15.335 1002.1
15.609 1001.85
16.003 1001.71
16.46 1001.71
16.855 1001.85
17.127 1002.1
17.208 1002.28
17.229 1002.42
17.189 1002.62
17.009 1002.88
16.669 1003.08
16.231 1003.15
