0.3
0.7
4
48.668 952.158
46.736 952.158
46.736 953.184
48.668 953.184
5
48.739 955.164
48.74 953.518
46.405 953.518
46.38 955.147
48.663 955.172
5
48.669 955.889
48.668 955.508
46.736 955.508
46.736 956.532
48.668 956.532
4
48.668 971.376
46.736 971.376
46.736 972.4
48.668 972.4
5
48.739 974.382
48.74 972.736
46.405 972.736
46.38 974.365
48.663 974.39
5
48.669 975.106
48.668 974.724
46.736 974.724
46.736 975.75
48.668 975.75
4
48.668 990.592
46.736 990.592
46.736 991.618
48.668 991.618
5
48.739 993.598
48.74 991.952
46.405 991.952
46.38 993.581
48.663 993.606
5
48.669 994.323
48.668 993.942
46.736 993.942
46.736 994.966
48.668 994.966
5
36.196 952.158
34.264 952.158
34.263 952.802
34.264 953.184
36.196 953.184
5
36.55 953.543
34.269 953.518
34.193 953.526
34.192 955.172
36.525 955.172
4
36.196 955.508
34.264 955.508
34.264 956.532
36.196 956.532
5
36.196 971.376
34.264 971.376
34.263 972.019
34.264 972.4
36.196 972.4
5
36.55 972.761
34.269 972.736
34.193 972.744
34.192 974.39
36.525 974.39
4
36.196 974.724
34.264 974.724
34.264 975.75
36.196 975.75
5
36.196 990.592
34.264 990.592
34.263 991.236
34.264 991.618
36.196 991.618
5
36.55 991.977
34.269 991.952
34.193 991.96
34.192 993.606
36.525 993.606
4
36.196 993.942
34.264 993.942
34.264 994.966
36.196 994.966
387
47.102 1020.66
57.857 1020.66
57.86 1022.95
57.862 1023.16
59.554 1023.16
59.553 1020.66
62.838 1020.66
62.837 1023.24
64.147 1023.24
64.146 1019.8
65.026 1019.8
65.026 1018.72
71.072 1018.72
71.073 1019.8
71.953 1019.8
71.953 1023.24
73.261 1023.24
73.262 1017.84
69.543 1017.84
69.491 1015.56
69.49 1013.52
70.3 1013.52
70.3 1011.07
70.353 1010.87
70.544 1010.64
70.977 1010.33
71.21 1010.15
73.19 1007.87
74.251 1005.77
75.916 1005.77
76.622 1005.71
76.968 1005.68
77.671 1005.5
77.932 1005.43
78.598 1005.12
78.784 1005.04
79.369 1004.61
79.492 1004.52
79.958 1003.98
80.035 1003.9
80.34 1003.27
80.382 1003.19
80.487 1002.5
80.395 1001.74
80.079 1001.04
79.58 1000.42
79.494 1000.32
78.923 999.903
78.784 999.8
78.138 999.499
77.932 999.402
77.25 999.224
76.968 999.15
76.282 999.091
75.238 999.06
74.251 999.06
73.19 997.02
71.21 994.738
70.771 994.416
70.41 994.124
70.319 993.932
70.301 993.146
70.301 992.162
70.329 991.694
70.451 991.512
70.977 991.109
71.21 990.936
73.19 988.656
74.251 986.554
75.916 986.554
76.622 986.495
76.968 986.466
77.671 986.282
77.932 986.214
78.598 985.905
78.784 985.82
79.37 985.39
79.494 985.3
79.958 984.766
80.035 984.68
80.34 984.057
80.382 983.974
80.487 983.288
80.395 982.522
80.079 981.82
80.035 981.726
79.578 981.202
79.492 981.102
78.923 980.685
78.784 980.582
78.138 980.282
77.932 980.186
77.25 980.006
76.968 979.932
76.282 979.875
75.238 979.844
74.251 979.844
73.19 977.804
71.21 975.522
70.771 975.2
70.41 974.906
70.319 974.715
70.301 973.928
70.301 972.944
70.329 972.478
70.451 972.294
70.977 971.892
71.21 971.72
73.19 969.438
74.251 967.336
75.916 967.336
76.622 967.277
76.968 967.248
77.671 967.064
77.932 966.996
78.598 966.687
78.784 966.602
79.369 966.173
79.492 966.084
79.958 965.549
80.035 965.462
80.34 964.839
80.382 964.756
80.487 964.072
80.395 963.304
80.079 962.603
79.58 961.986
79.494 961.886
78.923 961.469
78.784 961.366
78.138 961.065
77.932 960.968
77.25 960.79
76.968 960.716
76.282 960.657
75.228 960.626
74.24 960.626
73.176 958.586
71.19 956.304
70.748 955.982
70.385 955.69
70.296 955.498
70.278 954.712
70.278 953.728
70.306 953.26
70.427 953.078
70.956 952.675
71.19 952.503
73.176 950.222
74.24 948.12
75.909 948.12
76.615 948.061
76.964 948.032
77.667 947.848
77.929 947.78
78.596 947.471
78.782 947.386
79.367 946.956
79.491 946.866
79.957 946.332
80.034 946.246
80.34 945.623
80.382 945.54
80.487 944.854
80.395 944.088
80.079 943.389
79.58 942.774
78.922 942.257
78.782 942.154
78.136 941.856
77.929 941.76
77.247 941.582
76.964 941.508
76.276 941.451
75.228 941.42
74.24 941.42
73.176 939.38
71.19 937.098
70.748 936.776
70.385 936.484
70.296 936.292
70.278 935.506
70.279 928.954
71.64 928.954
71.64 927.824
60.939 927.824
60.94 925.748
60.939 925.318
59.278 925.318
59.278 927.606
59.266 927.824
47.095 927.824
47.094 924.482
37.458 924.482
37.458 927.824
25.289 927.824
25.286 925.536
25.283 925.318
23.592 925.318
23.593 927.824
20.308 927.824
20.309 925.242
19 925.242
19.001 928.684
18.12 928.684
18.12 929.764
12.074 929.764
12.073 928.684
11.193 928.684
11.193 925.242
9.885 925.242
9.884 930.642
13.603 930.642
13.234 931.313
12.845 932.002
12.844 935.812
12.817 936.28
12.695 936.462
12.169 936.865
11.936 937.038
9.956 939.318
8.895 941.42
7.23 941.42
6.178 941.508
5.475 941.692
5.214 941.76
4.548 942.069
4.362 942.154
3.776 942.584
3.652 942.674
3.188 943.209
3.111 943.296
2.806 943.917
2.764 944
2.659 944.686
2.751 945.452
3.067 946.154
3.566 946.772
3.652 946.872
4.223 947.289
4.362 947.392
5.008 947.692
5.214 947.788
5.896 947.968
6.178 948.042
6.864 948.099
7.908 948.13
8.895 948.13
9.956 950.17
11.936 952.452
12.375 952.774
12.736 953.068
12.826 953.259
12.844 954.046
12.844 955.03
12.817 955.496
12.695 955.68
12.169 956.082
11.936 956.254
9.956 958.536
8.895 960.638
7.23 960.638
6.524 960.697
6.178 960.726
5.475 960.91
5.214 960.978
4.548 961.287
4.362 961.372
3.776 961.801
3.652 961.89
3.188 962.425
3.111 962.512
2.806 963.135
2.764 963.218
2.659 963.904
2.751 964.67
3.067 965.371
3.566 965.988
3.652 966.088
4.223 966.505
4.362 966.608
5.008 966.909
5.214 967.006
5.896 967.184
6.178 967.258
6.864 967.317
7.908 967.348
8.895 967.348
9.956 969.388
11.936 971.67
12.375 971.992
12.736 972.284
12.826 972.476
12.844 973.262
12.844 974.246
12.817 974.714
12.695 974.896
12.169 975.299
11.936 975.472
9.956 977.752
8.895 979.854
7.23 979.854
6.524 979.913
6.178 979.942
5.475 980.126
5.214 980.194
4.548 980.503
4.362 980.588
3.776 981.018
3.652 981.108
3.188 981.642
3.111 981.728
2.806 982.351
2.764 982.434
2.659 983.12
2.751 983.886
3.067 984.588
3.566 985.206
3.652 985.306
4.223 985.723
4.362 985.826
5.008 986.126
5.214 986.222
5.896 986.402
6.178 986.476
6.864 986.533
7.908 986.564
8.895 986.564
9.956 988.604
11.936 990.886
12.375 991.208
12.736 991.502
12.826 991.693
12.844 992.48
12.844 993.464
12.817 993.93
12.695 994.114
12.169 994.516
11.936 994.688
9.956 996.97
8.895 999.072
7.23 999.072
6.524 999.131
6.178 999.16
5.475 999.344
5.214 999.412
4.548 999.721
4.362 999.806
3.776 1000.24
3.652 1000.32
3.188 1000.86
3.111 1000.95
2.806 1001.57
2.764 1001.65
2.659 1002.34
2.751 1003.1
3.067 1003.8
3.566 1004.42
3.652 1004.52
4.223 1004.93
4.362 1005.04
5.008 1005.33
5.214 1005.43
5.896 1005.61
6.178 1005.68
6.864 1005.74
7.908 1005.77
8.895 1005.77
9.956 1007.81
11.936 1010.09
12.375 1010.41
12.736 1010.71
12.826 1010.9
12.856 1013.52
12.867 1015.62
12.868 1019.42
11.506 1019.37
11.506 1020.66
22.207 1020.66
22.206 1022.73
22.207 1023.16
23.868 1023.16
23.868 1020.88
23.88 1020.66
37.465 1020.66
37.466 1024
47.102 1024
118
45.361 1016.87
45.361 961.651
45.36 930.406
51.578 930.406
51.581 938.119
53.194 937.366
55.56 936.746
58.136 936.528
60.712 936.746
62.792 937.291
63.078 937.366
64.328 937.949
64.328 936.822
65.98 937.594
67.925 939.018
69.408 940.726
69.642 941.21
70.352 942.662
70.684 944.77
70.352 946.878
69.408 948.814
67.925 950.522
65.981 951.946
64.328 952.718
64.329 951.59
63.254 952.093
63.078 952.174
60.712 952.794
58.136 953.012
55.56 952.794
53.195 952.174
51.582 951.422
51.581 957.335
53.194 956.584
55.56 955.962
58.136 955.744
60.712 955.962
62.792 956.509
63.078 956.584
64.328 957.166
64.328 956.04
65.98 956.81
67.925 958.236
69.408 959.944
69.642 960.428
70.352 961.88
70.684 963.988
70.352 966.094
69.408 968.03
67.925 969.738
65.981 971.164
64.328 971.934
64.329 970.807
63.254 971.309
63.078 971.39
60.712 972.012
58.136 972.23
55.56 972.012
53.195 971.39
51.582 970.64
51.581 976.553
53.194 975.8
55.56 975.18
58.136 974.962
60.712 975.18
62.792 975.725
63.078 975.8
64.328 976.383
64.328 975.256
65.98 976.028
67.925 977.452
69.408 979.16
69.642 979.644
70.352 981.096
70.684 983.204
70.352 985.312
69.408 987.248
67.925 988.956
65.981 990.38
64.328 991.152
64.329 990.024
63.254 990.527
63.078 990.608
60.712 991.228
58.136 991.446
55.56 991.228
53.195 990.608
51.581 989.855
51.581 995.769
53.194 995.018
55.56 994.396
58.136 994.178
60.712 994.396
62.792 994.943
63.078 995.018
64.328 995.6
64.328 994.474
65.98 995.244
67.925 996.67
69.408 998.378
69.642 998.862
70.352 1000.31
70.684 1002.42
70.352 1004.53
69.408 1006.46
67.925 1008.17
65.981 1009.6
64.328 1010.37
64.329 1009.24
63.254 1009.74
63.078 1009.82
60.712 1010.45
58.136 1010.66
55.56 1010.45
53.195 1009.82
51.582 1009.07
51.579 1011.18
51.579 1016.87
119
31.102 1016.87
31.101 1009.29
29.953 1009.82
27.587 1010.45
25.01 1010.66
22.434 1010.45
20.367 1009.9
20.068 1009.82
18.818 1009.24
18.818 1010.37
17.166 1009.6
15.222 1008.17
13.738 1006.46
13.504 1005.98
12.794 1004.53
12.462 1002.42
12.794 1000.31
13.738 998.378
15.222 996.67
17.165 995.244
18.818 994.474
18.817 995.601
19.886 995.102
20.068 995.018
22.434 994.396
25.01 994.178
27.587 994.396
29.952 995.018
31.101 995.553
31.101 990.072
29.953 990.608
27.587 991.228
25.01 991.446
22.434 991.228
20.367 990.686
20.068 990.608
18.818 990.025
18.818 991.152
17.166 990.38
15.222 988.956
13.738 987.248
13.504 986.764
12.794 985.312
12.462 983.204
12.794 981.096
13.738 979.16
15.222 977.452
17.165 976.028
18.818 975.256
18.817 976.384
19.886 975.884
20.068 975.8
22.434 975.18
25.01 974.962
27.587 975.18
29.952 975.8
31.101 976.336
31.101 970.855
29.953 971.39
27.587 972.012
25.01 972.23
22.434 972.012
20.367 971.468
20.068 971.39
18.818 970.808
18.818 971.934
17.166 971.164
15.222 969.738
13.738 968.03
13.504 967.546
12.794 966.094
12.462 963.988
12.794 961.88
13.738 959.944
15.222 958.236
17.165 956.81
18.818 956.04
18.817 957.167
19.886 956.668
20.068 956.584
22.434 955.962
25.01 955.744
27.587 955.962
29.952 956.584
31.101 957.119
31.104 955.277
31.101 951.638
29.953 952.174
27.587 952.794
25.01 953.012
22.434 952.794
20.367 952.252
20.068 952.174
18.818 951.591
18.818 952.718
17.166 951.946
15.222 950.522
13.738 948.814
13.504 948.33
12.794 946.878
12.462 944.77
12.794 942.662
13.738 940.726
15.222 939.018
17.165 937.594
18.818 936.822
18.817 937.95
19.886 937.45
20.068 937.366
22.434 936.746
25.01 936.528
27.587 936.746
29.952 937.366
31.101 937.902
31.104 936.06
31.102 930.406
39.168 930.406
39.168 985.371
39.169 1016.87
15
66.404 935.33
66.007 935.19
65.733 934.944
65.646 934.724
65.658 934.46
65.851 934.172
66.192 933.974
66.634 933.9
67.075 933.974
67.417 934.172
67.61 934.46
67.623 934.704
67.535 934.944
67.262 935.19
66.864 935.33
15
15.798 935.78
15.461 935.582
15.27 935.294
15.257 935.05
15.344 934.81
15.613 934.564
16.005 934.424
16.458 934.424
16.849 934.564
17.119 934.81
17.206 935.03
17.193 935.294
17.003 935.582
16.666 935.78
16.231 935.854
28
41.87 942.796
41.492 942.658
41.156 942.446
40.878 942.168
40.666 941.832
40.53 941.454
40.482 941.04
40.569 940.517
40.725 940.155
40.949 939.843
41.235 939.586
41.577 939.392
41.957 939.277
42.284 939.238
42.61 939.276
43.076 939.422
43.41 939.634
43.69 939.914
43.902 940.248
44.038 940.628
44.086 941.04
43.999 941.564
43.843 941.925
43.619 942.239
43.331 942.496
42.991 942.69
42.61 942.805
42.284 942.842
15
9.299 945.426
8.959 945.228
8.766 944.938
8.766 944.602
8.959 944.312
9.299 944.114
9.737 944.038
10.175 944.114
10.515 944.312
10.708 944.602
10.72 944.872
10.633 945.092
10.361 945.34
9.966 945.482
9.737 945.502
14
73.181 945.482
72.785 945.34
72.513 945.092
72.42 944.835
72.513 944.448
72.785 944.2
73.181 944.058
73.638 944.058
74.032 944.2
74.305 944.448
74.406 944.77
74.305 945.092
74.032 945.34
73.638 945.482
12
41.978 945.35
41.756 945.126
41.674 944.822
41.756 944.516
41.978 944.294
42.284 944.212
42.588 944.294
42.812 944.516
42.894 944.822
42.812 945.126
42.588 945.35
42.284 945.432
28
41.87 950.372
41.492 950.236
41.156 950.022
40.878 949.744
40.666 949.408
40.53 949.03
40.482 948.616
40.569 948.094
40.725 947.733
40.949 947.419
41.235 947.162
41.577 946.968
41.957 946.853
42.284 946.814
42.61 946.852
43.076 946.998
43.41 947.212
43.69 947.49
43.902 947.826
44.038 948.204
44.086 948.616
43.999 949.14
43.843 949.501
43.619 949.815
43.331 950.072
42.991 950.266
42.61 950.381
42.284 950.42
15
15.912 955.027
15.613 954.912
15.344 954.664
15.244 954.346
15.344 954.028
15.613 953.78
16.005 953.64
16.458 953.64
16.849 953.78
17.119 954.028
17.206 954.248
17.193 954.512
17.003 954.798
16.666 954.996
16.359 955.06
15
66.404 955.116
66.007 954.976
65.733 954.73
65.646 954.51
65.658 954.246
65.851 953.958
66.192 953.76
66.634 953.686
67.075 953.76
67.417 953.958
67.61 954.246
67.623 954.49
67.535 954.73
67.262 954.976
66.864 955.116
12
41.978 955.064
41.756 954.842
41.674 954.536
41.756 954.232
41.978 954.008
42.284 953.928
42.588 954.008
42.812 954.232
42.894 954.536
42.812 954.842
42.588 955.064
42.284 955.146
28
41.87 962
41.492 961.864
41.156 961.652
40.878 961.372
40.666 961.038
40.53 960.658
40.482 960.246
40.569 959.723
40.725 959.361
40.949 959.049
41.235 958.79
41.577 958.598
41.957 958.483
42.284 958.444
42.61 958.482
43.076 958.628
43.41 958.84
43.69 959.12
43.902 959.454
44.038 959.834
44.086 960.246
43.999 960.769
43.843 961.131
43.619 961.443
43.331 961.702
42.991 961.894
42.61 962.009
42.284 962.048
15
9.299 964.644
8.959 964.444
8.766 964.154
8.766 963.82
8.959 963.53
9.299 963.33
9.737 963.256
10.175 963.33
10.515 963.53
10.708 963.82
10.724 964.053
10.633 964.308
10.361 964.558
9.966 964.698
9.737 964.718
14
73.181 964.698
72.785 964.558
72.513 964.308
72.42 964.053
72.513 963.666
72.785 963.416
73.181 963.276
73.638 963.276
74.032 963.416
74.305 963.666
74.406 963.988
74.305 964.308
74.032 964.558
73.638 964.698
12
41.978 964.554
41.756 964.332
41.674 964.026
41.756 963.722
41.978 963.498
42.284 963.416
42.588 963.498
42.812 963.722
42.894 964.026
42.812 964.332
42.588 964.554
42.284 964.636
28
41.87 969.576
41.492 969.44
41.156 969.228
40.878 968.948
40.666 968.614
40.53 968.236
40.482 967.822
40.569 967.299
40.725 966.937
40.949 966.625
41.235 966.366
41.577 966.174
41.957 966.059
42.284 966.02
42.61 966.058
43.076 966.204
43.41 966.416
43.69 966.696
43.902 967.03
44.038 967.41
44.086 967.822
43.999 968.346
43.843 968.707
43.619 969.019
43.331 969.278
42.991 969.47
42.61 969.585
42.284 969.624
15
15.798 974.214
15.461 974.016
15.27 973.728
15.257 973.484
15.344 973.244
15.613 972.998
16.005 972.858
16.458 972.858
16.849 972.998
17.119 973.244
17.206 973.464
17.193 973.728
17.003 974.016
16.666 974.214
16.231 974.288
15
66.404 974.334
66.007 974.194
65.733 973.946
65.646 973.726
65.658 973.462
65.851 973.176
66.192 972.978
66.634 972.904
67.075 972.978
67.417 973.176
67.61 973.462
67.623 973.706
67.535 973.946
67.262 974.194
66.864 974.334
12
41.978 974.27
41.756 974.048
41.674 973.742
41.756 973.438
41.978 973.214
42.284 973.132
42.588 973.214
42.812 973.438
42.894 973.742
42.812 974.048
42.588 974.27
42.284 974.352
28
41.87 981.206
41.492 981.07
41.156 980.856
40.878 980.578
40.666 980.244
40.53 979.864
40.482 979.452
40.569 978.928
40.725 978.567
40.949 978.253
41.235 977.996
41.577 977.802
41.957 977.687
42.284 977.65
42.61 977.686
43.076 977.832
43.41 978.046
43.69 978.324
43.902 978.66
44.038 979.038
44.086 979.452
43.999 979.975
43.843 980.337
43.619 980.649
43.331 980.906
42.991 981.1
42.61 981.215
42.284 981.254
15
72.971 983.86
72.631 983.662
72.438 983.372
72.427 983.101
72.513 982.882
72.785 982.634
73.181 982.492
73.409 982.472
73.848 982.548
74.188 982.746
74.38 983.036
74.38 983.372
74.188 983.662
73.848 983.86
73.409 983.936
15
9.299 983.86
8.959 983.662
8.766 983.372
8.766 983.036
8.959 982.746
9.299 982.548
9.737 982.472
10.175 982.548
10.515 982.746
10.708 983.036
10.735 983.204
10.663 983.465
10.515 983.662
10.175 983.86
9.737 983.936
12
41.978 983.76
41.756 983.536
41.674 983.232
41.756 982.928
41.978 982.704
42.284 982.622
42.588 982.704
42.812 982.928
42.894 983.232
42.812 983.536
42.588 983.76
42.284 983.842
28
41.87 988.782
41.492 988.646
41.156 988.434
40.878 988.154
40.666 987.82
40.53 987.44
40.482 987.028
40.569 986.504
40.725 986.143
40.949 985.831
41.235 985.572
41.577 985.38
41.957 985.265
42.284 985.226
42.61 985.264
43.076 985.408
43.41 985.622
43.69 985.902
43.902 986.236
44.038 986.614
44.086 987.028
43.999 987.551
43.843 987.913
43.619 988.225
43.331 988.484
42.991 988.676
42.61 988.791
42.284 988.83
15
15.798 993.43
15.461 993.232
15.27 992.946
15.257 992.702
15.344 992.462
15.613 992.214
16.005 992.074
16.458 992.074
16.849 992.214
17.119 992.462
17.206 992.682
17.193 992.946
17.003 993.232
16.666 993.43
16.231 993.504
15
66.404 993.55
66.007 993.41
65.733 993.164
65.646 992.944
65.658 992.68
65.851 992.392
66.192 992.194
66.634 992.12
67.075 992.194
67.417 992.392
67.61 992.68
67.623 992.924
67.535 993.164
67.262 993.41
66.864 993.55
12
41.978 993.476
41.756 993.252
41.674 992.948
41.756 992.642
41.978 992.42
42.284 992.338
42.588 992.42
42.812 992.642
42.894 992.948
42.812 993.252
42.588 993.476
42.284 993.558
28
41.791 1000.38
41.417 1000.23
41.091 999.997
40.824 999.698
40.629 999.343
40.53 999.07
40.495 998.534
40.53 998.244
40.666 997.864
40.878 997.53
41.156 997.252
41.577 997.008
41.87 996.902
42.364 996.862
42.777 996.93
43.151 997.085
43.41 997.25
43.744 997.615
43.939 997.97
44.038 998.244
44.073 998.779
44.038 999.07
43.902 999.448
43.69 999.784
43.41 1000.06
43.076 1000.28
42.696 1000.41
42.204 1000.45
15
72.971 1003.08
72.631 1002.88
72.438 1002.59
72.427 1002.32
72.513 1002.1
72.785 1001.85
73.181 1001.71
73.409 1001.69
73.847 1001.76
74.188 1001.96
74.38 1002.25
74.38 1002.59
74.188 1002.88
73.847 1003.08
73.409 1003.15
15
9.299 1003.08
8.959 1002.88
8.766 1002.59
8.758 1002.31
8.841 1002.1
9.114 1001.85
9.508 1001.71
9.966 1001.71
10.361 1001.85
10.633 1002.1
10.725 1002.35
10.663 1002.68
10.515 1002.88
10.175 1003.08
9.737 1003.15
12
41.978 1002.97
41.756 1002.74
41.674 1002.44
41.756 1002.13
41.978 1001.91
42.284 1001.83
42.588 1001.91
42.812 1002.13
42.894 1002.44
42.812 1002.74
42.588 1002.97
42.284 1003.05
28
41.791 1007.96
41.417 1007.8
41.091 1007.57
40.824 1007.27
40.629 1006.92
40.517 1006.52
40.482 1006.23
40.53 1005.82
40.666 1005.44
40.878 1005.11
41.156 1004.83
41.492 1004.61
41.87 1004.48
42.364 1004.44
42.777 1004.51
43.151 1004.66
43.476 1004.89
43.744 1005.19
43.939 1005.55
44.051 1005.94
44.086 1006.23
44.038 1006.65
43.902 1007.02
43.69 1007.36
43.41 1007.64
43.076 1007.85
42.696 1007.99
42.204 1008.03
15
66.404 1012.77
66.007 1012.63
65.733 1012.38
65.646 1012.16
65.658 1011.9
65.851 1011.61
66.192 1011.41
66.634 1011.34
67.075 1011.41
67.417 1011.61
67.61 1011.9
67.623 1012.14
67.535 1012.38
67.262 1012.63
66.864 1012.77
15
15.798 1013.22
15.461 1013.02
15.27 1012.73
15.257 1012.49
15.344 1012.25
15.613 1012
16.005 1011.86
16.458 1011.86
16.849 1012
17.119 1012.25
17.206 1012.47
17.193 1012.73
17.003 1013.02
16.666 1013.22
16.231 1013.29
