0.3
0.7
255
28.238 1020.66
53.489 1020.66
53.489 1023.16
57.095 1023.16
57.094 1020.66
62.214 1020.66
62.214 1023.16
65.568 1023.16
65.569 1013.52
67.538 1013.52
67.538 1011.07
67.596 1010.77
68.026 1010.15
69.092 1007.87
69.662 1005.77
70.556 1005.77
71.12 1005.68
71.64 1005.43
72.096 1005.04
72.478 1004.52
72.77 1003.9
72.956 1003.19
73.02 1002.42
72.956 1001.65
72.77 1000.94
72.478 1000.32
72.096 999.8
71.64 999.402
71.12 999.15
70.556 999.06
69.662 999.06
69.092 997.02
68.028 994.738
67.668 994.25
67.552 993.982
67.538 993.286
67.538 992.302
67.546 991.767
67.635 991.483
68.028 990.936
69.092 988.656
69.662 986.554
70.556 986.554
71.12 986.466
71.64 986.214
72.096 985.82
72.478 985.3
72.77 984.68
72.956 983.974
73.02 983.204
72.956 982.434
72.77 981.726
72.478 981.102
72.096 980.582
71.64 980.188
71.12 979.934
70.556 979.846
69.662 979.846
69.092 977.806
68.028 975.524
67.668 975.036
67.552 974.766
67.538 974.07
67.538 973.085
67.546 972.551
67.635 972.266
68.028 971.722
69.092 969.44
69.662 967.338
70.556 967.338
71.12 967.25
71.64 966.999
72.096 966.602
72.478 966.084
72.77 965.462
72.956 964.756
73.02 963.988
72.956 963.216
72.77 962.51
72.478 961.886
72.096 961.366
71.64 960.968
71.12 960.716
70.556 960.626
69.634 960.626
69.062 958.586
67.996 956.304
67.636 955.816
67.52 955.548
67.504 954.852
67.504 953.868
67.512 953.333
67.601 953.049
67.996 952.502
69.062 950.222
69.634 948.12
70.536 948.12
71.112 948.033
71.634 947.781
72.089 947.387
72.474 946.867
72.768 946.248
72.954 945.54
73.02 944.77
72.954 944
72.768 943.296
72.474 942.674
72.088 942.154
71.632 941.76
71.109 941.508
70.536 941.42
69.634 941.42
69.062 939.38
67.994 937.098
67.634 936.61
67.52 936.34
67.503 935.646
67.502 929.872
71.64 929.872
71.64 927.824
66.988 927.824
66.988 925.318
63.635 925.318
63.634 927.824
58.477 927.824
58.476 925.318
54.91 925.317
54.909 927.824
29.657 927.824
29.657 925.318
26.051 925.318
26.052 927.824
20.932 927.824
20.932 925.318
17.578 925.318
17.577 935.136
15.608 935.136
15.608 935.672
15.6 936.207
15.511 936.491
15.118 937.038
14.054 939.318
13.484 941.42
12.59 941.42
12.024 941.508
11.508 941.76
11.051 942.154
10.668 942.674
10.376 943.296
10.19 944
10.126 944.77
10.19 945.54
10.375 946.252
10.668 946.872
11.05 947.392
11.507 947.788
12.024 948.042
12.59 948.13
13.484 948.13
14.054 950.17
15.118 952.452
15.478 952.94
15.594 953.21
15.608 953.905
15.608 954.89
15.6 955.424
15.511 955.709
15.118 956.254
14.054 958.536
13.484 960.638
12.59 960.638
12.024 960.726
11.506 960.978
11.05 961.372
10.668 961.89
10.376 962.512
10.19 963.218
10.126 963.988
10.19 964.758
10.376 965.464
10.668 966.088
11.05 966.608
11.506 967.004
12.024 967.256
12.59 967.346
13.484 967.346
14.054 969.386
15.118 971.668
15.478 972.156
15.594 972.424
15.608 973.121
15.608 974.105
15.6 974.64
15.511 974.924
15.118 975.469
14.054 977.75
13.484 979.852
12.59 979.852
12.024 979.94
11.506 980.192
11.05 980.588
10.668 981.108
10.376 981.728
10.19 982.434
10.126 983.204
10.19 983.974
10.376 984.682
10.668 985.306
11.05 985.826
11.506 986.222
12.024 986.476
12.59 986.564
13.512 986.564
14.084 988.604
15.15 990.886
15.51 991.374
15.626 991.644
15.641 992.339
15.641 993.324
15.634 993.858
15.545 994.143
15.15 994.688
14.084 996.97
13.512 999.072
12.61 999.072
12.037 999.16
11.514 999.412
11.058 999.806
10.672 1000.32
10.378 1000.95
10.192 1001.65
10.126 1002.42
10.192 1003.19
10.378 1003.9
10.672 1004.52
11.058 1005.04
11.514 1005.43
12.037 1005.68
12.61 1005.77
13.512 1005.77
14.084 1007.81
15.152 1010.09
15.512 1010.58
15.626 1010.85
15.643 1013.05
15.644 1018.61
11.506 1018.61
11.506 1020.66
16.158 1020.66
16.158 1023.16
19.511 1023.16
19.512 1020.66
24.669 1020.66
24.67 1023.16
28.237 1023.16
194
23.19 1016.87
22.388 1016.8
21.88 1016.57
21.202 1016
20.772 1015.44
20.318 1014.68
19.744 1013.52
19.744 1005.77
19.164 1005.86
18.586 1005.77
18.056 1005.51
17.588 1005.11
17.196 1004.57
16.939 1004.02
16.714 1003.23
16.66 1002.62
16.708 1001.63
16.898 1000.91
17.196 1000.27
17.588 999.736
18.056 999.33
18.586 999.07
19.164 998.98
19.744 999.07
19.744 993.606
19.404 993.606
19.404 991.952
19.744 991.952
19.744 993.606
32.422 993.606
32.423 992.465
32.422 991.952
19.744 991.952
19.744 986.554
19.164 986.646
18.586 986.554
18.056 986.296
17.588 985.89
17.196 985.356
16.939 984.805
16.714 984.015
16.66 983.408
16.708 982.416
16.898 981.692
17.196 981.052
17.588 980.518
18.056 980.112
18.586 979.854
19.164 979.762
19.744 979.854
19.744 974.39
19.404 974.39
19.404 972.736
19.744 972.736
19.744 974.39
32.422 974.39
32.423 973.249
32.422 972.736
19.744 972.736
19.744 967.338
19.164 967.428
18.586 967.338
18.056 967.078
17.588 966.672
17.196 966.138
16.939 965.589
16.714 964.799
16.66 964.192
16.708 963.198
16.898 962.474
17.196 961.836
17.588 961.302
18.056 960.896
18.586 960.636
19.164 960.546
19.744 960.637
19.744 955.172
19.404 955.172
19.404 953.518
19.744 953.518
19.744 955.172
32.422 955.172
32.423 954.031
32.422 953.518
19.744 953.518
19.744 948.12
19.164 948.212
18.586 948.12
18.056 947.862
17.588 947.456
17.196 946.922
16.939 946.371
16.714 945.581
16.66 944.974
16.708 943.982
16.898 943.258
17.196 942.618
17.588 942.084
18.056 941.678
18.586 941.42
19.164 941.328
19.744 941.42
19.744 930.406
63.188 930.406
63.188 941.42
63.766 941.328
64.346 941.42
64.876 941.678
65.344 942.084
65.672 942.531
66.024 943.238
66.024 946.276
65.736 946.922
65.344 947.456
64.876 947.862
64.346 948.12
63.766 948.212
63.188 948.12
63.188 953.518
63.528 953.518
63.528 955.172
63.188 955.172
63.188 953.518
50.51 953.518
50.51 955.172
63.188 955.172
63.188 960.637
63.766 960.546
64.346 960.636
64.876 960.896
65.344 961.302
65.672 961.749
66.024 962.455
66.024 965.494
65.736 966.138
65.344 966.672
64.876 967.078
64.346 967.338
63.766 967.428
63.188 967.338
63.188 972.736
63.528 972.736
63.528 974.39
63.188 974.39
63.188 972.736
50.51 972.736
50.51 974.39
63.188 974.39
63.188 979.854
63.766 979.762
64.346 979.854
64.876 980.112
65.344 980.518
65.672 980.965
66.024 981.672
66.024 984.71
65.736 985.356
65.344 985.89
64.876 986.296
64.346 986.554
63.766 986.646
63.188 986.554
63.188 991.952
63.528 991.952
63.528 993.606
63.188 993.606
63.188 991.952
50.51 991.952
50.51 993.606
63.188 993.606
63.188 999.07
63.766 998.98
64.346 999.07
64.876 999.33
65.344 999.736
65.672 1000.18
66.024 1000.89
66.024 1003.93
65.736 1004.57
65.344 1005.11
64.876 1005.51
64.346 1005.77
63.766 1005.86
63.188 1005.77
63.188 1013.52
62.812 1014.28
62.299 1015.21
61.85 1015.85
61.73 1016
61.227 1016.42
61.052 1016.57
60.542 1016.8
56.05 1016.85
55.219 1016.87
