0.3
0.7
144
49.273 1020.66
58.086 1020.66
58.086 1023.16
59.761 1023.16
59.761 1020.98
59.76 1020.66
64.71 1020.66
64.709 1023.24
71.389 1023.24
71.39 1017.84
72.774 1017.84
72.774 1013.52
73.456 1013.52
73.455 1011.07
73.539 1010.81
73.697 1010.64
74.365 1010.15
74.809 1009.64
76.344 1007.87
77.406 1005.77
78.74 1005.77
78.741 1005.83
79.195 1005.76
80.123 1005.68
81.087 1005.43
81.76 1005.12
81.939 1005.04
82.554 1004.59
82.554 1002.42
82.556 1000.37
82.554 1000.25
82.036 999.87
81.355 999.527
81.087 999.402
80.123 999.15
79.071 999.06
78.741 999.04
77.407 999.06
76.344 997.02
74.365 994.738
73.696 994.25
73.507 994.024
73.456 993.822
73.455 991.854
73.539 991.594
73.697 991.426
74.365 990.936
74.809 990.427
76.344 988.656
77.406 986.554
78.74 986.554
78.741 986.615
79.195 986.544
80.123 986.466
81.087 986.214
81.76 985.902
81.939 985.82
82.554 985.369
82.556 981.147
82.554 981.033
82.036 980.652
81.355 980.311
81.087 980.186
80.123 979.932
79.071 979.844
78.741 979.824
77.407 979.844
76.344 977.804
74.365 975.522
73.696 975.034
73.507 974.806
73.456 974.606
73.455 972.636
73.539 972.377
73.697 972.208
74.365 971.72
74.809 971.211
76.344 969.438
77.406 967.336
78.74 967.336
78.741 967.397
79.195 967.326
80.123 967.248
81.087 966.996
81.76 966.684
81.939 966.602
82.554 966.152
82.556 961.931
82.554 961.817
82.036 961.436
81.355 961.093
81.087 960.968
80.123 960.716
79.071 960.626
78.741 960.606
77.405 960.626
76.341 958.586
74.357 956.304
73.687 955.816
73.496 955.59
73.445 955.388
73.444 953.42
73.529 953.16
73.688 952.992
74.357 952.504
74.803 951.995
76.341 950.222
77.404 948.12
78.74 948.12
78.741 948.181
79.195 948.11
80.123 948.032
81.087 947.78
81.76 947.468
81.939 947.386
82.554 946.935
82.556 942.718
82.554 942.605
82.036 942.224
81.355 941.884
81.087 941.76
80.123 941.508
79.071 941.42
78.741 941.4
77.405 941.42
76.341 939.38
74.357 937.098
73.687 936.61
73.496 936.384
73.445 936.182
73.445 928.954
71.64 928.954
71.64 927.824
61.162 927.824
61.163 925.521
61.162 925.318
59.507 925.318
59.506 927.824
49.267 927.824
49.267 924.482
46.722 924.482
46.725 979.452
46.723 1024
49.273 1024
15
69.66 935.33
69.263 935.19
68.989 934.944
68.897 934.69
68.914 934.46
69.107 934.172
69.448 933.974
69.89 933.9
70.331 933.974
70.673 934.172
70.866 934.46
70.874 934.738
70.791 934.944
70.518 935.19
70.12 935.33
15
49.411 935.272
49.074 935.073
48.882 934.787
48.858 934.621
48.963 934.302
49.24 934.057
49.64 933.919
50.102 933.923
50.497 934.068
50.766 934.319
50.838 934.474
50.837 934.792
50.641 935.078
50.285 935.28
49.86 935.35
37
60.664 953.917
60.663 953.168
60.664 952.959
59.043 952.821
58.715 952.794
56.349 952.174
54.26 951.2
52.519 949.924
51.191 948.392
50.344 946.658
50.046 944.77
50.344 942.882
51.191 941.148
52.519 939.616
54.261 938.34
56.349 937.366
58.27 936.862
58.715 936.746
60.663 936.582
60.663 935.858
60.664 935.625
61.289 935.572
64.165 935.814
64.66 935.944
66.806 936.506
69.136 937.594
71.079 939.018
72.563 940.726
73.506 942.662
73.839 944.77
73.506 946.878
72.563 948.814
71.079 950.522
69.136 951.946
66.806 953.034
64.165 953.726
61.29 953.97
15
76.125 945.426
75.785 945.228
75.592 944.938
75.565 944.77
75.652 944.477
75.785 944.312
76.125 944.114
76.563 944.038
77.002 944.114
77.343 944.312
77.534 944.602
77.534 944.938
77.343 945.228
77.002 945.426
76.563 945.502
15
69.66 955.116
69.263 954.976
68.989 954.73
68.897 954.476
68.914 954.246
69.107 953.958
69.448 953.76
69.89 953.686
70.331 953.76
70.673 953.958
70.866 954.246
70.874 954.524
70.791 954.73
70.518 954.976
70.12 955.116
16
49.411 955.058
49.074 954.859
48.882 954.573
48.858 954.407
48.963 954.088
49.24 953.843
49.64 953.705
50.102 953.709
50.497 953.854
50.766 954.105
50.838 954.26
50.862 954.412
50.829 954.591
50.641 954.864
50.285 955.066
49.846 955.135
37
60.664 973.133
60.663 972.386
60.664 972.177
59.043 972.039
58.715 972.012
56.349 971.39
54.26 970.418
52.519 969.14
51.191 967.61
50.344 965.876
50.046 963.988
50.344 962.098
51.191 960.364
52.519 958.834
54.261 957.556
56.349 956.584
58.27 956.079
58.715 955.962
60.663 955.798
60.663 955.074
60.664 954.841
61.289 954.788
64.165 955.032
64.66 955.162
66.806 955.724
69.136 956.81
71.079 958.236
72.563 959.944
73.506 961.88
73.839 963.988
73.506 966.094
72.563 968.03
71.079 969.738
69.136 971.164
66.806 972.25
64.165 972.942
61.29 973.186
15
76.125 964.644
75.785 964.444
75.592 964.154
75.565 963.988
75.652 963.695
75.785 963.53
76.125 963.33
76.563 963.256
77.002 963.33
77.343 963.53
77.534 963.82
77.534 964.154
77.343 964.444
77.002 964.644
76.563 964.718
15
69.66 974.334
69.263 974.194
68.989 973.946
68.897 973.692
68.914 973.462
69.107 973.176
69.448 972.978
69.89 972.904
70.331 972.978
70.673 973.176
70.866 973.462
70.874 973.74
70.791 973.946
70.518 974.194
70.12 974.334
15
49.411 974.276
49.074 974.077
48.884 973.789
48.858 973.623
48.963 973.306
49.24 973.059
49.64 972.921
49.86 972.904
50.313 972.984
50.65 973.187
50.837 973.462
50.837 973.794
50.641 974.082
50.285 974.284
49.846 974.351
37
60.664 992.351
60.663 991.602
60.664 991.393
59.043 991.255
58.715 991.228
56.349 990.608
54.261 989.634
52.519 988.358
51.191 986.826
50.344 985.092
50.046 983.204
50.344 981.316
51.191 979.582
52.519 978.05
54.261 976.774
56.349 975.8
58.27 975.296
58.715 975.18
60.663 975.016
60.663 974.291
60.664 974.057
61.289 974.004
64.165 974.248
64.66 974.378
66.806 974.94
69.136 976.028
71.079 977.452
72.563 979.16
73.506 981.096
73.839 983.204
73.506 985.312
72.563 987.248
71.079 988.956
69.136 990.38
66.806 991.468
64.165 992.16
61.29 992.404
15
76.125 983.86
75.785 983.662
75.592 983.372
75.586 983.068
75.667 982.882
75.94 982.634
76.335 982.492
76.563 982.472
77.002 982.548
77.343 982.746
77.534 983.036
77.534 983.372
77.343 983.662
77.002 983.86
76.563 983.936
15
69.66 993.55
69.263 993.41
68.989 993.164
68.897 992.91
68.914 992.68
69.107 992.392
69.448 992.194
69.89 992.12
70.331 992.194
70.673 992.392
70.866 992.68
70.874 992.958
70.791 993.164
70.518 993.41
70.12 993.55
15
49.411 993.492
49.074 993.293
48.884 993.007
48.858 992.841
48.963 992.522
49.24 992.277
49.642 992.139
49.86 992.12
50.313 992.2
50.65 992.403
50.837 992.68
50.837 993.012
50.641 993.298
50.285 993.5
49.846 993.569
37
60.664 1011.57
60.663 1010.82
60.664 1010.61
59.043 1010.47
58.715 1010.45
56.349 1009.82
54.26 1008.85
52.519 1007.57
51.191 1006.04
50.344 1004.31
50.046 1002.42
50.344 1000.53
51.191 998.798
52.519 997.268
54.261 995.99
56.349 995.018
58.27 994.513
58.715 994.396
60.663 994.232
60.663 993.508
60.664 993.275
61.289 993.222
64.165 993.466
64.66 993.596
66.806 994.158
69.136 995.244
71.079 996.67
72.563 998.378
73.506 1000.31
73.839 1002.42
73.506 1004.53
72.563 1006.46
71.079 1008.17
69.136 1009.6
66.806 1010.68
64.165 1011.38
61.29 1011.62
15
76.335 1003.13
75.94 1002.99
75.667 1002.74
75.569 1002.45
75.592 1002.25
75.785 1001.96
76.125 1001.76
76.563 1001.69
77.001 1001.76
77.343 1001.96
77.534 1002.25
77.537 1002.57
77.459 1002.74
77.187 1002.99
76.793 1003.13
15
49.411 1012.71
49.074 1012.51
48.882 1012.22
48.858 1012.06
48.885 1011.89
49.084 1011.61
49.428 1011.41
49.86 1011.34
50.313 1011.42
50.65 1011.62
50.837 1011.9
50.837 1012.23
50.641 1012.52
50.285 1012.72
49.846 1012.78
15
69.66 1012.77
69.263 1012.63
68.989 1012.38
68.897 1012.13
68.914 1011.9
69.107 1011.61
69.448 1011.41
69.89 1011.34
70.331 1011.41
70.673 1011.61
70.866 1011.9
70.874 1012.17
70.791 1012.38
70.518 1012.63
70.12 1012.77
149
37.843 969.407
37.838 924.482
35.287 924.482
35.287 927.824
25.06 927.824
25.06 925.318
23.385 925.318
23.385 927.504
23.386 927.824
18.436 927.824
18.437 925.242
11.757 925.242
11.756 930.642
10.372 930.642
10.298 930.901
9.69 932.002
9.69 936.12
9.607 936.38
9.449 936.548
8.781 937.038
8.337 937.547
6.802 939.318
5.74 941.42
4.406 941.42
4.405 941.359
3.951 941.43
3.023 941.508
2.059 941.76
1.386 942.072
1.207 942.154
0.592 942.605
0.592 944.77
0.59 946.827
0.592 946.941
1.11 947.322
1.791 947.663
2.059 947.788
3.023 948.042
4.075 948.13
4.405 948.193
4.406 948.13
5.739 948.13
6.802 950.17
8.781 952.452
9.45 952.94
9.639 953.168
9.689 953.368
9.69 955.338
9.607 955.597
9.449 955.766
8.781 956.254
8.337 956.763
6.802 958.536
5.74 960.638
4.406 960.638
4.405 960.577
3.951 960.648
3.023 960.726
2.059 960.978
1.386 961.29
1.207 961.372
0.592 961.822
0.59 966.043
0.592 966.157
1.11 966.538
1.791 966.881
2.059 967.006
3.023 967.258
4.075 967.348
4.405 967.368
5.739 967.348
6.802 969.388
8.781 971.67
9.45 972.158
9.639 972.384
9.689 972.586
9.69 974.554
9.607 974.814
9.449 974.982
8.781 975.472
8.337 975.981
6.802 977.752
5.74 979.854
4.406 979.854
4.405 979.793
3.951 979.864
3.023 979.942
2.059 980.194
1.386 980.506
1.207 980.588
0.592 981.039
0.59 985.261
0.592 985.375
1.11 985.756
1.791 986.097
2.059 986.222
3.023 986.476
4.075 986.564
4.405 986.584
5.739 986.564
6.802 988.604
8.781 990.886
9.45 991.374
9.639 991.602
9.689 991.802
9.69 993.772
9.607 994.031
9.449 994.2
8.781 994.688
8.337 995.197
6.802 996.97
5.74 999.072
4.406 999.072
4.405 999.011
3.951 999.082
3.023 999.16
2.059 999.412
1.386 999.724
1.207 999.806
0.592 1000.26
0.59 1004.47
0.592 1004.59
1.11 1004.97
1.791 1005.31
2.059 1005.43
3.023 1005.68
4.075 1005.77
4.405 1005.79
5.739 1005.77
6.802 1007.81
8.781 1010.09
9.45 1010.58
9.639 1010.81
9.689 1011.01
9.689 1011.76
9.699 1012.46
9.7 1013.52
10.183 1013.52
10.183 1019.37
11.506 1019.37
11.506 1020.66
21.984 1020.66
21.983 1022.96
21.984 1023.16
23.639 1023.16
23.64 1020.66
35.293 1020.66
35.293 1024
37.841 1024
15
12.643 935.78
12.306 935.582
12.115 935.294
12.115 934.962
12.306 934.676
12.643 934.478
13.077 934.404
13.512 934.478
13.849 934.676
14.039 934.962
14.049 935.23
13.965 935.448
13.694 935.694
13.304 935.834
13.077 935.854
15
32.404 935.774
32.069 935.571
31.887 935.294
31.887 934.962
32.078 934.676
32.431 934.474
32.862 934.405
33.292 934.482
33.625 934.681
33.813 934.967
33.837 935.133
33.736 935.448
33.46 935.697
33.064 935.835
32.848 935.854
37
18.981 953.726
18.486 953.596
16.34 953.034
14.01 951.946
12.068 950.522
10.583 948.814
9.64 946.878
9.307 944.77
9.64 942.662
10.583 940.726
12.068 939.018
14.01 937.594
16.34 936.506
18.981 935.814
21.856 935.572
22.482 935.625
22.483 936.372
22.482 936.581
24.093 936.718
24.431 936.746
26.798 937.366
28.886 938.34
30.627 939.616
31.955 941.148
32.802 942.882
33.099 944.77
32.802 946.658
31.955 948.392
30.627 949.924
28.886 951.2
26.798 952.174
24.897 952.672
24.431 952.794
22.483 952.958
22.483 953.683
22.482 953.917
21.857 953.97
15
6.145 945.426
5.805 945.228
5.612 944.938
5.612 944.602
5.805 944.312
6.145 944.114
6.583 944.038
7.021 944.114
7.361 944.312
7.554 944.602
7.56 944.906
7.478 945.092
7.206 945.34
6.811 945.482
6.583 945.502
14
12.643 954.996
12.306 954.798
12.115 954.512
12.115 954.18
12.306 953.892
12.643 953.696
13.077 953.622
13.512 953.696
13.849 953.892
14.039 954.18
14.049 954.448
13.965 954.664
13.694 954.912
13.304 955.052
15
32.404 954.99
32.069 954.787
31.887 954.512
31.887 954.18
32.078 953.892
32.431 953.692
32.862 953.623
33.292 953.698
33.625 953.897
33.813 954.185
33.837 954.351
33.81 954.516
33.616 954.802
33.274 954.998
32.848 955.07
37
18.981 972.942
18.486 972.812
16.34 972.25
14.01 971.164
12.068 969.738
10.583 968.03
9.64 966.094
9.307 963.988
9.64 961.88
10.583 959.944
12.068 958.236
14.01 956.81
16.34 955.724
18.981 955.032
21.856 954.788
22.482 954.841
22.483 955.588
22.482 955.797
24.093 955.934
24.431 955.962
26.798 956.584
28.886 957.556
30.627 958.834
31.955 960.364
32.802 962.098
33.099 963.988
32.802 965.876
31.955 967.61
30.627 969.14
28.886 970.418
26.798 971.39
24.897 971.89
24.431 972.012
22.483 972.176
22.483 972.9
22.482 973.133
21.857 973.186
15
6.145 964.644
5.805 964.444
5.612 964.154
5.612 963.82
5.805 963.53
6.145 963.33
6.583 963.256
7.021 963.33
7.361 963.53
7.554 963.82
7.576 964.019
7.478 964.308
7.206 964.558
6.811 964.698
6.583 964.718
15
12.643 974.214
12.306 974.016
12.115 973.728
12.115 973.396
12.306 973.11
12.643 972.912
13.077 972.838
13.512 972.912
13.849 973.11
14.039 973.396
14.049 973.664
13.965 973.882
13.694 974.128
13.304 974.268
13.077 974.288
15
32.404 974.208
32.069 974.005
31.887 973.728
31.887 973.396
32.078 973.11
32.431 972.908
32.862 972.839
33.292 972.916
33.625 973.115
33.813 973.401
33.837 973.567
33.736 973.882
33.46 974.131
33.065 974.269
32.848 974.288
37
18.981 992.16
18.486 992.03
16.34 991.468
14.01 990.38
12.068 988.956
10.583 987.248
9.64 985.312
9.307 983.204
9.64 981.096
10.583 979.16
12.068 977.452
14.01 976.028
16.34 974.94
18.981 974.248
21.856 974.004
22.482 974.057
22.483 974.806
22.482 975.015
24.093 975.152
24.431 975.18
26.798 975.8
28.886 976.774
30.627 978.05
31.955 979.582
32.802 981.316
33.099 983.204
32.802 985.092
31.955 986.826
30.627 988.358
28.886 989.634
26.798 990.608
24.897 991.106
24.431 991.228
22.483 991.392
22.483 992.116
22.482 992.349
21.857 992.402
15
6.145 983.86
5.805 983.662
5.612 983.372
5.612 983.036
5.805 982.746
6.145 982.548
6.583 982.472
7.021 982.548
7.361 982.746
7.554 983.036
7.581 983.204
7.494 983.497
7.361 983.662
7.021 983.86
6.583 983.936
15
12.643 993.43
12.306 993.232
12.115 992.946
12.115 992.614
12.306 992.326
12.643 992.128
13.077 992.056
13.512 992.128
13.849 992.326
14.039 992.614
14.049 992.882
13.965 993.098
13.694 993.346
13.304 993.486
13.077 993.504
16
32.404 993.424
32.069 993.221
31.887 992.946
31.862 992.78
31.894 992.601
32.091 992.317
32.431 992.124
32.862 992.057
33.292 992.132
33.625 992.331
33.813 992.619
33.837 992.785
33.81 992.95
33.616 993.236
33.274 993.432
32.836 993.503
37
18.981 1011.38
18.486 1011.25
16.34 1010.68
14.01 1009.6
12.068 1008.17
10.583 1006.46
9.64 1004.53
9.307 1002.42
9.64 1000.31
10.583 998.378
12.068 996.67
14.01 995.244
16.34 994.158
18.981 993.466
21.856 993.222
22.482 993.275
22.483 994.022
22.482 994.231
24.093 994.368
24.431 994.396
26.798 995.018
28.886 995.99
30.627 997.268
31.955 998.798
32.802 1000.53
33.099 1002.42
32.802 1004.31
31.955 1006.04
30.627 1007.57
28.886 1008.85
26.798 1009.82
24.897 1010.32
24.431 1010.45
22.483 1010.61
22.483 1011.33
22.482 1011.57
21.857 1011.62
15
6.145 1003.08
5.805 1002.88
5.612 1002.59
5.612 1002.25
5.805 1001.96
6.145 1001.76
6.583 1001.69
7.021 1001.76
7.361 1001.96
7.554 1002.25
7.581 1002.42
7.494 1002.71
7.361 1002.88
7.021 1003.08
6.583 1003.15
15
32.404 1013.21
32.069 1013.01
31.887 1012.73
31.887 1012.4
32.078 1012.11
32.431 1011.91
32.848 1011.84
33.292 1011.92
33.625 1012.12
33.813 1012.4
33.837 1012.57
33.81 1012.74
33.616 1013.02
33.274 1013.22
32.836 1013.29
15
12.643 1013.22
12.306 1013.02
12.115 1012.73
12.115 1012.4
12.306 1012.11
12.643 1011.91
13.077 1011.84
13.512 1011.91
13.849 1012.11
14.039 1012.4
14.049 1012.67
13.965 1012.88
13.694 1013.13
13.304 1013.27
13.077 1013.29
6
79.071 939.746
79.071 932.37
79.049 932.041
78.969 931.791
78.742 931.507
78.742 939.812
8
4.405 932.836
4.404 932.797
4.162 933.112
4.09 933.377
4.076 933.937
4.075 936.87
4.075 939.746
4.404 939.812
6
79.071 958.94
79.071 949.794
78.742 949.728
78.74 950.511
78.741 958.747
78.741 959.003
6
4.406 958.247
4.405 950.011
4.405 949.754
4.075 949.816
4.075 958.964
4.404 959.03
6
79.071 978.158
79.071 969.01
78.742 968.944
78.74 969.727
78.741 977.963
78.741 978.22
6
4.406 977.463
4.405 969.227
4.405 968.971
4.075 969.034
4.075 978.18
4.404 978.246
6
79.071 997.374
79.071 988.228
78.742 988.162
78.74 988.945
78.741 997.181
78.741 997.437
6
4.406 996.681
4.405 988.445
4.405 988.188
4.075 988.25
4.075 997.398
4.404 997.464
8
78.984 1015.37
79.056 1015.11
79.07 1014.54
79.071 1011.61
79.071 1007.44
78.742 1007.38
78.74 1008.16
78.742 1015.68
6
4.404 1007.38
4.075 1007.44
4.075 1014.82
4.097 1015.15
4.177 1015.4
4.404 1015.68
