0.3
0.7
5
36.196 952.158
34.268 952.158
34.267 953.077
34.268 953.184
36.196 953.184
5
36.196 955.508
34.268 955.508
34.267 956.379
34.268 956.532
36.196 956.532
5
36.196 971.376
34.268 971.376
34.267 972.293
34.268 972.4
36.196 972.4
5
36.196 974.724
34.268 974.724
34.267 975.596
34.268 975.75
36.196 975.75
5
36.196 990.592
34.268 990.592
34.267 991.511
34.268 991.618
36.196 991.618
5
36.196 993.942
34.268 993.942
34.267 994.813
34.268 994.966
36.196 994.966
151
38.611 969.703
38.604 924.482
35.784 924.482
35.784 927.824
25.123 927.824
25.123 925.318
23.441 925.318
23.442 927.824
19.511 927.824
19.511 925.242
17.861 925.242
17.861 928.684
16.314 928.684
16.313 929.393
16.314 929.764
13.879 929.764
13.879 929.055
13.878 928.684
12.333 928.684
12.332 925.242
10.682 925.242
10.681 930.642
11.555 930.642
10.842 931.936
10.804 932.002
10.803 936.12
10.732 936.36
10.562 936.548
9.894 937.038
7.915 939.318
6.853 941.42
5.189 941.42
4.202 941.503
3.177 941.759
2.322 942.154
1.611 942.674
1.07 943.296
0.723 944
0.647 944.497
0.604 944.77
0.723 945.54
1.07 946.248
1.611 946.872
2.321 947.392
3.109 947.758
4.084 948.028
5.072 948.12
6.853 948.13
7.915 950.17
9.894 952.452
10.563 952.94
10.741 953.148
10.803 953.368
10.803 955.338
10.732 955.578
10.562 955.766
9.894 956.254
7.915 958.536
6.853 960.638
5.189 960.638
4.202 960.721
3.177 960.977
2.322 961.372
1.611 961.89
1.07 962.512
0.723 963.218
0.647 963.714
0.604 963.986
0.723 964.758
1.07 965.464
1.611 966.088
2.321 966.608
3.109 966.976
4.084 967.244
5.072 967.338
6.853 967.348
7.915 969.388
9.894 971.67
10.563 972.158
10.741 972.364
10.803 972.586
10.803 974.554
10.732 974.794
10.562 974.982
9.894 975.472
7.915 977.752
6.853 979.854
5.189 979.854
4.202 979.937
3.177 980.193
2.322 980.588
1.611 981.108
1.07 981.728
0.723 982.434
0.647 982.931
0.604 983.204
0.723 983.974
1.07 984.682
1.611 985.306
2.321 985.826
3.109 986.192
4.084 986.462
5.072 986.554
6.853 986.564
7.915 988.604
9.894 990.886
10.563 991.374
10.741 991.582
10.803 991.802
10.803 993.772
10.732 994.012
10.562 994.2
9.894 994.688
7.915 996.97
6.853 999.072
5.189 999.072
4.202 999.155
3.177 999.411
2.322 999.806
1.611 1000.32
1.07 1000.95
0.723 1001.65
0.647 1002.15
0.604 1002.42
0.723 1003.19
1.07 1003.9
1.611 1004.52
2.321 1005.04
3.109 1005.4
4.084 1005.67
5.072 1005.76
6.853 1005.77
7.915 1007.81
9.894 1010.09
10.563 1010.58
10.741 1010.79
10.803 1011.01
10.803 1012.11
10.817 1013.12
10.818 1013.52
11.002 1013.52
11.002 1019.37
11.506 1019.37
11.506 1020.66
22.053 1020.66
22.053 1023.16
23.703 1023.16
23.704 1020.66
35.791 1020.66
35.791 1024
38.606 1024
184
33.474 1016.87
33.474 1013.19
33.191 1013.02
33.001 1012.73
32.976 1012.56
33.002 1012.4
33.193 1012.11
33.474 1011.94
33.472 1010.6
33.474 1005.67
33.474 1005.21
33.069 1006.04
31.74 1007.57
29.999 1008.85
27.911 1009.82
25.545 1010.45
23.443 1010.62
22.969 1010.66
21.19 1010.51
21.191 1011.1
21.19 1011.47
20.096 1011.38
17.453 1010.68
15.123 1009.6
13.181 1008.17
11.697 1006.46
10.754 1004.53
10.421 1002.42
10.754 1000.31
11.697 998.378
13.181 996.67
15.123 995.244
17.453 994.158
20.095 993.466
21.19 993.373
21.19 994.033
21.189 994.329
22.66 994.203
22.969 994.178
25.545 994.396
27.911 995.018
29.999 995.99
31.74 997.268
33.068 998.798
33.474 999.628
33.475 993.405
33.191 993.231
33.001 992.944
32.975 992.78
33.002 992.612
33.193 992.325
33.474 992.154
33.474 985.996
33.069 986.826
31.74 988.358
29.999 989.634
27.911 990.608
25.545 991.228
23.443 991.406
22.969 991.446
21.19 991.296
21.191 991.887
21.19 992.252
20.096 992.16
17.453 991.468
15.123 990.38
13.181 988.956
11.697 987.248
10.754 985.312
10.421 983.204
10.754 981.096
11.697 979.16
13.181 977.452
15.123 976.028
17.453 974.94
20.095 974.248
21.19 974.155
21.19 974.816
21.189 975.113
22.66 974.987
22.969 974.962
25.545 975.18
27.911 975.8
29.999 976.774
31.74 978.05
33.068 979.582
33.474 980.412
33.475 974.444
33.475 974.189
33.191 974.015
33.001 973.726
32.976 973.56
33.002 973.394
33.193 973.109
33.474 972.938
33.474 966.78
33.069 967.61
31.74 969.14
29.999 970.418
27.911 971.39
25.545 972.012
23.443 972.19
22.969 972.23
21.19 972.08
21.191 972.67
21.19 973.035
20.096 972.942
17.453 972.25
15.123 971.164
13.181 969.738
11.697 968.03
10.754 966.094
10.421 963.988
10.754 961.88
11.697 959.944
13.181 958.236
15.123 956.81
17.453 955.724
20.095 955.032
21.19 954.939
21.19 955.599
21.189 955.895
22.66 955.769
22.969 955.744
25.545 955.962
27.911 956.584
29.999 957.556
31.74 958.834
33.068 960.364
33.474 961.194
33.475 954.971
33.191 954.797
33.001 954.51
32.976 954.344
33.002 954.178
33.193 953.891
33.474 953.722
33.474 947.562
33.069 948.392
31.74 949.924
29.999 951.2
27.911 952.174
25.545 952.794
23.443 952.972
22.969 953.012
21.19 952.862
21.191 953.453
21.19 953.819
20.096 953.726
17.453 953.034
15.123 951.946
13.181 950.522
11.697 948.814
10.754 946.878
10.421 944.77
10.754 942.662
11.697 940.726
13.181 939.018
15.123 937.594
17.453 936.506
20.095 935.814
21.19 935.722
21.19 936.383
21.189 936.679
22.66 936.553
22.969 936.528
25.545 936.746
27.911 937.366
29.999 938.34
31.74 939.616
33.068 941.148
33.474 941.978
33.475 935.755
33.191 935.581
33.001 935.292
32.976 935.126
33.002 934.96
33.193 934.675
33.474 934.504
33.474 930.406
36.878 930.406
36.879 986.463
36.878 987.028
36.878 1016.87
15
13.756 935.78
13.42 935.582
13.229 935.294
13.22 935.028
13.303 934.81
13.572 934.564
13.964 934.424
14.417 934.424
14.808 934.564
15.078 934.81
15.168 935.052
15.152 935.294
14.962 935.582
14.625 935.78
14.19 935.854
15
7.258 945.426
6.918 945.228
6.725 944.938
6.725 944.602
6.918 944.312
7.258 944.114
7.696 944.038
8.134 944.114
8.474 944.312
8.667 944.602
8.675 944.894
8.592 945.092
8.32 945.34
7.924 945.482
7.696 945.502
15
13.844 955.019
13.572 954.912
13.303 954.664
13.202 954.346
13.303 954.028
13.572 953.78
13.964 953.64
14.417 953.64
14.808 953.78
15.078 954.028
15.168 954.27
15.152 954.512
14.962 954.798
14.625 954.996
14.288 955.062
15
7.258 964.644
6.918 964.444
6.725 964.154
6.725 963.82
6.918 963.53
7.258 963.33
7.696 963.256
8.134 963.33
8.474 963.53
8.667 963.82
8.687 964.031
8.592 964.308
8.32 964.558
7.924 964.698
7.696 964.718
15
13.756 974.214
13.42 974.016
13.229 973.728
13.22 973.462
13.303 973.244
13.572 972.998
13.964 972.858
14.417 972.858
14.808 972.998
15.078 973.244
15.168 973.486
15.152 973.728
14.962 974.016
14.625 974.214
14.19 974.288
15
7.258 983.86
6.918 983.662
6.725 983.372
6.725 983.036
6.918 982.746
7.258 982.548
7.696 982.472
8.134 982.548
8.474 982.746
8.667 983.036
8.694 983.204
8.612 983.486
8.474 983.662
8.134 983.86
7.696 983.936
15
13.756 993.43
13.42 993.232
13.229 992.946
13.22 992.68
13.303 992.462
13.572 992.214
13.964 992.074
14.417 992.074
14.808 992.214
15.078 992.462
15.168 992.704
15.152 992.946
14.962 993.232
14.625 993.43
14.19 993.504
15
7.258 1003.08
6.918 1002.88
6.725 1002.59
6.725 1002.25
6.918 1001.96
7.258 1001.76
7.696 1001.69
8.134 1001.76
8.474 1001.96
8.667 1002.25
8.694 1002.42
8.612 1002.7
8.474 1002.88
8.134 1003.08
7.696 1003.15
15
13.756 1013.22
13.42 1013.02
13.229 1012.73
13.22 1012.47
13.303 1012.25
13.572 1012
13.964 1011.86
14.417 1011.86
14.808 1012
15.078 1012.25
15.168 1012.49
15.152 1012.73
14.962 1013.02
14.625 1013.22
14.19 1013.29
149
48.776 1020.66
58.023 1020.66
58.023 1023.16
59.705 1023.16
59.704 1020.66
63.635 1020.66
63.635 1023.24
65.285 1023.24
65.285 1019.8
66.832 1019.8
66.833 1019.09
66.832 1018.72
69.267 1018.72
69.267 1019.43
69.268 1019.8
70.813 1019.8
70.814 1023.24
72.464 1023.24
72.465 1017.84
71.591 1017.84
71.579 1013.52
72.341 1013.52
72.341 1011.07
72.414 1010.83
72.584 1010.64
73.252 1010.15
75.231 1007.87
76.293 1005.77
77.957 1005.77
78.944 1005.69
79.969 1005.43
80.824 1005.04
81.534 1004.52
82.076 1003.9
82.423 1003.19
82.499 1002.69
82.542 1002.42
82.423 1001.65
82.076 1000.94
81.535 1000.32
80.825 999.8
80.037 999.432
79.062 999.164
78.074 999.07
76.293 999.06
75.231 997.02
73.252 994.738
72.583 994.25
72.405 994.044
72.342 993.822
72.341 991.854
72.414 991.614
72.584 991.426
73.252 990.936
75.231 988.656
76.293 986.554
77.957 986.554
78.944 986.471
79.969 986.215
80.824 985.82
81.535 985.3
82.076 984.68
82.423 983.974
82.499 983.477
82.542 983.204
82.423 982.434
82.076 981.726
81.534 981.102
80.825 980.582
80.037 980.216
79.062 979.946
78.074 979.854
76.293 979.844
75.231 977.804
73.252 975.522
72.583 975.034
72.405 974.826
72.342 974.606
72.341 972.636
72.414 972.396
72.584 972.208
73.252 971.72
75.231 969.438
76.293 967.336
77.957 967.336
78.944 967.253
79.969 966.997
80.824 966.602
81.534 966.084
82.076 965.462
82.423 964.756
82.499 964.26
82.542 963.988
82.423 963.216
82.076 962.51
81.535 961.886
80.825 961.366
80.037 960.998
79.062 960.73
78.074 960.636
76.287 960.626
75.224 958.586
73.239 956.304
72.569 955.816
72.389 955.61
72.327 955.388
72.326 953.42
72.4 953.18
72.57 952.992
73.239 952.503
73.93 951.714
75.224 950.222
76.287 948.12
77.955 948.12
78.942 948.037
79.969 947.781
80.824 947.386
81.534 946.866
82.076 946.246
82.423 945.54
82.499 945.043
82.542 944.77
82.423 944
82.076 943.296
81.535 942.674
80.825 942.154
80.037 941.79
79.062 941.522
78.072 941.43
76.287 941.42
75.224 939.38
73.239 937.098
72.569 936.61
72.389 936.404
72.327 936.182
72.328 929.397
72.327 928.954
71.64 928.954
71.64 927.824
61.093 927.824
61.093 925.318
59.443 925.318
59.442 927.824
48.769 927.824
48.769 924.482
45.957 924.482
45.958 979.452
45.957 1024
48.776 1024
247
47.083 1016.87
47.083 994.966
46.736 994.966
46.736 993.942
47.083 993.942
47.083 994.966
48.664 994.966
48.665 994.049
48.664 993.942
47.083 993.942
47.083 991.618
46.736 991.618
46.736 990.592
47.083 990.592
47.083 991.618
48.664 991.618
48.665 990.746
48.664 990.592
47.083 990.592
47.083 975.75
46.736 975.75
46.736 974.724
47.083 974.724
47.083 975.75
48.664 975.75
48.665 974.831
48.664 974.724
47.083 974.724
47.083 972.4
46.736 972.4
46.736 971.376
47.083 971.376
47.083 972.4
48.664 972.4
48.665 971.529
48.664 971.376
47.083 971.376
47.083 960.817
47.084 960.246
47.084 956.532
46.736 956.532
46.736 955.508
47.084 955.508
47.084 956.532
48.664 956.532
48.665 955.615
48.664 955.508
47.084 955.508
47.084 953.184
46.736 953.184
46.736 952.158
47.084 952.158
47.084 953.184
48.664 953.184
48.665 952.312
48.664 952.158
47.084 952.158
47.084 930.406
49.206 930.406
49.21 934
49.495 934.173
49.69 934.462
49.715 934.628
49.688 934.794
49.492 935.079
49.21 935.25
49.208 942.882
49.209 943.01
49.231 942.879
50.078 941.148
51.406 939.616
53.148 938.34
55.236 937.366
57.602 936.746
59.725 936.566
60.177 936.528
61.956 936.678
61.955 936.087
61.956 935.722
63.05 935.814
65.693 936.506
68.023 937.594
69.966 939.018
71.449 940.726
72.392 942.662
72.725 944.77
72.392 946.878
71.449 948.814
69.966 950.522
68.023 951.946
65.693 953.034
63.051 953.726
61.956 953.819
61.956 953.158
61.957 952.861
60.477 952.988
60.177 953.012
57.602 952.794
55.236 952.174
53.147 951.2
51.406 949.924
50.078 948.392
49.23 946.658
49.209 946.53
49.209 953.785
49.495 953.959
49.69 954.248
49.716 954.412
49.688 954.58
49.492 954.865
49.21 955.036
49.208 962.098
49.209 962.226
49.231 962.095
50.078 960.364
51.406 958.834
53.148 957.556
55.236 956.584
57.602 955.962
59.725 955.782
60.177 955.744
61.956 955.894
61.955 955.304
61.956 954.939
63.05 955.032
65.693 955.724
68.023 956.81
69.966 958.236
71.449 959.944
72.392 961.88
72.725 963.988
72.392 966.094
71.449 968.03
69.966 969.738
68.023 971.164
65.693 972.25
63.051 972.942
61.956 973.035
61.956 972.375
61.957 972.079
60.477 972.206
60.177 972.23
57.602 972.012
55.236 971.39
53.147 970.418
51.406 969.14
50.078 967.61
49.23 965.876
49.209 965.748
49.209 973.003
49.495 973.177
49.69 973.464
49.715 973.63
49.688 973.796
49.492 974.083
49.21 974.254
49.208 981.289
49.209 981.444
49.231 981.313
50.078 979.582
51.406 978.05
53.148 976.774
55.236 975.8
57.602 975.18
59.725 975
60.177 974.962
61.956 975.112
61.955 974.521
61.956 974.155
63.05 974.248
65.693 974.94
68.023 976.028
69.966 977.452
71.449 979.16
72.392 981.096
72.725 983.204
72.392 985.312
71.449 987.248
69.966 988.956
68.023 990.38
65.693 991.468
63.051 992.16
61.956 992.253
61.956 991.592
61.957 991.295
60.477 991.422
60.177 991.446
57.602 991.228
55.236 990.608
53.148 989.634
51.406 988.358
50.078 986.826
49.23 985.092
49.209 984.964
49.209 992.219
49.495 992.393
49.69 992.682
49.715 992.848
49.688 993.014
49.492 993.299
49.21 993.47
49.208 1000.51
49.209 1000.66
49.231 1000.53
50.078 998.798
51.406 997.268
53.148 995.99
55.236 995.018
57.602 994.396
59.725 994.216
60.177 994.178
61.956 994.328
61.955 993.738
61.956 993.373
63.05 993.466
65.693 994.158
68.023 995.244
69.966 996.67
71.449 998.378
72.392 1000.31
72.725 1002.42
72.392 1004.53
71.449 1006.46
69.966 1008.17
68.023 1009.6
65.693 1010.68
63.051 1011.38
61.956 1011.47
61.956 1010.81
61.957 1010.51
60.477 1010.64
60.177 1010.66
57.602 1010.45
55.236 1009.82
53.147 1008.85
51.406 1007.57
50.078 1006.04
49.23 1004.31
49.209 1004.18
49.209 1011.44
49.495 1011.61
49.69 1011.9
49.715 1012.06
49.688 1012.23
49.492 1012.52
49.21 1012.69
49.206 1016.87
15
68.511 935.33
68.114 935.19
67.84 934.944
67.749 934.702
67.765 934.46
67.958 934.172
68.299 933.974
68.741 933.9
69.182 933.974
69.523 934.172
69.717 934.46
69.727 934.726
69.642 934.944
69.369 935.19
68.971 935.33
15
75.012 945.426
74.672 945.228
74.479 944.938
74.452 944.77
74.534 944.488
74.672 944.312
75.012 944.114
75.45 944.038
75.888 944.114
76.229 944.312
76.421 944.602
76.421 944.938
76.229 945.228
75.888 945.426
75.45 945.502
15
68.511 955.116
68.114 954.976
67.84 954.73
67.749 954.488
67.765 954.246
67.958 953.958
68.299 953.76
68.741 953.686
69.182 953.76
69.523 953.958
69.717 954.246
69.727 954.512
69.642 954.73
69.369 954.976
68.971 955.116
15
75.012 964.644
74.672 964.444
74.479 964.154
74.452 963.988
74.534 963.706
74.672 963.53
75.012 963.33
75.45 963.256
75.888 963.33
76.229 963.53
76.421 963.82
76.421 964.154
76.229 964.444
75.888 964.644
75.45 964.718
15
68.511 974.334
68.114 974.194
67.84 973.946
67.749 973.704
67.765 973.462
67.958 973.176
68.299 972.978
68.741 972.904
69.182 972.978
69.523 973.176
69.717 973.462
69.727 973.728
69.642 973.946
69.369 974.194
68.971 974.334
15
75.012 983.86
74.672 983.662
74.479 983.372
74.471 983.08
74.554 982.882
74.826 982.634
75.222 982.492
75.45 982.472
75.888 982.548
76.229 982.746
76.421 983.036
76.421 983.372
76.229 983.662
75.888 983.86
75.45 983.936
15
68.511 993.55
68.114 993.41
67.84 993.164
67.749 992.922
67.765 992.68
67.958 992.392
68.299 992.194
68.741 992.12
69.182 992.194
69.523 992.392
69.717 992.68
69.727 992.946
69.642 993.164
69.369 993.41
68.971 993.55
15
75.012 1003.08
74.672 1002.88
74.479 1002.59
74.471 1002.3
74.554 1002.1
74.826 1001.85
75.222 1001.71
75.45 1001.69
75.888 1001.76
76.229 1001.96
76.421 1002.25
76.421 1002.59
76.229 1002.88
75.888 1003.08
75.45 1003.15
15
68.511 1012.77
68.114 1012.63
67.84 1012.38
67.749 1012.14
67.765 1011.9
67.958 1011.61
68.299 1011.41
68.741 1011.34
69.182 1011.41
69.523 1011.61
69.717 1011.9
69.727 1012.16
69.642 1012.38
69.369 1012.63
68.971 1012.77
