0.3
0.7
315
17.119 1022.91
17.119 1021.17
18.551 1021.17
18.551 1022.91
18.817 1023.16
20.142 1023.16
20.142 1020.66
24.986 1020.66
24.986 1022.74
24.987 1023.16
25.727 1023.16
25.995 1022.91
25.996 1021.56
26.02 1021.17
27.441 1021.17
27.44 1022.52
27.441 1022.91
27.707 1023.16
28.686 1023.16
28.685 1020.73
28.686 1020.66
53.042 1020.66
53.043 1023.1
53.046 1023.16
54.22 1023.16
54.487 1022.91
54.488 1021.56
54.487 1021.17
55.932 1021.17
55.932 1022.52
55.933 1022.91
56.199 1023.16
56.76 1023.16
56.76 1021.11
56.759 1020.66
61.585 1020.66
61.584 1023.16
63.109 1023.16
63.377 1022.91
63.377 1021.17
64.807 1021.17
64.807 1022.91
65.074 1023.16
66.198 1023.16
66.197 1022.14
66.198 1013.52
67.538 1013.52
67.538 1011.07
67.596 1010.77
68.026 1010.15
69.092 1007.87
69.662 1005.77
70.556 1005.77
71.12 1005.68
71.64 1005.43
72.096 1005.04
72.478 1004.52
72.77 1003.9
72.956 1003.19
73.02 1002.42
72.956 1001.65
72.77 1000.94
72.478 1000.32
72.096 999.8
71.64 999.402
71.12 999.15
70.556 999.06
69.662 999.06
69.092 997.02
68.028 994.738
67.668 994.25
67.552 993.982
67.538 993.452
67.538 991.854
67.596 991.552
68.028 990.936
69.092 988.656
69.662 986.554
70.556 986.554
71.12 986.466
71.64 986.214
72.096 985.82
72.478 985.3
72.77 984.68
72.956 983.974
73.02 983.204
72.956 982.434
72.77 981.726
72.478 981.102
72.096 980.582
71.64 980.188
71.12 979.934
70.556 979.846
69.662 979.846
69.092 977.806
68.028 975.524
67.668 975.036
67.552 974.766
67.538 974.236
67.538 972.638
67.596 972.336
68.028 971.722
69.092 969.44
69.662 967.338
70.556 967.338
71.12 967.25
71.64 966.999
72.096 966.602
72.478 966.084
72.77 965.462
72.956 964.756
73.02 963.988
72.956 963.216
72.77 962.51
72.478 961.886
72.096 961.366
71.64 960.968
71.12 960.716
70.556 960.626
69.634 960.626
69.062 958.586
67.996 956.304
67.636 955.816
67.52 955.548
67.504 955.018
67.505 953.42
67.563 953.118
67.996 952.502
69.062 950.222
69.634 948.12
70.536 948.12
71.112 948.033
71.634 947.781
72.089 947.387
72.474 946.867
72.768 946.249
72.954 945.54
73.02 944.77
72.954 944
72.768 943.296
72.474 942.674
72.088 942.154
71.631 941.76
71.108 941.508
70.536 941.42
69.634 941.42
69.062 939.38
67.994 937.098
67.634 936.61
67.52 936.34
67.503 935.812
67.504 935.198
67.502 929.872
71.64 929.872
71.64 927.824
67.618 927.824
67.618 925.318
66.292 925.318
66.025 925.568
66.025 927.314
64.595 927.314
64.595 925.568
64.329 925.318
63.004 925.318
63.004 927.824
58.16 927.824
58.16 925.742
58.159 925.318
57.419 925.318
57.151 925.568
57.15 926.923
57.126 927.314
55.705 927.314
55.706 925.959
55.705 925.568
55.439 925.318
54.46 925.318
54.461 927.756
54.46 927.824
30.104 927.824
30.103 925.386
30.1 925.318
28.926 925.318
28.659 925.568
28.658 926.923
28.659 927.314
27.214 927.314
27.214 925.959
27.213 925.568
26.947 925.318
26.386 925.318
26.386 927.377
26.387 927.824
21.561 927.824
21.562 925.318
20.037 925.318
19.769 925.568
19.769 927.314
18.339 927.314
18.339 925.568
18.073 925.318
16.948 925.318
16.949 926.342
16.948 935.136
15.608 935.136
15.608 936.12
15.55 936.422
15.118 937.038
14.054 939.318
13.484 941.42
12.59 941.42
12.024 941.508
11.509 941.76
11.051 942.154
10.668 942.674
10.376 943.296
10.19 944
10.126 944.77
10.19 945.54
10.375 946.253
10.668 946.872
11.05 947.392
11.507 947.788
12.024 948.042
12.59 948.13
13.484 948.13
14.054 950.17
15.118 952.452
15.478 952.94
15.594 953.21
15.608 953.739
15.608 955.338
15.55 955.64
15.118 956.254
14.054 958.536
13.484 960.638
12.59 960.638
12.024 960.726
11.506 960.978
11.05 961.372
10.668 961.89
10.376 962.512
10.19 963.218
10.126 963.988
10.19 964.758
10.376 965.464
10.668 966.088
11.05 966.608
11.506 967.004
12.024 967.256
12.59 967.346
13.484 967.346
14.054 969.386
15.118 971.668
15.478 972.156
15.594 972.424
15.608 972.955
15.608 974.552
15.55 974.854
15.118 975.469
14.054 977.75
13.484 979.852
12.59 979.852
12.024 979.94
11.506 980.192
11.05 980.588
10.668 981.108
10.376 981.728
10.19 982.434
10.126 983.204
10.19 983.974
10.376 984.682
10.668 985.306
11.05 985.826
11.506 986.222
12.024 986.476
12.59 986.564
13.512 986.564
14.084 988.604
15.15 990.886
15.51 991.374
15.626 991.644
15.641 992.173
15.641 993.772
15.583 994.074
15.15 994.688
14.084 996.97
13.512 999.072
12.61 999.072
12.038 999.16
11.515 999.412
11.058 999.806
10.672 1000.32
10.378 1000.95
10.192 1001.65
10.126 1002.42
10.192 1003.19
10.378 1003.9
10.672 1004.52
11.058 1005.04
11.515 1005.43
12.038 1005.68
12.61 1005.77
13.512 1005.77
14.084 1007.81
15.152 1010.09
15.512 1010.58
15.626 1010.85
15.643 1012.42
15.644 1018.61
11.506 1018.61
11.506 1020.66
15.528 1020.66
15.528 1023.16
16.854 1023.16
210
22.388 1016.8
21.88 1016.57
21.202 1016
20.772 1015.44
20.318 1014.68
19.744 1013.52
19.744 1005.77
19.164 1005.86
18.586 1005.77
18.056 1005.51
17.588 1005.11
17.196 1004.57
16.898 1003.93
16.708 1003.21
16.642 1002.42
16.698 1001.74
16.873 1001
17.162 1000.34
17.55 999.788
18.018 999.363
18.55 999.088
19.131 998.986
19.744 999.07
19.744 993.606
19.404 993.606
19.404 991.952
19.744 991.952
19.744 993.606
22.25 993.606
22.25 991.973
19.755 991.952
19.744 991.952
19.744 986.554
19.164 986.646
18.586 986.554
18.056 986.296
17.588 985.89
17.196 985.356
16.898 984.716
16.708 983.992
16.642 983.204
16.698 982.52
16.873 981.783
17.162 981.124
17.55 980.57
18.018 980.145
18.55 979.872
19.131 979.768
19.715 979.849
19.744 979.854
19.744 974.39
19.404 974.39
19.404 972.736
19.744 972.736
19.744 974.39
22.25 974.39
22.25 972.757
19.755 972.736
19.744 972.736
19.744 967.337
19.164 967.428
18.586 967.338
18.056 967.078
17.588 966.672
17.196 966.138
16.898 965.5
16.708 964.776
16.642 963.988
16.698 963.302
16.873 962.565
17.162 961.908
17.55 961.354
18.018 960.929
18.55 960.654
19.131 960.552
19.715 960.633
19.744 960.638
19.744 955.172
19.404 955.172
19.404 953.518
19.744 953.518
19.744 955.172
22.25 955.172
22.25 953.539
19.755 953.518
19.744 953.518
19.744 948.12
19.164 948.212
18.586 948.12
18.056 947.862
17.588 947.456
17.196 946.922
16.898 946.282
16.708 945.558
16.642 944.77
16.698 944.086
16.873 943.349
17.162 942.69
17.55 942.136
18.018 941.711
18.55 941.438
19.131 941.334
19.715 941.415
19.744 941.42
19.744 930.406
63.188 930.406
63.188 941.42
63.766 941.328
64.346 941.42
64.876 941.678
65.344 942.084
65.736 942.618
66.034 943.258
66.224 943.982
66.29 944.77
66.235 945.433
66.063 946.173
65.776 946.838
65.387 947.397
64.918 947.825
64.386 948.1
63.802 948.205
63.219 948.126
63.188 948.12
63.188 953.518
63.528 953.518
63.528 955.172
63.188 955.169
63.188 953.518
60.682 953.518
60.682 955.151
63.188 955.169
63.188 960.638
63.766 960.546
64.346 960.636
64.876 960.896
65.344 961.302
65.736 961.836
66.034 962.474
66.224 963.198
66.29 963.987
66.235 964.651
66.063 965.391
65.776 966.054
65.387 966.613
64.918 967.041
64.386 967.318
63.802 967.422
63.219 967.344
63.188 967.338
63.188 972.736
63.528 972.736
63.528 974.39
63.188 974.387
63.188 972.736
60.682 972.736
60.682 974.369
63.188 974.387
63.188 979.854
63.766 979.762
64.346 979.854
64.876 980.112
65.344 980.518
65.736 981.052
66.034 981.692
66.224 982.416
66.29 983.204
66.235 983.867
66.063 984.607
65.776 985.272
65.387 985.831
64.918 986.259
64.386 986.534
63.802 986.639
63.219 986.56
63.188 986.554
63.188 991.952
63.528 991.952
63.528 993.606
63.188 993.603
63.188 991.952
60.682 991.952
60.682 993.585
63.188 993.603
63.188 999.07
63.766 998.98
64.346 999.07
64.876 999.33
65.344 999.736
65.736 1000.27
66.034 1000.91
66.224 1001.63
66.29 1002.42
66.235 1003.09
66.063 1003.83
65.776 1004.49
65.387 1005.05
64.918 1005.48
64.386 1005.75
63.802 1005.86
63.219 1005.78
63.188 1005.77
63.188 1013.52
62.64 1014.63
62.179 1015.41
61.746 1015.98
61.076 1016.55
60.558 1016.8
54.99 1016.87
23.19 1016.87
