0.3
0.7
27
47.802 943.464
47.803 942.551
47.579 942.446
47.199 942.168
46.909 941.832
46.724 941.454
46.658 941.04
46.724 940.628
46.909 940.248
47.199 939.914
47.579 939.634
47.802 939.531
47.802 937.76
47.184 937.924
46.413 938.255
46.188 938.36
45.718 938.704
45.461 938.892
44.908 939.53
44.555 940.254
44.43 941.04
44.554 941.828
44.907 942.55
45.46 943.188
46.187 943.72
47.057 944.126
47.802 944.32
27
37.384 944.158
38.155 943.826
38.38 943.72
38.85 943.376
39.106 943.188
39.658 942.55
40.011 941.828
40.137 941.04
40.013 940.254
39.66 939.53
39.107 938.892
38.381 938.36
37.511 937.956
36.766 937.76
36.766 939.073
36.765 939.53
36.998 939.64
37.388 939.935
37.677 940.284
37.852 940.675
37.9 941.089
37.823 941.496
37.632 941.862
37.346 942.184
36.978 942.45
36.766 942.55
36.766 944.32
27
47.802 951.04
47.803 950.128
47.579 950.024
47.199 949.744
46.909 949.41
46.724 949.03
46.658 948.616
46.724 948.204
46.909 947.824
47.199 947.49
47.579 947.21
47.802 947.107
47.802 945.336
47.184 945.5
46.413 945.832
46.188 945.938
45.718 946.282
45.461 946.47
44.908 947.108
44.555 947.83
44.43 948.616
44.554 949.404
44.907 950.126
45.46 950.764
46.187 951.296
47.057 951.702
47.802 951.896
27
37.384 951.734
38.155 951.402
38.38 951.296
38.85 950.952
39.106 950.764
39.658 950.126
40.011 949.404
40.137 948.616
40.013 947.83
39.66 947.108
39.107 946.47
38.381 945.938
37.511 945.532
36.766 945.336
36.766 946.649
36.765 947.106
36.998 947.216
37.388 947.511
37.677 947.86
37.852 948.251
37.9 948.665
37.823 949.072
37.632 949.44
37.346 949.76
36.978 950.028
36.766 950.127
36.766 951.896
5
56.172 953.602
53.76 953.602
53.76 955.128
53.759 955.418
56.172 955.418
5
38.688 953.602
35.706 953.602
35.707 955.128
35.706 955.418
38.689 955.418
5
48.873 953.892
48.874 953.602
45.879 953.602
45.88 955.418
48.873 955.418
5
30.82 953.892
30.821 953.602
26.974 953.602
26.974 955.418
30.821 955.418
27
37.384 963.364
38.155 963.032
38.38 962.926
38.85 962.582
39.106 962.394
39.658 961.756
40.011 961.032
40.137 960.246
40.013 959.458
39.66 958.736
39.107 958.098
38.381 957.566
37.511 957.16
36.766 956.966
36.766 958.277
36.765 958.735
36.998 958.846
37.388 959.139
37.677 959.49
37.852 959.879
37.9 960.295
37.823 960.7
37.632 961.068
37.346 961.388
36.978 961.656
36.766 961.755
36.766 963.526
27
47.802 962.669
47.803 961.756
47.579 961.652
47.199 961.372
46.909 961.038
46.724 960.658
46.658 960.246
46.724 959.832
46.909 959.454
47.199 959.118
47.579 958.84
47.802 958.736
47.802 956.966
47.184 957.128
46.413 957.46
46.188 957.566
45.718 957.91
45.461 958.098
44.908 958.736
44.555 959.458
44.43 960.246
44.554 961.032
44.907 961.756
45.46 962.394
46.187 962.926
47.057 963.332
47.802 963.526
27
37.384 970.94
38.155 970.608
38.38 970.502
38.85 970.158
39.106 969.97
39.658 969.332
40.011 968.61
40.137 967.822
40.013 967.036
39.66 966.312
39.107 965.674
38.381 965.142
37.511 964.736
36.766 964.542
36.766 965.854
36.765 966.312
36.998 966.422
37.388 966.717
37.677 967.066
37.852 967.457
37.9 967.871
37.823 968.278
37.632 968.644
37.346 968.966
36.978 969.232
36.766 969.332
36.766 971.102
27
47.802 970.245
47.803 969.333
47.579 969.228
47.199 968.95
46.909 968.614
46.724 968.236
46.658 967.822
46.724 967.41
46.909 967.03
47.199 966.696
47.579 966.416
47.802 966.313
47.802 964.542
47.184 964.704
46.413 965.036
46.188 965.142
45.718 965.486
45.461 965.674
44.908 966.312
44.555 967.036
44.43 967.822
44.554 968.61
44.907 969.332
45.46 969.97
46.187 970.502
47.057 970.908
47.802 971.102
5
30.82 973.11
30.821 972.82
26.974 972.82
26.974 974.636
30.821 974.636
5
48.873 973.11
48.874 972.82
45.879 972.82
45.88 974.636
48.873 974.636
5
38.688 972.82
35.706 972.82
35.707 974.346
35.706 974.636
38.689 974.636
5
56.172 972.82
53.76 972.82
53.76 974.346
53.759 974.636
56.172 974.636
27
37.384 982.568
38.155 982.236
38.38 982.13
38.85 981.786
39.106 981.598
39.658 980.96
40.011 980.238
40.137 979.452
40.013 978.664
39.66 977.942
39.107 977.304
38.381 976.772
37.511 976.366
36.766 976.172
36.766 977.483
36.765 977.941
36.998 978.052
37.388 978.345
37.677 978.694
37.852 979.085
37.9 979.501
37.823 979.906
37.632 980.274
37.346 980.594
36.978 980.862
36.766 980.961
36.766 982.732
27
47.802 981.874
47.803 980.962
47.579 980.858
47.199 980.578
46.909 980.244
46.724 979.864
46.658 979.452
46.724 979.038
46.909 978.658
47.199 978.324
47.579 978.046
47.802 977.942
47.802 976.172
47.184 976.334
46.413 976.666
46.188 976.772
45.718 977.116
45.461 977.304
44.908 977.942
44.555 978.664
44.43 979.452
44.554 980.238
44.907 980.96
45.46 981.598
46.187 982.13
47.057 982.536
47.802 982.732
27
37.384 990.146
38.155 989.814
38.38 989.708
38.85 989.364
39.106 989.176
39.658 988.538
40.011 987.814
40.137 987.028
40.013 986.24
39.66 985.518
39.107 984.88
38.381 984.348
37.511 983.942
36.766 983.748
36.766 985.059
36.765 985.517
36.998 985.628
37.388 985.921
37.677 986.272
37.852 986.661
37.9 987.077
37.823 987.482
37.632 987.85
37.346 988.17
36.978 988.438
36.766 988.537
36.766 990.308
27
47.802 989.451
47.803 988.538
47.579 988.434
47.199 988.154
46.909 987.82
46.724 987.44
46.658 987.028
46.724 986.614
46.909 986.236
47.199 985.9
47.579 985.622
47.802 985.518
47.802 983.748
47.184 983.91
46.413 984.242
46.188 984.348
45.718 984.692
45.461 984.88
44.908 985.518
44.555 986.24
44.43 987.028
44.554 987.814
44.907 988.538
45.46 989.176
46.187 989.708
47.057 990.114
47.802 990.308
5
56.172 992.024
53.76 992.024
53.76 993.55
53.759 993.84
56.172 993.84
5
38.688 992.024
35.706 992.024
35.707 993.55
35.706 993.84
38.689 993.84
5
48.873 992.314
48.874 992.024
45.879 992.024
45.88 993.84
48.873 993.84
5
30.82 992.314
30.821 992.024
26.974 992.024
26.974 993.84
30.821 993.84
27
47.802 1001.08
47.803 1000.17
47.579 1000.06
47.199 999.784
46.909 999.448
46.724 999.07
46.658 998.656
46.724 998.244
46.909 997.864
47.199 997.53
47.579 997.25
47.802 997.147
47.802 995.376
47.184 995.54
46.413 995.871
46.188 995.976
45.718 996.32
45.461 996.508
44.908 997.146
44.555 997.87
44.43 998.656
44.554 999.444
44.907 1000.17
45.46 1000.8
46.187 1001.34
47.057 1001.74
47.802 1001.94
27
37.384 1001.77
38.155 1001.44
38.38 1001.34
38.85 1000.99
39.106 1000.8
39.658 1000.17
40.011 999.444
40.137 998.656
40.013 997.87
39.66 997.146
39.107 996.508
38.381 995.976
37.511 995.572
36.766 995.376
36.766 996.689
36.765 997.146
36.998 997.256
37.388 997.551
37.677 997.9
37.852 998.291
37.9 998.705
37.823 999.112
37.632 999.478
37.346 999.8
36.978 1000.07
36.766 1000.17
36.766 1001.94
27
37.384 1009.35
38.155 1009.02
38.38 1008.91
38.85 1008.57
39.106 1008.38
39.658 1007.74
40.011 1007.02
40.137 1006.23
40.013 1005.45
39.66 1004.72
39.107 1004.09
38.381 1003.55
37.511 1003.15
36.766 1002.95
36.766 1004.26
36.765 1004.72
36.998 1004.83
37.388 1005.13
37.677 1005.48
37.852 1005.87
37.9 1006.28
37.823 1006.69
37.632 1007.06
37.346 1007.38
36.978 1007.64
36.766 1007.74
36.766 1009.51
27
47.802 1008.66
47.803 1007.74
47.579 1007.64
47.199 1007.36
46.909 1007.03
46.724 1006.65
46.658 1006.23
46.724 1005.82
46.909 1005.44
47.199 1005.11
47.579 1004.83
47.802 1004.72
47.802 1002.95
47.184 1003.12
46.413 1003.45
46.188 1003.55
45.718 1003.9
45.461 1004.09
44.908 1004.72
44.555 1005.45
44.43 1006.23
44.554 1007.02
44.907 1007.74
45.46 1008.38
46.187 1008.91
47.057 1009.32
47.802 1009.51
280
29.822 1020.66
51.904 1020.66
51.905 1023.16
62.935 1023.16
63.192 1022.91
63.191 1021.34
63.192 1021.17
63.753 1021.17
63.753 1022.74
63.752 1022.91
64.009 1023.16
65.334 1023.16
65.334 1019.37
65.739 1019.37
65.741 1012.97
65.74 1012.74
65.204 1012.71
64.762 1012.79
64.321 1012.71
63.981 1012.52
63.789 1012.23
63.762 1012.06
63.857 1011.75
64.136 1011.5
64.533 1011.36
64.993 1011.36
65.246 1011.43
65.74 1011.38
65.74 1009.2
65.311 1007.89
65.125 1007.2
64.533 1006.51
63.612 1004.67
63.546 1004.53
63.242 1002.61
63.214 1002.42
63.52 1000.47
63.546 1000.31
64.461 998.438
65.124 997.648
65.367 996.72
65.739 995.622
65.74 993.524
65.204 993.496
64.762 993.57
64.321 993.496
63.981 993.298
63.791 993.018
63.762 992.846
63.862 992.526
64.136 992.28
64.533 992.14
64.993 992.14
65.246 992.214
65.74 992.166
65.74 990.01
65.339 988.797
65.125 987.979
64.533 987.295
63.612 985.45
63.546 985.312
63.242 983.391
63.214 983.204
63.52 981.255
63.546 981.096
64.461 979.22
65.124 978.43
65.339 977.611
65.673 976.576
65.739 976.399
65.741 974.306
65.204 974.28
64.762 974.352
64.321 974.28
63.981 974.082
63.789 973.794
63.762 973.628
63.862 973.31
64.136 973.062
64.533 972.922
64.993 972.922
65.246 972.997
65.74 972.95
65.74 970.792
65.339 969.58
65.125 968.761
64.533 968.077
63.612 966.232
63.546 966.094
63.242 964.174
63.214 963.988
63.52 962.039
63.546 961.88
64.461 960.004
65.124 959.214
65.367 958.286
65.739 957.188
65.74 955.09
65.204 955.062
64.762 955.136
64.321 955.062
63.981 954.864
63.791 954.584
63.762 954.412
63.862 954.092
64.136 953.846
64.533 953.706
64.993 953.706
65.246 953.78
65.74 953.732
65.74 951.576
65.339 950.363
65.125 949.545
64.533 948.861
63.612 947.016
63.546 946.878
63.242 944.957
63.214 944.77
63.52 942.821
63.546 942.662
64.461 940.786
65.124 939.996
65.339 939.177
65.673 938.142
65.739 937.965
65.741 935.303
65.204 935.276
64.762 935.35
64.321 935.276
63.981 935.078
63.791 934.798
63.762 934.626
63.862 934.306
64.136 934.06
64.533 933.92
64.993 933.92
65.246 933.994
65.74 933.946
65.741 925.318
53.324 925.318
53.324 927.824
31.242 927.824
31.241 925.318
20.211 925.318
19.954 925.568
19.955 927.144
19.954 927.314
19.391 927.314
19.393 925.738
19.394 925.568
19.136 925.318
17.812 925.318
17.812 929.116
17.407 929.116
17.406 933.651
17.406 934.45
17.941 934.478
18.378 934.404
18.812 934.478
19.148 934.676
19.337 934.962
19.366 935.128
19.264 935.448
18.995 935.694
18.604 935.834
18.15 935.834
17.9 935.76
17.406 935.808
17.406 937.995
17.835 939.296
18.021 939.995
18.613 940.679
19.534 942.524
19.6 942.662
19.904 944.583
19.932 944.77
19.626 946.719
19.6 946.878
18.685 948.754
18.022 949.544
17.779 950.472
17.407 951.57
17.406 953.667
17.941 953.696
18.378 953.622
18.812 953.696
19.148 953.892
19.337 954.18
19.366 954.346
19.264 954.664
18.995 954.912
18.604 955.052
18.15 955.052
17.9 954.977
17.406 955.024
17.406 957.182
17.807 958.394
18.021 959.213
18.613 959.897
19.534 961.742
19.6 961.88
19.904 963.801
19.932 963.988
19.626 965.935
19.6 966.094
18.685 967.97
18.022 968.76
17.807 969.58
17.473 970.614
17.407 970.791
17.405 972.885
17.941 972.912
18.378 972.838
18.812 972.912
19.148 973.11
19.337 973.396
19.366 973.562
19.264 973.882
18.995 974.128
18.604 974.268
18.15 974.268
17.9 974.194
17.406 974.242
17.406 976.398
17.807 977.611
18.021 978.429
18.613 979.113
19.534 980.958
19.6 981.096
19.904 983.017
19.932 983.204
19.626 985.153
19.6 985.312
18.685 987.188
18.022 987.978
17.779 988.906
17.407 990.004
17.406 992.101
17.941 992.128
18.378 992.056
18.812 992.128
19.148 992.326
19.337 992.614
19.366 992.78
19.264 993.098
18.995 993.346
18.604 993.486
18.15 993.486
17.9 993.411
17.406 993.458
17.406 995.616
17.807 996.828
18.021 997.647
18.613 998.331
19.534 1000.18
19.6 1000.31
19.904 1002.23
19.932 1002.42
19.626 1004.37
19.6 1004.53
18.685 1006.4
18.022 1007.19
17.807 1008.01
17.473 1009.05
17.407 1009.23
17.405 1011.89
17.941 1011.91
18.378 1011.84
18.812 1011.91
19.148 1012.11
19.337 1012.4
19.366 1012.57
19.264 1012.88
18.995 1013.13
18.604 1013.27
18.15 1013.27
17.9 1013.2
17.406 1013.24
17.405 1023.16
29.822 1023.16
186
22.955 1018.08
22.959 1009.25
22.957 1008.86
23.529 1008
24.253 1006.55
24.535 1005.49
24.613 1005.19
24.692 1004.35
24.732 1003.8
25.317 1003.82
25.775 1003.76
26.182 1003.62
26.527 1003.42
26.798 1003.17
26.986 1002.88
27.079 1002.56
27.103 1002.42
27.051 1002.1
26.907 1001.8
26.678 1001.54
26.217 1001.24
25.616 1001.04
25.045 1001.02
24.732 1001.04
24.732 1000.51
24.688 1000.22
24.336 999.116
24.144 998.636
23.597 997.514
22.955 996.55
22.954 989.298
22.954 989.077
23.529 988.211
24.253 986.768
24.535 985.704
24.613 985.406
24.692 984.569
24.719 984.036
24.732 983.204
24.72 982.373
24.691 981.84
24.614 981.002
24.253 979.64
23.661 978.427
22.955 977.332
22.954 970.244
22.954 969.859
23.596 968.894
24.145 967.773
24.335 967.293
24.688 966.192
24.732 965.495
24.731 965.364
25.317 965.389
25.775 965.323
26.182 965.183
26.527 964.982
26.798 964.732
26.986 964.443
27.079 964.127
27.103 963.988
27.051 963.664
26.907 963.366
26.678 963.104
26.217 962.81
25.616 962.61
25.045 962.584
24.732 962.61
24.732 962.076
24.688 961.782
24.336 960.682
24.144 960.202
23.597 959.08
22.955 958.116
22.954 950.864
22.954 950.643
23.529 949.777
24.253 948.334
24.535 947.27
24.613 946.972
24.692 946.135
24.719 945.602
24.732 944.77
24.72 943.939
24.691 943.406
24.614 942.568
24.253 941.206
23.661 939.993
22.958 938.903
22.955 930.579
22.955 930.406
44.856 930.406
47.252 929.116
60.191 929.116
60.187 937.97
60.189 938.334
59.617 939.195
58.893 940.636
58.611 941.702
58.533 942
58.454 942.836
58.414 943.394
57.829 943.367
57.373 943.434
56.964 943.574
56.619 943.775
56.348 944.024
56.16 944.313
56.067 944.63
56.043 944.77
56.095 945.094
56.239 945.392
56.468 945.654
56.929 945.947
57.288 946.082
57.684 946.158
58.101 946.174
58.414 946.146
58.459 946.976
58.81 948.074
59.002 948.554
59.549 949.678
60.191 950.642
60.192 957.894
60.192 958.115
59.617 958.981
58.893 960.422
58.611 961.488
58.533 961.786
58.454 962.622
58.427 963.154
58.414 963.988
58.426 964.819
58.455 965.351
58.532 966.188
58.893 967.552
59.485 968.763
60.191 969.858
60.192 976.946
60.192 977.331
59.55 978.296
59.001 979.419
58.811 979.899
58.459 980.998
58.414 981.745
58.415 981.828
57.829 981.801
57.373 981.868
56.964 982.008
56.619 982.209
56.348 982.458
56.16 982.747
56.067 983.064
56.043 983.204
56.095 983.528
56.239 983.826
56.468 984.088
56.929 984.381
57.288 984.516
57.684 984.592
58.101 984.608
58.414 984.58
58.459 985.41
58.81 986.508
59.002 986.988
59.549 988.112
60.191 989.076
60.192 996.328
60.192 996.549
59.617 997.415
58.893 998.856
58.611 999.922
58.533 1000.22
58.454 1001.06
58.427 1001.59
58.414 1002.42
58.426 1003.25
58.455 1003.78
58.532 1004.62
58.893 1005.99
59.485 1007.2
60.188 1008.29
60.191 1016.61
60.191 1016.78
38.48 1016.78
36.234 1018.08
15
57.342 945.426
57 945.228
56.807 944.938
56.789 944.718
56.883 944.448
57.156 944.2
57.55 944.058
57.779 944.038
58.217 944.114
58.558 944.312
58.751 944.602
58.751 944.938
58.558 945.228
58.217 945.426
57.779 945.502
15
21.548 945.42
21.212 945.224
21.021 944.936
21.015 944.646
21.094 944.452
21.364 944.204
21.756 944.064
22.209 944.064
22.601 944.204
22.871 944.452
22.962 944.702
22.945 944.936
22.753 945.224
22.418 945.42
21.982 945.494
15
60.822 964.692
60.421 964.552
60.143 964.306
60.046 964.032
60.067 963.822
60.264 963.534
60.609 963.336
61.056 963.262
61.502 963.336
61.847 963.534
62.043 963.822
62.071 963.988
61.968 964.306
61.69 964.552
61.288 964.692
15
24.93 964.644
24.589 964.444
24.396 964.154
24.379 963.921
24.473 963.666
24.744 963.416
25.138 963.276
25.595 963.276
25.991 963.416
26.263 963.666
26.365 963.988
26.264 964.308
25.992 964.558
25.596 964.698
25.367 964.718
15
57.342 983.86
57 983.662
56.807 983.372
56.789 983.152
56.883 982.882
57.156 982.634
57.55 982.492
57.779 982.472
58.217 982.548
58.558 982.746
58.751 983.036
58.751 983.372
58.558 983.662
58.217 983.86
57.779 983.936
15
21.548 983.854
21.212 983.656
21.021 983.37
21.015 983.08
21.094 982.886
21.364 982.638
21.756 982.498
22.209 982.498
22.601 982.638
22.871 982.886
22.962 983.136
22.945 983.37
22.753 983.656
22.418 983.854
21.982 983.928
16
25.139 1003.13
24.745 1002.99
24.473 1002.74
24.385 1002.52
24.37 1002.42
24.426 1002.19
24.588 1001.96
24.929 1001.76
25.366 1001.69
25.804 1001.76
26.144 1001.96
26.337 1002.25
26.351 1002.5
26.264 1002.74
25.992 1002.99
25.596 1003.13
15
60.822 1003.13
60.421 1002.99
60.143 1002.74
60.046 1002.47
60.067 1002.25
60.264 1001.97
60.609 1001.77
61.056 1001.7
61.502 1001.77
61.847 1001.97
62.043 1002.25
62.071 1002.42
61.968 1002.74
61.69 1002.99
61.288 1003.13
