0.3
0.7
273
25.954 1023.15
25.955 1020.66
55.31 1020.66
55.772 1020.67
55.771 1023.16
57.523 1023.16
57.523 1020.66
65.703 1020.66
65.702 1013.52
67.538 1013.52
67.538 1011.07
67.596 1010.77
67.943 1010.27
68.026 1010.15
69.092 1007.87
69.662 1005.77
70.35 1005.77
70.99 1005.7
71.12 1005.68
71.64 1005.43
72.096 1005.04
72.478 1004.52
72.703 1004.04
72.913 1003.35
73.005 1002.6
72.971 1001.83
72.813 1001.11
72.545 1000.46
72.184 999.92
71.745 999.494
71.64 999.402
71.12 999.15
70.556 999.06
69.662 999.06
69.223 997.491
69.092 997.02
68.028 994.738
67.668 994.25
67.552 993.982
67.538 993.065
67.538 992.081
67.552 991.694
67.668 991.426
68.028 990.936
69.092 988.656
69.662 986.554
70.35 986.554
70.99 986.486
71.12 986.466
71.64 986.214
72.096 985.82
72.478 985.3
72.703 984.823
72.913 984.137
73.005 983.382
72.971 982.612
72.813 981.889
72.545 981.246
72.184 980.702
72.096 980.582
71.64 980.188
71.12 979.934
70.556 979.846
69.662 979.846
69.223 978.276
69.092 977.806
68.028 975.524
67.668 975.036
67.552 974.766
67.538 973.849
67.538 972.865
67.552 972.48
67.668 972.21
68.028 971.722
69.092 969.44
69.662 967.338
70.35 967.338
70.99 967.27
71.12 967.25
71.64 967
72.096 966.602
72.478 966.084
72.703 965.605
72.913 964.919
73.005 964.165
72.971 963.394
72.813 962.673
72.545 962.03
72.184 961.486
71.745 961.06
71.64 960.968
71.12 960.716
70.556 960.626
69.634 960.626
69.194 959.057
69.062 958.586
67.996 956.304
67.636 955.816
67.52 955.548
67.505 954.631
67.505 953.647
67.52 953.26
67.636 952.992
67.996 952.502
69.062 950.222
69.634 948.12
70.328 948.12
70.979 948.052
71.112 948.032
71.634 947.78
72.088 947.386
72.474 946.866
72.701 946.39
72.912 945.704
73.005 944.948
72.969 944.178
72.811 943.458
72.542 942.817
72.177 942.274
71.739 941.851
71.634 941.76
71.111 941.508
70.536 941.42
69.634 941.42
69.194 939.851
69.062 939.38
67.994 937.098
67.634 936.61
67.52 936.34
67.504 935.425
67.502 929.872
71.64 929.872
71.64 927.824
58.888 927.824
58.887 925.318
57.672 925.318
57.192 925.329
57.191 927.824
27.836 927.824
27.374 927.813
27.375 925.318
25.623 925.318
25.623 927.824
17.443 927.824
17.444 935.136
15.608 935.136
15.608 935.893
15.594 936.28
15.478 936.548
15.118 937.038
14.054 939.318
13.484 941.42
12.796 941.42
12.155 941.488
12.024 941.508
11.506 941.76
11.05 942.154
10.668 942.674
10.444 943.153
10.233 943.837
10.141 944.592
10.175 945.362
10.334 946.085
10.6 946.73
10.962 947.273
11.401 947.697
11.506 947.788
12.024 948.042
12.59 948.13
13.484 948.13
13.923 949.699
14.054 950.17
15.118 952.452
15.478 952.94
15.594 953.21
15.608 954.127
15.608 955.111
15.594 955.496
15.478 955.766
15.118 956.254
14.054 958.536
13.484 960.638
12.796 960.638
12.155 960.706
12.024 960.726
11.506 960.978
11.05 961.372
10.668 961.89
10.443 962.369
10.233 963.055
10.141 963.81
10.175 964.58
10.333 965.301
10.601 965.944
10.962 966.488
11.05 966.608
11.506 967.004
12.024 967.256
12.59 967.346
13.484 967.346
13.923 968.916
14.054 969.386
15.118 971.668
15.478 972.156
15.594 972.424
15.608 973.341
15.608 974.325
15.594 974.712
15.478 974.98
15.118 975.468
14.054 977.75
13.484 979.852
12.796 979.852
12.155 979.92
12.024 979.94
11.506 980.192
11.05 980.588
10.668 981.108
10.443 981.585
10.233 982.271
10.141 983.026
10.175 983.796
10.333 984.519
10.601 985.162
10.962 985.706
11.05 985.826
11.506 986.222
12.024 986.476
12.59 986.564
13.512 986.564
13.952 988.133
14.084 988.604
15.15 990.886
15.51 991.374
15.626 991.644
15.64 992.561
15.64 993.545
15.626 993.93
15.51 994.2
15.15 994.688
14.084 996.97
13.512 999.072
12.818 999.072
12.167 999.14
12.035 999.16
11.512 999.412
11.058 999.806
10.672 1000.32
10.446 1000.8
10.235 1001.49
10.141 1002.24
10.177 1003.01
10.335 1003.73
10.604 1004.38
10.969 1004.92
11.407 1005.34
11.512 1005.43
12.035 1005.68
12.61 1005.77
13.304 1005.77
13.512 1005.77
13.952 1007.34
14.084 1007.81
15.152 1010.09
15.512 1010.58
15.626 1010.85
15.642 1014.75
15.644 1018.61
11.506 1018.61
11.506 1020.66
24.258 1020.66
24.259 1023.16
25.474 1023.16
128
23.19 1016.87
22.388 1016.8
21.88 1016.57
21.202 1016
20.772 1015.44
20.489 1014.97
19.915 1013.87
19.744 1013.52
19.744 1005.77
19.164 1005.86
18.621 1005.78
18.383 1005.67
18.385 1002.42
18.382 1001.17
18.382 999.17
18.62 999.066
19.164 998.98
19.744 999.07
19.744 993.606
19.404 993.606
19.404 991.952
19.744 991.952
19.744 993.606
34.581 993.606
34.581 991.952
19.744 991.952
19.744 986.554
19.164 986.646
18.621 986.56
18.383 986.456
18.382 979.953
18.62 979.849
19.164 979.762
19.744 979.854
19.744 974.39
19.404 974.39
19.404 972.736
19.744 972.736
19.744 974.39
34.581 974.39
34.581 972.736
19.744 972.736
19.744 967.338
19.164 967.428
18.621 967.343
18.383 967.239
18.382 960.736
18.62 960.632
19.164 960.546
19.744 960.637
19.744 955.172
19.404 955.172
19.404 953.518
19.744 953.518
19.744 955.172
34.581 955.172
34.581 953.518
19.744 953.518
19.744 948.12
19.164 948.212
18.621 948.126
18.383 948.022
18.382 941.519
18.62 941.415
19.164 941.328
19.744 941.42
19.744 930.406
63.188 930.406
63.188 941.42
63.684 941.341
64.3 941.412
64.3 947.988
64.301 948.127
63.766 948.212
63.188 948.12
63.188 953.518
63.528 953.518
63.528 955.172
63.188 955.172
63.188 953.518
48.349 953.518
48.349 955.172
63.188 955.172
63.188 960.637
63.684 960.559
64.3 960.628
64.3 967.206
64.301 967.345
63.766 967.428
63.188 967.338
63.188 972.736
63.528 972.736
63.528 974.39
63.188 974.39
63.188 972.736
48.349 972.736
48.349 974.39
63.188 974.39
63.188 979.854
63.684 979.775
64.3 979.846
64.3 986.422
64.301 986.561
63.766 986.646
63.188 986.554
63.188 991.952
63.528 991.952
63.528 993.606
63.188 993.606
63.188 991.952
48.349 991.952
48.349 993.606
63.188 993.606
63.188 999.07
63.684 998.993
64.3 999.062
64.3 1005.64
64.301 1005.78
63.766 1005.86
63.188 1005.77
63.188 1013.52
62.614 1014.68
62.16 1015.44
61.73 1016
61.052 1016.57
60.542 1016.8
57.464 1016.84
56.861 1016.87
