0.3
0.7
4
56.172 953.602
47.238 953.602
47.238 955.418
56.172 955.418
4
56.172 972.82
47.238 972.82
47.238 974.636
56.172 974.636
4
56.172 992.024
47.238 992.024
47.238 993.84
56.172 993.84
5
37.331 954.168
37.33 953.602
26.974 953.602
26.974 955.418
37.33 955.418
5
37.331 973.386
37.33 972.82
26.974 972.82
26.974 974.636
37.33 974.636
5
37.331 992.59
37.33 992.024
26.974 992.024
26.974 993.84
37.33 993.84
214
25.9 1022.91
25.9 1021.17
27.372 1021.17
27.372 1022.91
27.64 1023.16
28.68 1023.16
28.679 1020.66
53.048 1020.66
53.048 1023.16
54.288 1023.16
54.554 1022.91
54.554 1021.17
56.027 1021.17
56.026 1022.91
56.332 1023.16
64.026 1023.16
64.027 1017.84
65.376 1017.84
65.375 1019
65.376 1019.37
69.188 1019.37
69.188 1012.35
69.189 1012.05
68.808 1011.43
68.573 1011.02
67.421 1010.72
67.278 1010.68
65.305 1009.76
64.948 1009.6
63.004 1008.17
61.523 1006.46
60.577 1004.53
60.246 1002.42
60.577 1000.31
61.523 998.378
63.004 996.67
64.582 995.512
64.948 995.244
67.117 994.232
67.278 994.158
68.572 993.819
69.074 992.936
69.147 992.785
68.782 992.15
68.573 991.808
67.421 991.504
67.278 991.468
65.305 990.547
64.948 990.38
63.004 988.956
61.523 987.248
60.577 985.312
60.246 983.204
60.577 981.096
61.523 979.16
63.004 977.452
64.582 976.295
64.948 976.028
67.117 975.014
67.278 974.94
68.572 974.601
69.074 973.719
69.147 973.569
68.782 972.932
68.573 972.59
67.421 972.286
67.278 972.25
65.305 971.331
64.948 971.164
63.004 969.738
61.523 968.03
60.577 966.094
60.246 963.988
60.577 961.88
61.523 959.944
63.004 958.236
64.582 957.078
64.948 956.81
67.119 955.798
67.28 955.724
68.573 955.385
69.074 954.502
69.147 954.351
68.782 953.716
68.574 953.374
67.423 953.07
67.28 953.034
65.305 952.113
64.948 951.946
63.004 950.522
61.523 948.814
60.577 946.878
60.246 944.77
60.577 942.662
61.523 940.726
63.004 939.018
64.582 937.861
64.948 937.594
67.119 936.58
67.28 936.506
68.573 936.167
69.025 935.407
69.19 935.135
69.189 927.824
66.311 927.824
66.31 925.318
57.534 925.318
57.246 925.568
57.246 927.314
55.774 927.314
55.774 925.568
55.506 925.318
54.466 925.318
54.467 927.824
30.099 927.824
30.099 925.318
28.858 925.318
28.592 925.568
28.592 927.314
27.119 927.314
27.12 925.568
26.814 925.318
19.12 925.318
19.119 930.642
17.77 930.642
17.769 929.116
13.957 929.116
13.958 931.897
13.958 934.839
13.957 935.137
14.338 935.763
14.572 936.166
15.723 936.47
15.866 936.506
17.841 937.427
18.198 937.594
20.142 939.018
21.623 940.726
22.569 942.662
22.9 944.77
22.569 946.878
21.623 948.814
20.142 950.522
18.564 951.679
18.198 951.946
16.027 952.96
15.866 953.034
14.573 953.373
14.072 954.255
13.999 954.405
14.364 955.042
14.572 955.384
15.723 955.688
15.866 955.724
17.841 956.643
18.198 956.81
20.142 958.236
21.623 959.944
22.569 961.88
22.9 963.988
22.569 966.094
21.623 968.03
20.142 969.738
18.564 970.896
18.198 971.164
16.027 972.176
15.866 972.25
14.573 972.589
14.072 973.472
13.999 973.623
14.364 974.258
14.572 974.6
15.723 974.904
15.866 974.94
17.841 975.861
18.198 976.028
20.142 977.452
21.623 979.16
22.569 981.096
22.9 983.204
22.569 985.312
21.623 987.248
20.142 988.956
18.564 990.113
18.198 990.38
16.027 991.394
15.866 991.468
14.573 991.807
14.072 992.689
13.999 992.839
14.364 993.476
14.572 993.818
15.723 994.122
15.866 994.158
17.841 995.077
18.198 995.244
20.142 996.67
21.623 998.378
22.569 1000.31
22.9 1002.42
22.569 1004.53
21.623 1006.46
20.142 1008.17
18.564 1009.33
18.198 1009.6
16.027 1010.61
15.866 1010.68
14.573 1011.02
14.121 1011.78
13.956 1012.05
13.957 1019.37
16.835 1019.37
16.836 1023.16
25.612 1023.16
307
47.142 1016.78
47.141 1009.69
47.142 1009.58
48.208 1009.32
49.078 1008.91
49.803 1008.38
50.196 1007.92
50.355 1007.74
50.647 1007.14
50.707 1007.02
50.816 1006.33
50.817 1006.14
50.706 1005.45
50.354 1004.72
49.802 1004.09
49.077 1003.55
48.454 1003.26
48.207 1003.15
47.238 1002.89
47.143 1002.88
47.141 1002.12
47.142 1002.01
48.208 1001.74
49.078 1001.34
49.803 1000.8
50.196 1000.35
50.355 1000.17
50.647 999.564
50.707 999.444
50.816 998.752
50.817 998.561
50.706 997.87
50.354 997.148
49.802 996.51
49.077 995.978
48.454 995.688
48.207 995.572
47.238 995.319
47.143 995.299
47.141 990.487
47.142 990.379
48.208 990.112
49.078 989.706
49.803 989.174
50.196 988.719
50.355 988.536
50.647 987.934
50.707 987.814
50.816 987.124
50.817 986.933
50.706 986.24
50.354 985.518
49.802 984.88
49.077 984.35
48.454 984.06
48.207 983.944
47.238 983.689
47.143 983.669
47.141 982.911
47.142 982.802
48.208 982.536
49.078 982.13
49.803 981.598
50.196 981.143
50.355 980.96
50.647 980.358
50.707 980.238
50.816 979.548
50.817 979.357
50.706 978.664
50.354 977.942
49.802 977.304
49.077 976.772
48.454 976.483
48.207 976.368
47.238 976.113
47.143 976.093
47.141 971.281
47.142 971.173
48.208 970.906
49.078 970.5
49.803 969.968
50.196 969.515
50.355 969.332
50.647 968.729
50.707 968.608
50.816 967.918
50.817 967.727
50.706 967.036
50.354 966.314
49.802 965.676
49.077 965.144
48.454 964.854
48.207 964.738
47.238 964.483
47.143 964.463
47.141 963.705
47.142 963.597
48.208 963.33
49.078 962.924
49.803 962.392
50.196 961.939
50.355 961.756
50.647 961.153
50.707 961.032
50.816 960.342
50.817 960.151
50.706 959.46
50.354 958.736
49.802 958.1
49.077 957.568
48.454 957.278
48.207 957.162
47.238 956.907
47.143 956.887
47.141 952.077
47.142 951.968
48.208 951.702
49.078 951.296
49.803 950.764
50.196 950.309
50.355 950.126
50.647 949.524
50.707 949.404
50.816 948.712
50.817 948.521
50.706 947.83
50.354 947.108
49.802 946.47
49.077 945.938
48.454 945.648
48.207 945.532
47.238 945.279
47.143 945.259
47.141 944.499
47.142 944.391
48.208 944.124
49.078 943.72
49.803 943.188
50.196 942.733
50.355 942.55
50.647 941.948
50.707 941.828
50.816 941.136
50.817 940.945
50.706 940.254
50.354 939.532
49.802 938.894
49.077 938.362
48.454 938.072
48.207 937.956
47.238 937.703
47.143 937.683
47.141 929.176
47.304 929.116
59.569 929.116
59.568 933.304
59.545 933.49
59.338 933.742
59.131 934.164
59.059 934.626
59.131 935.086
59.338 935.508
59.561 935.777
59.53 935.882
59.103 936.27
58.43 936.872
57.58 937.85
57.312 938.196
56.581 939.294
56.011 940.457
55.923 940.636
55.636 941.711
55.561 942
55.481 942.845
55.442 943.394
55 943.356
54.559 943.394
54.152 943.5
53.637 943.781
53.379 944.017
53.195 944.294
53.096 944.603
53.07 944.77
53.121 945.094
53.266 945.392
53.494 945.654
53.955 945.947
54.321 946.083
54.722 946.159
55.136 946.173
55.442 946.146
55.488 946.976
55.922 948.334
56.411 949.333
56.602 949.711
57.417 950.932
58.182 951.812
58.784 952.423
59.51 953.09
59.565 953.222
59.212 953.786
59.132 953.95
59.059 954.412
59.132 954.872
59.337 955.294
59.56 955.563
59.53 955.668
59.104 956.056
58.43 956.658
57.581 957.636
57.312 957.982
56.581 959.08
56.011 960.243
55.923 960.422
55.637 961.497
55.561 961.786
55.481 962.631
55.455 963.14
55.442 963.988
55.457 965.088
55.56 966.188
55.922 967.552
56.411 968.549
56.58 968.894
57.313 969.991
58.43 971.316
59.505 972.276
59.566 972.382
59.517 972.49
59.338 972.68
59.133 973.102
59.06 973.562
59.133 974.024
59.415 974.537
59.566 974.751
59.509 974.884
58.785 975.55
58.181 976.161
57.417 977.042
56.603 978.262
56.011 979.461
55.586 980.691
55.489 980.998
55.443 981.568
55.442 981.828
55 981.79
54.559 981.828
54.152 981.934
53.637 982.215
53.379 982.451
53.195 982.728
53.096 983.037
53.07 983.204
53.121 983.528
53.266 983.826
53.494 984.088
53.955 984.381
54.321 984.517
54.722 984.593
55.136 984.607
55.442 984.58
55.488 985.41
55.922 986.768
56.411 987.767
56.602 988.145
57.417 989.366
58.182 990.246
58.784 990.857
59.51 991.524
59.565 991.656
59.212 992.22
59.132 992.384
59.059 992.846
59.132 993.306
59.337 993.728
59.56 993.997
59.53 994.102
59.104 994.49
58.43 995.092
57.581 996.07
57.312 996.416
56.581 997.514
56.011 998.677
55.923 998.856
55.637 999.931
55.561 1000.22
55.481 1001.07
55.455 1001.57
55.442 1002.42
55.457 1003.52
55.56 1004.62
55.922 1005.99
56.411 1006.98
56.58 1007.33
57.313 1008.42
58.43 1009.75
59.505 1010.71
59.567 1010.82
59.443 1011
59.256 1011.28
59.132 1011.54
59.06 1012
59.132 1012.46
59.415 1012.97
59.565 1013.18
59.569 1016.78
302
23.577 1018.08
23.578 1013.89
23.601 1013.7
23.808 1013.45
24.015 1013.03
24.087 1012.57
24.015 1012.11
23.808 1011.68
23.585 1011.41
23.616 1011.31
24.043 1010.92
24.716 1010.32
25.566 1009.34
25.834 1009
26.565 1007.9
27.135 1006.73
27.223 1006.55
27.509 1005.48
27.585 1005.19
27.664 1004.35
27.704 1003.8
28.146 1003.83
28.587 1003.8
29.191 1003.6
29.65 1003.3
29.878 1003.04
30.024 1002.74
30.075 1002.42
30.025 1002.1
29.879 1001.8
29.651 1001.54
29.19 1001.24
28.588 1001.04
28.009 1001.02
27.704 1001.04
27.703 1000.51
27.56 999.909
27.224 998.856
26.735 997.859
26.544 997.481
25.729 996.26
24.964 995.379
24.717 995.092
23.636 994.1
23.581 993.97
23.934 993.404
24.014 993.24
24.087 992.78
24.014 992.32
23.809 991.896
23.586 991.628
23.616 991.524
24.042 991.136
24.716 990.532
25.565 989.555
25.834 989.21
26.565 988.112
27.135 986.947
27.223 986.768
27.509 985.695
27.585 985.406
27.664 984.559
27.691 984.05
27.704 983.204
27.692 982.359
27.663 981.85
27.586 981.002
27.224 979.64
26.735 978.641
26.566 978.296
25.833 977.199
24.716 975.876
23.641 974.914
23.58 974.81
23.63 974.702
23.808 974.512
24.013 974.088
24.086 973.628
24.013 973.168
23.731 972.655
23.58 972.439
23.637 972.308
24.361 971.642
24.965 971.03
25.729 970.148
26.543 968.928
27.135 967.731
27.561 966.5
27.693 965.967
27.703 965.362
28.146 965.4
28.587 965.364
29.191 965.165
29.65 964.87
29.878 964.608
30.024 964.31
30.075 963.988
30.025 963.664
29.879 963.366
29.651 963.104
29.19 962.81
28.588 962.61
28.009 962.585
27.704 962.612
27.703 962.076
27.56 961.475
27.224 960.422
26.735 959.425
26.544 959.047
25.729 957.826
24.964 956.945
24.717 956.658
23.636 955.666
23.581 955.536
23.934 954.97
24.014 954.806
24.087 954.346
24.014 953.886
23.809 953.462
23.586 953.194
23.616 953.09
24.042 952.702
24.716 952.098
25.565 951.121
25.834 950.776
26.565 949.678
27.135 948.513
27.223 948.334
27.509 947.261
27.585 946.972
27.664 946.125
27.691 945.616
27.704 944.77
27.692 943.925
27.663 943.416
27.586 942.568
27.224 941.206
26.735 940.207
26.566 939.862
25.833 938.765
24.716 937.442
23.641 936.48
23.579 936.376
23.704 936.188
23.89 935.911
24.014 935.654
24.086 935.194
24.014 934.734
23.731 934.221
23.581 934.005
23.577 930.406
37.426 930.406
37.427 937.581
37.425 937.691
36.36 937.956
35.49 938.362
34.765 938.894
34.372 939.349
34.212 939.532
33.919 940.134
33.859 940.254
33.752 940.944
33.751 941.135
33.86 941.828
34.213 942.55
34.766 943.188
35.491 943.72
36.114 944.009
36.361 944.124
37.33 944.379
37.425 944.39
37.427 945.157
37.425 945.267
36.36 945.532
35.49 945.938
34.765 946.47
34.372 946.925
34.212 947.108
33.919 947.71
33.859 947.83
33.752 948.52
33.751 948.711
33.86 949.404
34.213 950.126
34.766 950.764
35.491 951.296
36.114 951.586
36.361 951.702
37.33 951.955
37.425 951.967
37.427 956.787
37.425 956.896
36.36 957.162
35.49 957.568
34.765 958.1
34.372 958.553
34.212 958.736
33.919 959.339
33.859 959.46
33.752 960.15
33.751 960.341
33.86 961.032
34.213 961.756
34.766 962.392
35.491 962.924
36.114 963.214
36.361 963.33
37.33 963.585
37.425 963.596
37.427 964.363
37.425 964.472
36.36 964.738
35.49 965.144
34.765 965.676
34.372 966.131
34.212 966.314
33.919 966.916
33.859 967.036
33.752 967.726
33.751 967.917
33.86 968.608
34.213 969.332
34.766 969.968
35.491 970.5
36.114 970.79
36.361 970.906
37.33 971.161
37.425 971.172
37.425 976.101
36.36 976.368
35.49 976.772
34.765 977.304
34.372 977.759
34.212 977.942
33.919 978.544
33.859 978.664
33.752 979.356
33.751 979.547
33.86 980.238
34.213 980.96
34.766 981.598
35.491 982.13
36.114 982.42
36.361 982.536
37.33 982.789
37.425 982.801
37.425 983.678
36.36 983.944
35.49 984.35
34.765 984.88
34.372 985.335
34.212 985.518
33.919 986.12
33.859 986.24
33.752 986.932
33.751 987.123
33.86 987.814
34.213 988.536
34.766 989.174
35.491 989.706
36.114 989.996
36.361 990.112
37.33 990.367
37.425 990.378
37.425 995.307
36.36 995.572
35.49 995.978
34.765 996.51
34.372 996.965
34.212 997.148
33.919 997.75
33.859 997.87
33.752 998.56
33.751 998.751
33.86 999.444
34.213 1000.17
34.766 1000.8
35.491 1001.34
36.114 1001.62
36.361 1001.74
37.33 1002
37.425 1002.01
37.425 1002.88
36.36 1003.15
35.49 1003.55
34.765 1004.09
34.372 1004.54
34.212 1004.72
33.919 1005.33
33.859 1005.45
33.752 1006.14
33.751 1006.33
33.86 1007.02
34.213 1007.74
34.766 1008.38
35.491 1008.91
36.114 1009.2
36.361 1009.32
37.33 1009.57
37.425 1009.58
37.425 1017.39
36.234 1018.08
15
61.265 935.276
60.924 935.078
60.748 934.827
60.705 934.626
60.805 934.306
61.079 934.06
61.476 933.92
61.936 933.92
62.333 934.06
62.607 934.306
62.709 934.626
62.607 934.944
62.333 935.19
61.936 935.33
61.705 935.35
15
20.91 935.78
20.574 935.582
20.383 935.294
20.38 934.991
20.457 934.81
20.727 934.564
21.119 934.424
21.572 934.424
21.964 934.564
22.232 934.81
22.329 935.089
22.306 935.294
22.117 935.582
21.78 935.78
21.346 935.854
28
45.585 942.796
44.918 942.59
44.503 942.368
44.159 942.086
43.899 941.75
43.741 941.371
43.701 940.959
43.792 940.55
44.005 940.172
44.33 939.84
44.75 939.569
45.254 939.373
45.822 939.266
46.149 939.238
46.71 939.286
47.228 939.422
47.685 939.636
48.066 939.914
48.355 940.248
48.541 940.628
48.604 941.04
48.541 941.454
48.355 941.832
48.066 942.168
47.685 942.446
47.228 942.658
46.71 942.794
46.149 942.842
28
38.13 942.819
37.618 942.734
37.152 942.572
36.743 942.346
36.405 942.058
36.155 941.719
36.009 941.336
35.963 941.04
36.028 940.628
36.212 940.248
36.501 939.914
36.884 939.636
37.339 939.422
37.857 939.286
38.42 939.238
38.984 939.286
39.501 939.422
39.959 939.634
40.338 939.914
40.629 940.248
40.814 940.628
40.878 941.04
40.814 941.454
40.629 941.832
40.338 942.168
39.959 942.446
39.501 942.66
38.662 942.821
15
24.517 945.42
24.181 945.224
23.99 944.936
23.97 944.733
24.065 944.452
24.333 944.204
24.761 944.061
25.204 944.071
25.584 944.215
25.846 944.463
25.94 944.77
25.914 944.936
25.722 945.224
25.363 945.426
24.951 945.494
12
41.978 945.35
41.756 945.126
41.674 944.822
41.756 944.516
41.978 944.294
42.284 944.212
42.588 944.294
42.812 944.516
42.894 944.822
42.812 945.126
42.588 945.35
42.284 945.432
28
38.13 950.396
37.618 950.311
37.152 950.15
36.743 949.922
36.405 949.634
36.155 949.295
36.009 948.912
35.963 948.616
36.028 948.204
36.212 947.826
36.501 947.49
36.884 947.212
37.339 946.998
37.857 946.862
38.42 946.814
38.984 946.862
39.501 946.998
39.959 947.21
40.338 947.49
40.629 947.824
40.814 948.204
40.878 948.616
40.814 949.03
40.629 949.41
40.338 949.744
39.959 950.024
39.501 950.236
38.662 950.397
28
45.585 950.372
44.918 950.167
44.503 949.945
44.159 949.662
43.899 949.328
43.741 948.947
43.701 948.535
43.792 948.126
44.005 947.748
44.33 947.416
44.75 947.145
45.254 946.949
45.822 946.842
46.149 946.814
46.71 946.862
47.228 946.998
47.685 947.212
48.066 947.49
48.355 947.826
48.541 948.204
48.604 948.616
48.541 949.03
48.355 949.408
48.066 949.744
47.685 950.022
47.228 950.236
46.71 950.372
46.149 950.418
15
20.91 954.996
20.574 954.798
20.383 954.512
20.38 954.209
20.457 954.028
20.727 953.78
21.119 953.64
21.572 953.64
21.964 953.78
22.232 954.028
22.329 954.307
22.306 954.512
22.117 954.798
21.78 954.996
21.346 955.07
15
61.476 955.116
61.079 954.976
60.805 954.73
60.71 954.451
60.732 954.246
60.896 953.989
61.079 953.846
61.476 953.706
61.936 953.706
62.333 953.846
62.607 954.092
62.709 954.412
62.607 954.73
62.333 954.976
61.936 955.116
12
41.978 955.064
41.756 954.842
41.674 954.536
41.756 954.232
41.978 954.008
42.284 953.928
42.588 954.008
42.812 954.232
42.894 954.536
42.812 954.842
42.588 955.064
42.284 955.146
28
38.13 962.024
37.618 961.939
37.152 961.778
36.743 961.551
36.405 961.263
36.155 960.924
36.009 960.541
35.963 960.246
36.028 959.834
36.212 959.454
36.501 959.12
36.884 958.84
37.339 958.628
37.857 958.492
38.42 958.444
38.984 958.492
39.501 958.626
39.959 958.84
40.338 959.118
40.629 959.454
40.814 959.832
40.878 960.246
40.814 960.658
40.629 961.038
40.338 961.372
39.959 961.652
39.501 961.864
38.662 962.026
28
45.585 962
44.918 961.795
44.503 961.573
44.159 961.29
43.899 960.956
43.741 960.575
43.701 960.165
43.792 959.754
44.005 959.377
44.33 959.045
44.75 958.774
45.254 958.578
45.822 958.472
46.149 958.444
46.71 958.492
47.228 958.628
47.685 958.84
48.066 959.12
48.355 959.454
48.541 959.834
48.604 960.246
48.541 960.658
48.355 961.038
48.066 961.372
47.685 961.652
47.228 961.864
46.71 962
46.149 962.048
15
57.684 964.692
57.283 964.552
57.005 964.306
56.917 964.088
56.929 963.822
57.126 963.534
57.471 963.336
57.918 963.262
58.364 963.336
58.708 963.534
58.905 963.822
58.917 964.071
58.829 964.306
58.552 964.552
58.15 964.692
15
27.898 964.644
27.558 964.444
27.366 964.154
27.359 963.854
27.464 963.64
27.713 963.416
28.107 963.276
28.563 963.276
28.959 963.416
29.231 963.666
29.334 963.988
29.232 964.308
28.96 964.558
28.564 964.698
28.336 964.718
12
41.978 964.554
41.756 964.332
41.674 964.026
41.756 963.722
41.978 963.498
42.284 963.416
42.588 963.498
42.812 963.722
42.894 964.026
42.812 964.332
42.588 964.554
42.284 964.636
28
38.13 969.6
37.618 969.515
37.152 969.354
36.743 969.127
36.405 968.839
36.155 968.501
36.009 968.118
35.963 967.822
36.028 967.41
36.212 967.03
36.501 966.696
36.884 966.416
37.339 966.204
37.857 966.068
38.42 966.02
38.984 966.068
39.501 966.204
39.959 966.416
40.338 966.696
40.629 967.03
40.814 967.41
40.878 967.822
40.814 968.236
40.629 968.614
40.338 968.95
39.959 969.228
39.501 969.442
38.662 969.602
28
45.585 969.576
44.918 969.372
44.503 969.15
44.159 968.868
43.899 968.532
43.741 968.153
43.701 967.741
43.792 967.332
44.005 966.954
44.33 966.622
44.75 966.351
45.254 966.155
45.822 966.048
46.149 966.02
46.71 966.068
47.228 966.204
47.685 966.416
48.066 966.696
48.355 967.03
48.541 967.41
48.604 967.822
48.541 968.236
48.355 968.614
48.066 968.948
47.685 969.228
47.228 969.44
46.71 969.576
46.149 969.624
15
20.91 974.214
20.574 974.016
20.383 973.728
20.38 973.425
20.457 973.244
20.727 972.998
21.119 972.858
21.572 972.858
21.964 972.998
22.232 973.244
22.329 973.523
22.306 973.728
22.117 974.016
21.78 974.214
21.346 974.288
15
61.476 974.334
61.079 974.194
60.805 973.946
60.71 973.667
60.732 973.462
60.924 973.176
61.265 972.978
61.705 972.904
62.147 972.978
62.487 973.176
62.682 973.462
62.685 973.765
62.607 973.946
62.333 974.194
61.936 974.334
12
41.978 974.27
41.756 974.048
41.674 973.742
41.756 973.438
41.978 973.214
42.284 973.132
42.588 973.214
42.812 973.438
42.894 973.742
42.812 974.048
42.588 974.27
42.284 974.352
28
38.13 981.23
37.618 981.145
37.152 980.984
36.743 980.756
36.405 980.469
36.155 980.13
36.009 979.747
35.963 979.452
36.028 979.038
36.212 978.66
36.501 978.324
36.884 978.046
37.339 977.832
37.857 977.696
38.42 977.65
38.984 977.696
39.501 977.832
39.959 978.046
40.338 978.324
40.629 978.658
40.814 979.038
40.878 979.452
40.814 979.864
40.629 980.244
40.338 980.578
39.959 980.858
39.501 981.07
38.662 981.232
28
45.585 981.206
44.918 981.001
44.503 980.779
44.159 980.496
43.899 980.162
43.741 979.781
43.701 979.371
43.792 978.96
44.005 978.582
44.33 978.251
44.75 977.98
45.254 977.783
45.822 977.677
46.421 977.672
46.71 977.696
47.228 977.832
47.685 978.046
48.066 978.324
48.355 978.66
48.541 979.038
48.604 979.452
48.541 979.864
48.355 980.244
48.066 980.578
47.685 980.856
47.228 981.07
46.71 981.206
46.149 981.254
15
24.517 983.854
24.181 983.656
23.99 983.37
23.97 983.167
24.065 982.886
24.333 982.638
24.761 982.495
25.204 982.505
25.584 982.648
25.846 982.897
25.94 983.204
25.914 983.37
25.722 983.656
25.386 983.854
24.951 983.928
12
41.978 983.76
41.756 983.536
41.674 983.232
41.756 982.928
41.978 982.704
42.284 982.622
42.588 982.704
42.812 982.928
42.894 983.232
42.812 983.536
42.588 983.76
42.284 983.842
28
38.13 988.806
37.618 988.721
37.152 988.56
36.743 988.333
36.405 988.045
36.155 987.706
36.009 987.323
35.963 987.028
36.028 986.614
36.212 986.236
36.501 985.902
36.884 985.622
37.339 985.41
37.857 985.274
38.42 985.226
38.984 985.272
39.501 985.408
39.959 985.622
40.338 985.9
40.629 986.236
40.814 986.614
40.878 987.028
40.814 987.44
40.629 987.82
40.338 988.154
39.959 988.434
39.501 988.646
38.662 988.808
28
45.585 988.782
44.918 988.577
44.503 988.355
44.159 988.072
43.899 987.738
43.741 987.357
43.701 986.947
43.792 986.536
44.005 986.159
44.33 985.827
44.75 985.556
45.254 985.359
45.822 985.253
46.421 985.249
46.992 985.348
47.502 985.537
47.93 985.803
48.262 986.13
48.355 986.236
48.541 986.614
48.604 987.028
48.541 987.44
48.355 987.82
48.066 988.154
47.685 988.434
47.228 988.646
46.71 988.782
46.149 988.83
15
20.91 993.43
20.574 993.232
20.383 992.946
20.356 992.78
20.457 992.462
20.727 992.214
21.119 992.074
21.572 992.074
21.964 992.214
22.232 992.462
22.329 992.741
22.306 992.946
22.117 993.232
21.78 993.43
21.346 993.504
15
61.476 993.55
61.079 993.41
60.805 993.164
60.705 992.846
60.805 992.526
61.079 992.28
61.476 992.14
61.705 992.12
62.147 992.194
62.487 992.392
62.682 992.68
62.685 992.983
62.607 993.164
62.333 993.41
61.936 993.55
12
41.978 993.476
41.756 993.252
41.674 992.948
41.756 992.642
41.978 992.42
42.284 992.338
42.588 992.42
42.812 992.642
42.894 992.948
42.812 993.252
42.588 993.476
42.284 993.558
28
45.585 1000.41
44.918 1000.21
44.503 999.984
44.159 999.702
43.899 999.366
43.741 998.987
43.701 998.575
43.792 998.166
44.005 997.788
44.33 997.456
44.75 997.185
45.254 996.989
45.822 996.882
46.149 996.854
46.71 996.902
47.228 997.038
47.685 997.252
48.066 997.53
48.355 997.864
48.541 998.244
48.604 998.656
48.541 999.07
48.355 999.448
48.066 999.782
47.685 1000.06
47.228 1000.27
46.71 1000.41
46.149 1000.46
28
38.13 1000.43
37.618 1000.35
37.152 1000.19
36.743 999.962
36.405 999.674
36.155 999.335
36.009 998.952
35.963 998.656
36.028 998.244
36.212 997.864
36.501 997.53
36.884 997.252
37.339 997.038
37.857 996.902
38.42 996.854
38.984 996.902
39.501 997.038
39.959 997.25
40.338 997.53
40.629 997.864
40.814 998.244
40.878 998.656
40.814 999.07
40.629 999.448
40.338 999.784
39.958 1000.06
39.501 1000.28
38.662 1000.44
15
28.108 1003.13
27.714 1002.99
27.442 1002.74
27.344 1002.45
27.426 1002.13
27.588 1001.94
27.897 1001.76
28.335 1001.69
28.773 1001.76
29.113 1001.96
29.306 1002.25
29.334 1002.42
29.232 1002.74
28.96 1002.99
28.564 1003.13
15
57.684 1003.13
57.283 1002.99
57.005 1002.74
56.917 1002.52
56.929 1002.25
57.126 1001.97
57.471 1001.77
57.918 1001.7
58.364 1001.77
58.708 1001.97
58.905 1002.25
58.917 1002.5
58.829 1002.74
58.552 1002.99
58.15 1003.13
12
41.978 1002.97
41.756 1002.74
41.674 1002.44
41.756 1002.13
41.978 1001.91
42.284 1001.83
42.588 1001.91
42.812 1002.13
42.894 1002.44
42.812 1002.74
42.588 1002.97
42.284 1003.05
28
38.13 1008.01
37.618 1007.93
37.152 1007.77
36.743 1007.54
36.405 1007.25
36.155 1006.91
36.009 1006.53
35.963 1006.23
36.028 1005.82
36.212 1005.44
36.501 1005.11
36.884 1004.83
37.339 1004.61
37.857 1004.48
38.42 1004.43
38.984 1004.48
39.501 1004.61
39.959 1004.83
40.338 1005.11
40.629 1005.44
40.814 1005.82
40.878 1006.23
40.814 1006.65
40.629 1007.03
40.338 1007.36
39.958 1007.64
39.501 1007.85
38.662 1008.01
28
45.585 1007.99
44.918 1007.78
44.503 1007.56
44.159 1007.28
43.899 1006.94
43.741 1006.56
43.701 1006.15
43.792 1005.74
44.005 1005.36
44.33 1005.03
44.75 1004.76
45.254 1004.57
45.822 1004.46
46.149 1004.43
46.71 1004.48
47.228 1004.61
47.685 1004.83
48.066 1005.11
48.355 1005.44
48.541 1005.82
48.604 1006.23
48.541 1006.65
48.355 1007.02
48.066 1007.36
47.685 1007.64
47.228 1007.85
46.71 1007.99
46.149 1008.03
16
61.476 1012.77
61.079 1012.63
60.805 1012.38
60.71 1012.1
60.732 1011.9
60.896 1011.64
61.079 1011.5
61.476 1011.36
61.705 1011.34
62.147 1011.41
62.487 1011.61
62.682 1011.9
62.685 1012.2
62.607 1012.38
62.333 1012.63
61.936 1012.77
15
21.119 1013.27
20.727 1013.13
20.457 1012.88
20.356 1012.57
20.457 1012.25
20.727 1012
21.119 1011.86
21.346 1011.84
21.78 1011.91
22.117 1012.11
22.306 1012.4
22.313 1012.69
22.232 1012.88
21.964 1013.13
21.572 1013.27
