0.3
0.7
215
49.203 1020.66
57.362 1020.66
57.363 1022.69
57.362 1023.16
59.876 1023.16
59.876 1020.66
68.005 1020.66
68.006 1018.04
68.005 1017.84
74.215 1017.84
74.215 1019.12
74.214 1019.37
76.055 1019.37
76.558 1019.36
76.943 1019.32
77.299 1019.21
78.027 1018.81
78.027 1005.67
77.428 1004.53
77.412 1004.45
76.499 1006.38
75.133 1007.99
74.975 1008.17
73.398 1009.33
73.033 1009.6
70.703 1010.68
68.061 1011.38
65.187 1011.62
62.311 1011.38
59.671 1010.68
57.342 1009.6
56.137 1008.72
56.136 1007.74
56.137 1007.25
55.186 1006.16
55.087 1006.04
54.358 1004.55
54.241 1004.31
53.993 1002.74
53.944 1002.42
54.195 1000.82
54.241 1000.53
55.011 998.951
55.087 998.798
56.136 997.588
56.136 996.127
57.341 995.244
59.671 994.158
62.311 993.466
65.187 993.222
68.061 993.466
70.703 994.158
73.033 995.244
74.729 996.49
74.975 996.67
76.387 998.296
76.459 998.378
77.4 1000.31
77.412 1000.39
77.793 999.706
78.028 999.041
78.027 986.472
77.428 985.317
77.412 985.237
76.499 987.165
75.133 988.773
74.975 988.956
73.398 990.111
73.033 990.38
70.703 991.468
68.061 992.16
65.187 992.404
62.311 992.16
59.671 991.468
57.342 990.38
56.137 989.499
56.136 988.521
56.137 988.039
55.186 986.939
55.087 986.826
54.358 985.334
54.241 985.092
53.993 983.522
53.944 983.204
54.195 981.604
54.241 981.316
55.011 979.735
55.087 979.582
56.136 978.37
56.136 976.91
57.341 976.028
59.671 974.94
62.311 974.248
65.187 974.006
68.061 974.248
70.703 974.94
73.033 976.028
74.729 977.272
74.975 977.452
76.387 979.078
76.459 979.16
77.4 981.095
77.412 981.171
77.793 980.488
78.028 979.825
78.027 967.254
77.428 966.099
77.412 966.019
76.499 967.947
75.133 969.555
74.975 969.738
73.398 970.895
73.033 971.164
70.703 972.25
68.061 972.942
65.187 973.186
62.311 972.942
59.671 972.25
57.342 971.164
56.137 970.282
56.136 969.303
56.137 968.821
55.186 967.723
55.087 967.61
54.358 966.118
54.241 965.876
53.993 964.306
53.944 963.988
54.195 962.386
54.241 962.098
55.011 960.517
55.087 960.364
56.136 959.154
56.136 957.693
57.341 956.81
59.672 955.724
62.311 955.032
65.187 954.788
68.061 955.032
70.703 955.724
73.033 956.81
74.729 958.056
74.975 958.236
76.387 959.862
76.459 959.944
77.4 961.879
77.412 961.955
77.793 961.272
78.028 960.609
78.027 948.038
77.428 946.883
77.412 946.803
76.499 948.731
75.133 950.339
74.975 950.522
73.398 951.677
73.033 951.946
70.703 953.034
68.061 953.726
65.187 953.97
62.311 953.726
59.672 953.034
57.342 951.946
56.137 951.065
56.136 950.087
56.137 949.605
55.186 948.505
55.087 948.392
54.358 946.9
54.241 946.658
53.993 945.088
53.944 944.77
54.195 943.17
54.241 942.882
55.011 941.301
55.087 941.148
56.136 939.936
56.136 938.476
57.341 937.594
59.672 936.506
62.311 935.814
65.187 935.572
68.061 935.814
70.703 936.506
73.033 937.594
74.729 938.838
74.975 939.018
76.387 940.644
76.459 940.726
77.4 942.661
77.412 942.737
77.824 941.893
78.028 941.503
78.027 928.726
78.028 928.379
77.368 928.011
76.943 927.874
76.285 927.829
75.347 927.824
74.215 927.824
74.215 928.954
71.64 928.954
71.64 927.824
61.473 927.824
61.472 925.318
58.782 925.318
58.783 927.347
58.782 927.824
49.196 927.824
49.196 924.482
46.655 924.482
46.655 927.786
46.66 983.232
46.658 1024
49.203 1024
15
73.681 935.33
73.285 935.19
73.011 934.944
72.909 934.626
73 934.326
73.129 934.172
73.47 933.974
73.912 933.9
74.353 933.974
74.694 934.172
74.888 934.46
74.916 934.626
74.814 934.944
74.539 935.19
74.142 935.33
15
53.432 935.276
53.091 935.078
52.897 934.792
52.877 934.58
52.972 934.306
53.246 934.06
53.642 933.92
54.102 933.92
54.499 934.06
54.773 934.306
54.875 934.626
54.823 934.843
54.654 935.078
54.313 935.276
53.872 935.35
15
73.681 955.116
73.285 954.976
73.011 954.73
72.909 954.412
73 954.112
73.129 953.958
73.47 953.76
73.912 953.686
74.353 953.76
74.694 953.958
74.888 954.246
74.916 954.412
74.814 954.73
74.539 954.976
74.142 955.116
15
53.432 955.062
53.091 954.864
52.897 954.578
52.877 954.366
52.972 954.092
53.246 953.846
53.642 953.706
54.102 953.706
54.499 953.846
54.773 954.092
54.875 954.412
54.823 954.629
54.654 954.864
54.313 955.062
53.872 955.136
15
53.432 974.28
53.091 974.082
52.898 973.794
52.877 973.582
52.972 973.31
53.246 973.062
53.642 972.922
53.872 972.904
54.313 972.978
54.654 973.176
54.849 973.462
54.849 973.794
54.654 974.082
54.313 974.28
53.872 974.352
15
73.681 974.334
73.285 974.194
73.011 973.946
72.909 973.628
73 973.33
73.129 973.176
73.47 972.978
73.912 972.904
74.353 972.978
74.694 973.176
74.888 973.462
74.916 973.628
74.814 973.946
74.539 974.194
74.142 974.334
15
73.681 993.55
73.285 993.41
73.011 993.164
72.909 992.846
73 992.546
73.129 992.392
73.47 992.194
73.912 992.12
74.353 992.194
74.694 992.392
74.888 992.68
74.916 992.846
74.814 993.164
74.539 993.41
74.142 993.55
15
53.432 993.496
53.091 993.298
52.898 993.012
52.877 992.8
52.972 992.526
53.246 992.28
53.643 992.14
53.872 992.12
54.313 992.194
54.654 992.392
54.849 992.68
54.849 993.012
54.654 993.298
54.313 993.496
53.872 993.57
15
53.432 1012.71
53.091 1012.52
52.897 1012.23
52.877 1012.02
52.972 1011.74
53.246 1011.5
53.642 1011.36
53.872 1011.34
54.313 1011.41
54.654 1011.61
54.849 1011.9
54.849 1012.23
54.654 1012.52
54.313 1012.71
53.872 1012.79
15
73.681 1012.77
73.285 1012.63
73.011 1012.38
72.909 1012.06
73 1011.76
73.129 1011.61
73.47 1011.41
73.912 1011.34
74.353 1011.41
74.694 1011.61
74.888 1011.9
74.916 1012.06
74.814 1012.38
74.539 1012.63
74.142 1012.77
212
37.907 968.418
37.908 967.822
37.905 924.482
35.357 924.482
35.357 927.824
25.784 927.824
25.783 925.795
25.784 925.318
23.27 925.318
23.27 927.824
15.141 927.824
15.14 930.441
15.141 930.642
8.931 930.642
8.932 929.448
8.931 929.116
7.091 929.116
6.588 929.124
6.203 929.164
5.847 929.268
5.119 929.668
5.119 941.517
5.718 942.657
5.734 942.737
6.647 940.809
8.013 939.201
8.171 939.018
9.748 937.863
10.113 937.594
12.443 936.506
15.085 935.814
17.959 935.572
20.835 935.814
23.474 936.506
25.804 937.594
27.009 938.475
27.01 939.453
27.009 939.935
27.957 941.031
28.059 941.148
28.783 942.631
28.905 942.882
29.151 944.441
29.202 944.77
28.953 946.359
28.905 946.658
28.138 948.233
28.059 948.392
27.01 949.604
27.01 951.064
25.805 951.946
23.474 953.034
20.835 953.726
17.959 953.97
15.085 953.726
12.443 953.034
10.113 951.946
8.417 950.702
8.171 950.522
6.759 948.896
6.687 948.814
5.746 946.879
5.734 946.803
5.353 947.486
5.118 948.149
5.119 960.72
5.718 961.875
5.734 961.955
6.647 960.027
8.013 958.419
8.171 958.236
9.748 957.079
10.113 956.81
12.443 955.724
15.085 955.032
17.959 954.788
20.835 955.032
23.474 955.724
25.804 956.81
27.009 957.692
27.01 958.671
27.009 959.153
27.957 960.247
28.059 960.364
28.783 961.847
28.905 962.098
29.151 963.658
29.202 963.988
28.953 965.577
28.905 965.876
28.138 967.451
28.059 967.61
27.01 968.82
27.01 970.281
25.805 971.164
23.474 972.25
20.835 972.942
17.959 973.186
15.085 972.942
12.443 972.25
10.113 971.164
8.417 969.918
8.171 969.738
6.759 968.112
6.687 968.03
5.746 966.095
5.734 966.019
5.353 966.702
5.118 967.365
5.119 979.936
5.718 981.091
5.734 981.171
6.647 979.243
8.013 977.635
8.171 977.452
9.748 976.297
10.113 976.028
12.443 974.94
15.085 974.248
17.959 974.004
20.835 974.248
23.474 974.94
25.804 976.028
27.009 976.909
27.01 977.887
27.009 978.369
27.957 979.465
28.059 979.582
28.783 981.065
28.905 981.316
29.151 982.875
29.202 983.204
28.953 984.793
28.905 985.092
28.138 986.667
28.059 986.826
27.01 988.038
27.01 989.498
25.805 990.38
23.474 991.468
20.835 992.16
17.959 992.402
15.085 992.16
12.443 991.468
10.113 990.38
8.417 989.136
8.171 988.956
6.759 987.33
6.687 987.248
5.746 985.313
5.734 985.237
5.353 985.92
5.118 986.583
5.119 999.154
5.718 1000.31
5.734 1000.39
6.647 998.461
8.013 996.853
8.171 996.67
9.748 995.513
10.113 995.244
12.443 994.158
15.085 993.466
17.959 993.222
20.835 993.466
23.474 994.158
25.804 995.244
27.009 996.126
27.01 997.105
27.009 997.587
27.957 998.681
28.059 998.798
28.783 1000.28
28.905 1000.53
29.151 1002.09
29.202 1002.42
28.953 1004.01
28.905 1004.31
28.138 1005.88
28.059 1006.04
27.01 1007.25
27.01 1008.72
25.805 1009.6
23.474 1010.68
20.835 1011.38
17.959 1011.62
15.085 1011.38
12.443 1010.68
10.113 1009.6
8.417 1008.35
8.171 1008.17
6.759 1006.55
6.687 1006.46
5.746 1004.53
5.734 1004.45
5.322 1005.3
5.118 1005.69
5.119 1018.47
5.118 1018.81
5.778 1019.18
6.203 1019.32
6.861 1019.36
11.506 1019.37
11.506 1020.66
21.673 1020.66
21.674 1023.16
24.364 1023.16
24.363 1021.13
24.364 1020.66
35.364 1020.66
35.364 1024
37.906 1024
15
28.519 935.78
28.181 935.582
27.99 935.294
27.99 934.962
28.181 934.676
28.519 934.478
28.952 934.404
29.387 934.478
29.724 934.676
29.914 934.962
29.934 935.174
29.84 935.448
29.57 935.694
29.178 935.834
28.952 935.854
15
8.746 935.78
8.41 935.582
8.219 935.294
8.192 935.128
8.292 934.81
8.563 934.564
8.954 934.424
9.408 934.424
9.798 934.564
10.068 934.81
10.166 935.106
10.142 935.294
9.952 935.582
9.616 935.78
9.18 935.854
15
28.519 954.996
28.181 954.798
27.99 954.512
27.99 954.18
28.181 953.892
28.519 953.696
28.952 953.622
29.387 953.696
29.724 953.892
29.914 954.18
29.934 954.392
29.84 954.664
29.57 954.912
29.178 955.052
28.952 955.07
15
8.746 954.996
8.41 954.798
8.219 954.512
8.192 954.346
8.292 954.028
8.563 953.78
8.954 953.64
9.408 953.64
9.798 953.78
10.068 954.028
10.166 954.324
10.142 954.512
9.952 954.798
9.616 954.996
9.205 955.068
15
28.519 974.214
28.181 974.016
27.99 973.728
27.99 973.396
28.181 973.11
28.519 972.912
28.952 972.838
29.387 972.912
29.724 973.11
29.914 973.396
29.934 973.608
29.84 973.882
29.57 974.128
29.179 974.268
28.952 974.288
15
8.746 974.214
8.41 974.016
8.219 973.728
8.192 973.562
8.292 973.244
8.563 972.998
8.954 972.858
9.408 972.858
9.798 972.998
10.068 973.244
10.166 973.54
10.142 973.728
9.952 974.016
9.616 974.214
9.18 974.288
16
28.727 993.486
28.334 993.346
28.065 993.098
27.982 992.89
27.965 992.78
28.016 992.563
28.181 992.326
28.519 992.128
28.952 992.056
29.387 992.128
29.724 992.326
29.914 992.614
29.934 992.826
29.84 993.098
29.57 993.346
29.179 993.486
15
8.746 993.43
8.41 993.232
8.219 992.946
8.192 992.78
8.292 992.462
8.563 992.214
8.954 992.074
9.408 992.074
9.798 992.214
10.068 992.462
10.166 992.758
10.142 992.946
9.952 993.232
9.616 993.43
9.18 993.504
15
28.727 1013.27
28.334 1013.13
28.065 1012.88
27.982 1012.68
27.99 1012.4
28.181 1012.11
28.519 1011.91
28.952 1011.84
29.387 1011.91
29.724 1012.11
29.914 1012.4
29.934 1012.61
29.84 1012.88
29.57 1013.13
29.179 1013.27
15
8.746 1013.22
8.41 1013.02
8.219 1012.73
8.192 1012.57
8.292 1012.25
8.563 1012
8.954 1011.86
9.408 1011.86
9.798 1012
10.068 1012.25
10.166 1012.54
10.142 1012.73
9.952 1013.02
9.616 1013.22
9.18 1013.29
